-99.94647308096509
-93.79599518697444
-83.03598663257904
-70.12274194959679
-61.11074417450995
-52.5781814616828
-44.44462791274503
-38.31753911537679
-31.97139137226249
-22.87091134437543
-15.98569568613124
-10.37949832907238
-5.717727836093857
-2.1913356859249
-0.001672716219841032
1.603960836331949
3.819421510906872
6.776657461554547
10.75715215693438
16.74100334185524
22.87091134437543
28.10200240651278
33.48200668371048
41.51799331628952
52.5781814616828
63.94278274452498
76.63507823075358
91.48364537750172
97.42181853831721
99.94647308096509
