7.519968754654202e-05
0.004060559506585088
0.01070245812974745
0.02414721049045062
0.03835278950954938
0.0644289202499146
0.0801939528866861
0.1035950837405051
0.1362498758766311
0.1678098325189898
0.2071901674810102
0.2577156809996584
0.3207758115467444
0.398889858434202
0.4775002482467379
0.556822316076395
0.648889858434202
0.693177683923605
0.7358019408755501
0.7853879057733721
0.8321901674810102
0.8806249379383155
0.9002775353914495
0.9160950837405051
0.9415605595065851
0.9616472104904507
0.9775969764433431
0.9892975418702525
0.9971875310308422
0.9999248003124535
