-0.894601876266151
-0.5975239152858434
-0.5975239152858434
-1.35521089773818e-22
-0.6503755744030962
-0.4808006103789497
-0.4808006103789497
-1.654047107679206e-22
-0.3822971221490953
-0.3373515390071845
-0.3373515390071845
-2.30555172620885e-22
-0.1304014702157036
-0.1695324540674631
-0.1695324540674631
-4.515688317183183e-22
-0.04185333999888163
-0.08516675333712873
-0.08516675333712873
-9.187433049725875e-22
-0.005196997959616226
-0.02609638262897698
-0.02609638262897698
-3.383998577664432e-21
-0.001472377634943859
-0.01322855634755971
-0.01322855634755971
-7.4432654213142e-21
-0.000226454343247427
-0.00497142172932583
-0.00497142172932583
-2.398350244751707e-20
-1.661257945946952e-05
-0.001310527053842378
-0.001310527053842378
-1.227446035490592e-19
-1.330255466458389e-06
-0.0003670999432896021
-0.0003670999432896021
-5.947276887901506e-19
-5.701230863947721e-08
-7.563558464351806e-05
-7.563558464351806e-05
-4.260408739869029e-18
-1.14992998803223e-09
-1.000764414850445e-05
-1.000764414850445e-05
-5.328424944684793e-17
-9.963632990655052e-10
-8.029775365593232e-07
-8.029775365593232e-07
-1.24718876221457e-15
-1.031178951736984e-08
-3.52937201090147e-08
-3.52937201090147e-08
-6.196652827187853e-14
-1.090273033838457e-07
-1.520871770308372e-09
-1.520871770308372e-09
-3.156167844781831e-12
-1.177631356755226e-06
-6.369816301987739e-11
-6.369816301987739e-11
-1.665777180865788e-10
-1.864413029481396e-05
-1.602322241225906e-12
-1.602322241225906e-12
-1.6627930051595e-08
-7.039808997321081e-05
-2.725157020298281e-13
-2.725157020298281e-13
-1.522425677319468e-07
-0.0002528746320175898
-4.953730171690448e-14
-4.953730171690448e-14
-1.282655653311715e-06
-0.001119315690828306
-6.816099311079718e-15
-6.816099311079718e-15
-1.53057856303553e-05
-0.004557550733930015
-1.048328395563314e-15
-1.048328395563314e-15
-0.0001589109508966882
-0.01948857649602
-1.510425147826264e-16
-1.510425147826264e-16
-0.001790199796820331
-0.03514233035220513
-6.88174573916919e-17
-6.88174573916919e-17
-0.004782469785616797
-0.05648261249048871
-3.655271699961889e-17
-3.655271699961889e-17
-0.0105469268333331
-0.1212551641987935
-1.319893955079332e-17
-1.319893955079332e-17
-0.03767920347825723
-0.2215164049576384
-5.910145497310054e-18
-5.910145497310054e-18
-0.1028674081636452
-0.3574479039660791
-3.122643166209164e-18
-3.122643166209164e-18
-0.2283613304553826
-0.5077588301998288
-1.95552205727168e-18
-1.95552205727168e-18
-0.4099181184090723
-0.6433611727302958
-1.426262845063801e-18
-1.426262845063801e-18
-0.6081714829869251
-0.6984225865454605
-1.27834574718344e-18
-1.27834574718344e-18
-0.6973729528589607
