-0.9000000000000655
-0.6
-0.6
-1.350124893574742e-22
-0.8307381835040212
-0.5679238377508236
-0.5679238377508236
-1.419418317292902e-22
-0.7668065883683457
-0.5376836514197239
-0.5376836514197239
-1.492268136862624e-22
-0.707795013688878
-0.5091683330758502
-0.5091683330758502
-1.568856879726968e-22
-0.653324826627846
-0.482273778080798
-0.482273778080798
-1.649376441315255e-22
-0.603046533012066
-0.4569024314000298
-0.4569024314000298
-1.734028565842935e-22
-0.556637534892009
-0.4329628638218933
-0.4329628638218933
-1.823025351787845e-22
-0.5138000606736819
-0.410369376091512
-0.410369376091512
-1.916589783309372e-22
-0.4742592545425371
-0.3890416291004577
-0.3890416291004577
-2.014956288942149e-22
-0.4377614129206828
-0.3689042983977419
-0.3689042983977419
-2.118371328963801e-22
-0.4040723566420673
-0.3498867514039091
-0.3498867514039091
-2.227094012908717e-22
-0.3729759284011124
-0.3319227458184374
-0.3319227458184374
-2.341396748774921e-22
-0.3442726058340552
-0.3149501478117787
-0.3149501478117787
-2.461565925550585e-22
-0.317778221334183
-0.2989106686876975
-0.2989106686876975
-2.587902630770325e-22
-0.2933227803869843
-0.2837496187895461
-0.2837496187895461
-2.720723404899235e-22
-0.2707493708433579
-0.2694156775061819
-0.2694156775061819
-2.86036103443472e-22
-0.2499131561325104
-0.2558606783097794
-0.2558606783097794
-3.007165385713076e-22
-0.2306804459547465
-0.2430394078291914
-0.2430394078291914
-3.161504281510397e-22
-0.2129278384914874
-0.2309094180291205
-0.2309094180291205
-3.32376442263369e-22
-0.1965414286287248
-0.2194308506274892
-0.2194308506274892
-3.494352356811488e-22
-0.1814160771136778
-0.2085662729413548
-0.2085662729413548
-3.673695497311612e-22
-0.1674547359553793
-0.1982805244057744
-0.1982805244057744
-3.862243193838191e-22
-0.1545678257407977
-0.1885405730604678
-0.1885405730604678
-4.060467858391e-22
-0.1426726608711979
-0.1793153813461624
-0.1793153813461624
-4.268866148908056e-22
-0.1316929190309191
-0.1705757805964058
-0.1705757805964058
-4.487960213657274e-22
-0.1215581514845467
-0.1622943536515692
-0.1622943536515692
-4.718298999494927e-22
-0.1122033310604268
-0.1544453250599694
-0.1544453250599694
-4.960459627268673e-22
-0.1035684349202729
-0.1470044583666722
-0.1470044583666722
-5.215048837811309e-22
-0.09559805943781018
-0.1399489600237878
-0.1399489600237878
-5.482704512148674e-22
-0.0882410647154268
-0.1332573894870917
-0.1332573894870917
-5.764097269729742e-22
-0.08145024645795955
-0.1269095750927421
-0.1269095750927421
-6.05993214868419e-22
-0.07518203309827805
-0.1208865353348713
-0.1208865353348713
-6.370950372317016e-22
-0.06939620623134855
-0.1151704051900209
-0.1151704051900209
-6.697931206266033e-22
-0.06405564256301423
-0.1097443671578998
-0.1097443671578998
-7.041693910975583e-22
-0.05912607571777113
-0.1045925867098778
-0.1045925867098778
-7.403099794378627e-22
-0.05457587637724003
-0.09970015185709782
-0.09970015185709782
-7.78305436993018e-22
-0.05037584933864759
-0.09505301656918351
-0.09505301656918351
-8.182509625398508e-22
-0.04649904619119512
-0.09063794779234671
-0.09063794779234671
-8.602466408099867e-22
-0.042920592408399
-0.0864424758323258
-0.0864424758323258
-9.043976932551796e-22
-0.03961752774698533
-0.08245484788310781
-0.08245484788310781
-9.508147416828534e-22
-0.03656865892829835
-0.07866398449687033
-0.07866398449687033
-9.996140854224224e-22
-0.03375442365699029
-0.0750594388040962
-0.0750594388040962
-1.05091799271682e-21
-0.03115676510450298
-0.07163135830542847
-0.07163135830542847
-1.104855007069296e-21
-0.02875901605199616
-0.06837044906860693
-0.06837044906860693
-1.161560269313063e-21
-0.02654579194935485
-0.06526794217481574
-0.06526794217481574
-1.221175856210791e-21
-0.02450289220411631
-0.06231556226902875
-0.06231556226902875
-1.283851136432277e-21
-0.02261720906696136
-0.05950549807851145
-0.05950549807851145
-1.349743144802191e-21
-0.02087664352915761
-0.05683037477257508
-0.05683037477257508
-1.419016975755591e-21
-0.01927002769233105
-0.05428322804501875
-0.05428322804501875
-1.491846196987079e-21
-0.01778705311247195
-0.05185747980848318
-0.05185747980848318
-1.568413284329983e-21
-0.01641820465841208
-0.0495469153972072
-0.0495469153972072
-1.648910078955044e-21
-0.01515469946039314
-0.04734566218146474
-0.04734566218146474
-1.733538268034391e-21
-0.01398843055700516
-0.04524816950329497
-0.04524816950329497
-1.822509890074868e-21
-0.01291191487891984
-0.04324918984905338
-0.04324918984905338
-1.916047866186944e-21
-0.01191824523566961
-0.04134376117983354
-0.04134376117983354
-2.014386558620377e-21
-0.01100104599740764
-0.03952719034596597
-0.03952719034596597
-2.117772357966015e-21
-0.01015443218729211
-0.03779503751661499
-0.03779503751661499
-2.226464300494828e-21
-0.009372971722021303
-0.03614310155999083
-0.03614310155999083
-2.340734717181302e-21
-0.008651650558245535
-0.03456740631389193
-0.03456740631389193
-2.460869916036868e-21
-0.007985840521226681
-0.03306418769021389
-0.03306418769021389
-2.587170899463481e-21
-0.007371269609325969
-0.03162988156072277
-0.03162988156072277
-2.719954118424173e-21
-0.00680399458378638
-0.03026111237481053
-0.03026111237481053
-2.859552265320712e-21
-0.006280375667938883
-0.02895468246314457
-0.02895468246314457
-3.0063151075645e-21
-0.005797053193496379
-0.02770756198410698
-0.02770756198410698
-3.160610363929441e-21
-0.005350926044092204
-0.02651687947270579
-0.02651687947270579
-3.322824625882568e-21
-0.004939131757751601
-0.0253799129542446
-0.0253799129542446
-3.493364326200797e-21
-0.004559028160628737
-0.02429408158746853
-0.02429408158746853
-3.672656757300596e-21
-0.004208176414166728
-0.02325693780417712
-0.02325693780417712
-3.861151141832098e-21
-0.003884325366907127
-0.02226615991441791
-0.02226615991441791
-4.059319758220192e-21
-0.003585397110546189
-0.02131954514835802
-0.02131954514835802
-4.267659123972595e-21
-0.003309473647561962
-0.0204150031077846
-0.0204150031077846
-4.486691239719399e-21
-0.003054784584868513
-0.01955054960191792
-0.01955054960191792
-4.716964897101764e-21
-0.002819695774536625
-0.01872430084383882
-0.01872430084383882
-4.959057053786018e-21
-0.002602698828697078
-0.01793446798534601
-0.01793446798534601
-5.213574279048595e-21
-0.002402401441351556
-0.01717935196947267
-0.01717935196947267
-5.481154273553908e-21
-0.002217518454993469
-0.01645733868121347
-0.01645733868121347
-5.762467467132916e-21
-0.002046863614719997
-0.01576689437824938
-0.01576689437824938
-6.058218698565274e-21
-0.001889341956927663
-0.01510656138461255
-0.01510656138461255
-6.369148981574478e-21
-0.001743942783755389
-0.01447495403131351
-0.01447495403131351
-6.69603736146042e-21
-0.001609733178197435
-0.01387075482896357
-0.01387075482896357
-7.039702867021065e-21
-0.001485852018277447
-0.01329271085836884
-0.01329271085836884
-7.401006562653896e-21
-0.001371504451877199
-0.01273963036595618
-0.01273963036595618
-7.780853705779358e-21
-0.001265956796769082
-0.01221037955171687
-0.01221037955171687
-8.1801960149905e-21
-0.001168531833129725
-0.01170387953812669
-0.01170387953812669
-8.600034054613346e-21
-0.001078604458330356
-0.01121910350922371
-0.01121910350922371
-9.041419741650854e-21
-0.0009955976761239441
-0.01075507400970098
-0.01075507400970098
-9.505458981393429e-21
-0.0009189788944947675
-0.01031086039450405
-0.01031086039450405
-9.993314438298251e-21
-0.0008482565084165149
-0.009885576420015033
-0.009885576420015033
-1.050620844907998e-20
-0.0007829767455930044
-0.009478377968458516
-0.009478377968458516
-1.104542608531351e-20
-0.0007227207549430731
-0.009088460897683262
-0.009088460897683262
-1.161231837321945e-20
-0.000667101919148582
-0.008715059008958401
-0.008715059008958401
-1.220830567870137e-20
-0.0006157633740222206
-0.008357442125877031
-0.008357442125877031
-1.283488126611636e-20
-0.0005683757187787449
-0.008014914277885277
-0.008014914277885277
-1.349361503969376e-20
-0.0005246349025181818
-0.007686811982352547
-0.007686811982352547
-1.418615747697874e-20
-0.0004842602733601578
-0.007372502619471629
-0.007372502619471629
-1.491424376415334e-20
-0.0004469927777121248
-0.007071382894626135
-0.007071382894626135
-1.567969814359912e-20
-0.0004125932981175245
-0.006782877383189454
-0.006782877383189454
-1.648443848459134e-20
-0.0003808411190191337
-0.006506437153025737
-0.006506437153025737
-1.733048108857915e-20
-0.0003515325105935347
-0.006241538460249934
-0.006241538460249934
-1.821994574109056e-20
-0.0003244794215702502
-0.005987681514072734
-0.005987681514072734
-1.915506102291953e-20
-0.0002995082726483492
-0.00574438930680795
-0.00574438930680795
-2.013816989390259e-20
-0.0002764588427687808
-0.005511206505355715
-0.005511206505355715
-2.117173556327704e-20
-0.0002551832410964873
-0.005287698400696037
-0.005287698400696037
-2.225834766132572e-20
-0.0002355449581162809
-0.005073449912134482
-0.005073449912134482
-2.34007287277757e-20
-0.0002174179897540776
-0.004868064643236023
-0.004868064643236023
-2.460174103320337e-20
-0.0002006860289036406
-0.004671163986565374
-0.004671163986565374
-2.586439375054165e-20
-0.0001852417191714578
-0.004482386274522718
-0.004482386274522718
-2.719185049465428e-20
-0.000170985966051607
-0.004301385973724291
-0.004301385973724291
-2.858743724886786e-20
-0.0001578273011109321
-0.004127832920527309
-0.004127832920527309
-3.005465069832675e-20
-0.000145681295104984
-0.003961411595439832
-0.003961411595439832
-3.159716699104294e-20
-0.0001344700162591363
-0.003801820434288469
-0.003801820434288469
-3.321885094859645e-20
-0.0001241215302390714
-0.003648771174140923
-0.003648771174140923
-3.492376574956513e-20
-0.0001145694386023246
-0.003501988232096964
-0.003501988232096964
-3.671618310994055e-20
-0.0001057524527694785
-0.003361208115170748
-0.003361208115170748
-3.860059398604457e-20
-9.761400078149981e-05
-0.003226178859590166
-0.003226178859590166
-4.058171982675523e-20
-9.010186432007799e-05
-0.00309665949793529
-0.00309665949793529
-4.266452440324291e-20
-8.316784366199772e-05
-0.002972419552628599
-0.002972419552628599
-4.485422624584838e-20
-7.676744841781015e-05
-0.002853238554374745
-0.002853238554374745
-4.715631171927034e-20
-7.085961207050579e-05
-0.002738905584227541
-0.002738905584227541
-4.957654876882011e-20
-6.540642848259828e-05
-0.002629218838036986
-0.002629218838036986
-5.212100137218381e-20
-6.037290868098414e-05
-0.002523985212099735
-0.002523985212099735
-5.479604473290205e-20
-5.572675635904927e-05
-0.002423019908902759
-0.002423019908902759
-5.760838125363934e-20
-5.143816065558894e-05
-0.002326146061912377
-0.002326146061912377
-6.056505732925511e-20
-4.747960488095924e-05
-0.002233194378419448
-0.002233194378419448
-6.367348100176406e-20
-4.382568996319994e-05
-0.002144002799506755
-0.002144002799506755
-6.694144052140771e-20
-4.04529714813153e-05
-0.002058416176256461
-0.002058416176256461
-7.037712386035588e-20
-3.733980924007835e-05
-0.001976285961364394
-0.001976285961364394
-7.398913922791975e-20
-3.446622842119315e-05
-0.001897469915373855
-0.001897469915373855
-7.778653663867888e-20
-3.181379141992688e-05
-0.00182183182678491
-0.00182183182678491
-8.177883058757477e-20
-2.936547954488372e-05
-0.001749241245335844
-0.001749241245335844
-8.597602388876442e-20
-2.710558382187712e-05
-0.001679573227791806
-0.001679573227791806
-9.038863273797456e-20
-2.501960420127117e-05
-0.001612708095611781
-0.001612708095611781
-9.502771306115489e-20
-2.309415652208047e-05
-0.001548531203899055
-0.001548531203899055
-9.990488821543244e-20
-2.131688663588712e-05
-0.001486932721072374
-0.001486932721072374
-1.050323781117923e-19
-1.967639113957278e-05
-0.001427807418725217
-0.001427807418725217
-1.104230298324314e-19
-1.816214420826729e-05
-0.001371054471169063
-0.001371054471169063
-1.160903498195206e-19
-1.676443005905612e-05
-0.001316577264183383
-0.001316577264183383
-1.220485377160016e-19
-1.547428061211717e-05
-0.001264283212520385
-0.001264283212520385
-1.283125219432271e-19
-1.428341794930481e-05
-0.001214083585736408
-0.001214083585736408
-1.348979971045778e-19
-1.318420120098234e-05
-0.001165893341944419
-0.001165893341944419
-1.418214633087676e-19
-1.216957752031448e-05
-0.001119630969103249
-0.001119630969103249
-1.491002675113655e-19
-1.123303683045954e-05
-0.001075218333479316
-0.001075218333479316
-1.56752646978129e-19
-1.036857005430803e-05
-0.001032580534935493
-0.001032580534935493
-1.647977749790204e-19
-9.570630558758929e-06
-0.000991645768719629
-0.000991645768719629
-1.73255808827428e-19
-8.834098566151338e-06
-0.0009523451934421688
-0.0009523451934421688
-1.8214794038492e-19
-8.154248304505702e-06
-0.0009146128049481965
-0.0009146128049481965
-1.914964491581076e-19
-7.526717685802908e-06
-0.0008783853158043358
-0.0008783853158043358
-2.013247581206259e-19
-6.947480317749537e-06
-0.0008436020401351712
-0.0008436020401351712
-2.116574924000982e-19
-6.412819669449552e-06
-0.0008102047835572833
-0.0008102047835572833
-2.225205409771603e-19
-5.919305225223513e-06
-0.0007781377379717692
-0.0007781377379717692
-2.339411215510813e-19
-5.463770473571816e-06
-0.0007473473809880836
-0.0007473473809880836
-2.459478487345345e-19
-5.043292590054015e-06
-0.0007177823797634746
-0.0007177823797634746
-2.585708057483931e-19
-4.655173683724496e-06
-0.000689393499053023
-0.000689393499053023
-2.718416197961438e-19
-4.296923486796901e-06
-0.0006621335132754892
-0.0006621335132754892
-2.857935413068222e-19
-3.966243376470051e-06
-0.0006359571224098219
-0.0006359571224098219
-3.004615272449622e-19
-3.661011626395424e-06
-0.0006108208715463122
-0.0006108208715463122
-3.158823286963512e-19
-3.379269793155858e-06
-0.0005866830739250088
-0.0005866830739250088
-3.32094582948981e-19
-3.119210150407915e-06
-0.000563503737302221
-0.000563503737302221
-3.491389102999569e-19
-2.879164090062114e-06
-0.000541244493493672
-0.000541244493493672
-3.670580158308945e-19
-2.657591416080247e-06
-0.0005198685309502325
-0.0005198685309502325
-3.858967964067989e-19
-2.453070462196117e-06
-0.0004993405302291293
-0.0004993405302291293
-4.057024531665205e-19
-2.264288970152487e-06
-0.0004796266022301128
-0.0004796266022301128
-4.265246097866646e-19
-2.090035669926844e-06
-0.0004606942290723577
-0.0004606942290723577
-4.484154368152043e-19
-1.929192507922546e-06
-0.0004425122074937835
-0.0004425122074937835
-4.71429782386401e-19
-1.780727473259558e-06
-0.0004250505946601371
-0.0004250505946601371
-4.956253096444521e-19
-1.643687976136495e-06
-0.0004082806562765185
-0.0004082806562765185
-5.210626412202779e-19
-1.517194735777839e-06
-0.0003921748168990979
-0.0003921748168990979
-5.478055111233667e-19
-1.400436138749969e-06
-0.0003767066123496041
-0.0003767066123496041
-5.759209244292494e-19
-1.292663031447492e-06
-0.0003618506441397223
-0.0003618506441397223
-6.054793251628043e-19
-1.193183913337246e-06
-0.0003475825358168953
-0.0003475825358168953
-6.365547727978828e-19
-1.10136050011859e-06
-0.0003338788911471374
-0.0003338788911471374
-6.692251278155677e-19
-1.016603628332152e-06
-0.0003207172540543965
-0.0003207172540543965
-7.035722467860126e-19
-9.383694751399759e-07
-0.0003080760702397206
-0.0003080760702397206
-7.396821874625356e-19
-8.66156069022232e-07
-0.0002959346504070231
-0.0002959346504070231
-7.776454244019832e-19
-7.995000690022928e-07
-0.0002842731350256153
-0.0002842731350256153
-8.175570756514474e-19
-7.379737917348436e-07
-0.0002730724605628623
-0.0002730724605628623
-8.59517141069475e-19
-6.811824673821275e-07
-0.0002623143271233723
-0.0002623143271233723
-9.036307528787223e-19
-6.287617066713184e-07
-0.0002519811674340171
-0.0002519811674340171
-9.500084390779577e-19
-5.803751628810411e-07
-0.0002420561171168382
-0.0002420561171168382
-9.987664003733454e-19
-5.357123737557825e-07
-0.000232522986194516
-0.000232522986194516
-1.050026801322845e-18
-4.944867695013571e-07
-0.0002233662317755703
-0.0002233662317755703
-1.103918076423211e-18
-4.564338340802536e-07
-0.0002145709318688394
-0.0002145709318688394
-1.160575251906588e-18
-4.213094080092628e-07
-0.0002061227602790417
-0.0002061227602790417
-1.220140284052795e-18
-3.888881217697155e-07
-0.0001980079625373798
-0.0001980079625373798
-1.282762414865169e-18
-3.589619497787145e-07
-0.0001902133328232009
-0.0001902133328232009
-1.348598546000895e-18
-3.313388756432719e-07
-0.0001827261918346757
-0.0001827261918346757
-1.417813631892908e-18
-3.058416601332788e-07
-0.0001755343655683231
-0.0001755343655683231
-1.490581093048329e-18
-2.823067039683505e-07
-0.000168626164968987
-0.000168626164968987
-1.567083250558662e-18
-2.605829981218598e-07
-0.0001619903664135518
-0.0001619903664135518
-1.647511782911015e-18
-2.405311549070817e-07
-0.0001556161929933095
-0.0001556161929933095
-1.732068206244313e-18
-2.220225136286438e-07
-0.0001494932965614188
-0.0001494932965614188
-1.820964379254101e-18
-2.049383150609112e-07
-0.0001436117405133658
-0.0001436117405133658
-1.914423034011038e-18
-1.89168939456575e-07
-0.0001379619832697423
-0.0001379619832697423
-2.012678334022799e-18
-1.746132031962883e-07
-0.0001325348624319768
-0.0001325348624319768
-2.115976460937975e-18
-1.611777095665012e-07
-0.0001273215795829422
-0.0001273215795829422
-2.224576231361609e-18
-1.487762494999101e-07
-0.0001223136857055715
-0.0001223136857055715
-2.338749745328118e-18
-1.373292484335199e-07
-0.0001175030671937709
-0.0001175030671937709
-2.458783068056281e-18
-1.267632557352339e-07
-0.0001128819324310362
-0.0001128819324310362
-2.584976946694243e-18
-1.170104734229848e-07
-0.000108442798913222
-0.000108442798913222
-2.717647563850776e-18
-1.08008321152564e-07
-0.0001041784808929357
-0.0001041784808929357
-2.857127329800399e-18
-9.969903468299433e-08
-0.0001000820775239844
-0.0001000820775239844
-3.003765715347404e-18
-9.202929524309665e-08
-9.614696148522526e-05
-9.614696148522526e-05
-3.157930127435646e-18
-8.494988742117341e-08
-9.236676806404963e-05
-9.236676806404963e-05
-3.320006829697878e-18
-7.841538338274424e-08
-8.873538468057649e-05
-8.873538468057649e-05
-3.490401910251023e-18
-7.238385139018354e-08
-8.524694083442156e-05
-8.524694083442156e-05
-3.669542299162269e-18
-6.681658675405701e-08
-8.189579845669123e-05
-8.189579845669123e-05
-3.857876838135412e-18
-6.167786348986446e-08
-7.867654265057265e-05
-7.867654265057265e-05
-4.055877405097504e-18
-5.693470508675331e-08
-7.55839728045963e-05
-7.55839728045963e-05
-4.264040096503189e-18
-5.255667291739915e-08
-7.261309406332149e-05
-7.261309406332149e-05
-4.482886470319688e-18
-4.85156709314265e-08
-6.975910914082739e-05
-6.975910914082739e-05
-4.712964852806099e-18
-4.478576537923803e-08
-6.701741046301515e-05
-6.701741046301515e-05
-4.95485171236148e-18
-4.134301840954663e-08
-6.438357262530627e-05
-6.438357262530627e-05
-5.209153103884047e-18
-3.816533447292803e-08
-6.185334515288535e-05
-6.185334515288535e-05
-5.476506187260273e-18
-3.523231854587611e-08
-5.942264555117187e-05
-5.942264555117187e-05
-5.757580823788333e-18
-3.252514526568667e-08
-5.708755263471881e-05
-5.708755263471881e-05
-6.05308125453592e-18
-3.002643813650149e-08
-5.48443001232264e-05
-5.48443001232264e-05
-6.363747864837768e-18
-2.772015803146387e-08
-5.268927049383004e-05
-5.268927049383004e-05
-6.690359039353819e-18
-2.559150027558225e-08
-5.061898907927032e-05
-5.061898907927032e-05
-7.033733112335388e-18
-2.362679964895498e-08
-4.863011840198411e-05
-4.863011840198411e-05
-7.394730417986895e-18
-2.181344270082741e-08
-4.671945273456731e-05
-4.671945273456731e-05
-7.774255446059301e-18
-2.013978681186107e-08
-4.488391287745436e-05
-4.488391287745436e-05
-8.173259108076629e-18
-1.859508548529213e-08
-4.31205411450373e-05
-4.31205411450373e-05
-8.592741119873868e-18
-1.716941938762277e-08
-4.142649655180841e-05
-4.142649655180841e-05
-9.033752506415579e-18
-1.58536326963788e-08
-3.979905019045717e-05
-3.979905019045717e-05
-9.497398235170881e-18
-1.463927434651879e-08
-3.823558079418326e-05
-3.823558079418326e-05
-9.984839984642977e-18
-1.351854379850981e-08
-3.673357047580505e-05
-3.673357047580505e-05
-1.049729905499015e-17
-1.248424098009785e-08
-3.529060063654749e-05
-3.529060063654749e-05
-1.103605942803079e-17
-1.152972008057928e-08
-3.39043480376839e-05
-3.39043480376839e-05
-1.160247098429842e-17
-1.06488469010988e-08
-3.257258102848596e-05
-3.257258102848596e-05
-1.219795288520905e-17
-9.835959487314962e-09
-3.129315592420304e-05
-3.129315592420304e-05
-1.282399712881315e-17
-9.085831791834939e-09
-3.006401352804855e-05
-3.006401352804855e-05
-1.348217228804204e-17
-8.393640133259448e-09
-2.8883175791416e-05
-2.8883175791416e-05
-1.417412744081533e-17
-7.754932236622425e-09
-2.77487426067832e-05
-2.77487426067832e-05
-1.490159630185611e-17
-7.165598656572539e-09
-2.665888872798779e-05
-2.665888872798779e-05
-1.566640156656584e-17
-6.621846399931712e-09
-2.561186081277405e-05
-2.561186081277405e-05
-1.647045947784303e-17
-6.120174578377195e-09
-2.46059745827172e-05
-2.46059745827172e-05
-1.731578462728839e-17
-5.657351935019338e-09
-2.363961209583046e-05
-2.363961209583046e-05
-1.820449500282584e-17
-5.2303961006702e-09
-2.271121912735005e-05
-2.271121912735005e-05
-1.9138817295385e-17
-4.836554446696023e-09
-2.181930265437574e-05
-2.181930265437574e-05
-2.012109247794399e-17
-4.473286411590338e-09
-2.09624284402195e-05
-2.09624284402195e-05
-2.115378167090825e-17
-4.138247187859912e-09
-2.01392187144821e-05
-2.01392187144821e-05
-2.223947230852241e-17
-3.829272664543535e-09
-1.934834994503873e-05
-1.934834994503873e-05
-2.338088462176587e-17
-3.54436552873973e-09
-1.858855069826822e-05
-1.858855069826822e-05
-2.45808784539748e-17
-3.28168243695566e-09
-1.785859958400863e-05
-1.785859958400863e-05
-2.584246042626648e-17
-3.039522173953318e-09
-1.715732328186363e-05
-1.715732328186363e-05
-2.716879147071973e-17
-2.816314723104814e-09
-1.648359464561963e-05
-1.648359464561963e-05
-2.856319475018693e-17
-2.610611178116603e-09
-1.583633088266452e-05
-1.583633088266452e-05
-3.002916398458039e-17
-2.421074431380577e-09
-1.521449180542332e-05
-1.521449180542332e-05
-3.157037220449271e-17
-2.24647057919255e-09
-1.461707815194632e-05
-1.461707815194632e-05
-3.319068095408828e-17
-2.085660988677862e-09
-1.40431299729001e-05
-1.40431299729001e-05
-3.489414996631927e-17
-1.937594975509048e-09
-1.349172508232224e-05
-1.349172508232224e-05
-3.668504733470979e-17
-1.801303045419116e-09
-1.296197756960616e-05
-1.296197756960616e-05
-3.856786020719467e-17
-1.675890656130932e-09
-1.245303637028437e-05
-1.245303637028437e-05
-4.054730602880596e-17
-1.560532459661883e-09
-1.196408389327546e-05
-1.196408389327546e-05
-4.262834436137472e-17
-1.454466988044707e-09
-1.149433470235381e-05
-1.149433470235381e-05
-4.481618930986377e-17
-1.356991748349938e-09
-1.104303424969058e-05
-1.104303424969058e-05
-4.711632258646701e-17
-1.267458695521121e-09
-1.060945765940059e-05
-1.060945765940059e-05
-4.953450724520748e-17
-1.1852700539575e-09
-1.019290855911211e-05
-1.019290855911211e-05
-5.20768021214425e-17
-1.109874461016047e-09
-9.792717957656013e-06
-9.792717957656013e-06
-5.474957701246271e-17
-1.040763407669626e-09
-9.408243167046444e-06
-9.408243167046444e-06
-5.755952863721227e-17
-9.774679534641256e-10
-9.03886676699833e-06
-9.03886676699833e-06
-6.051369741512147e-17
-9.19555694676805e-10
-8.683995610296896e-06
-8.683995610296896e-06
-6.361948510609291e-17
-8.666279662020329e-10
-8.343059867401536e-06
-8.343059867401536e-06
-6.688467335583731e-17
-8.18317259189671e-10
-8.015512108730918e-06
-8.015512108730918e-06
-7.03174431930234e-17
-7.74284837844995e-10
-7.70082642313793e-06
-7.70082642313793e-06
-7.392639552709336e-17
-7.342185400762393e-10
-7.398497571142552e-06
-7.398497571142552e-06
-7.772057269810452e-17
-6.978307478548036e-10
-7.108040171547693e-06
-7.108040171547693e-06
-8.170948113258965e-17
-6.648565142413228e-10
-6.828987920117683e-06
-6.828987920117683e-06
-8.590311516219501e-17
-6.350518350353135e-10
-6.560892839051732e-06
-6.560892839051732e-06
-9.031198206478389e-17
-6.081920539332459e-10
-6.303324556034738e-06
-6.303324556034738e-06
-9.494712839074595e-17
-5.840703909357999e-10
-6.055869611696822e-06
-6.055869611696822e-06
-9.982016764045832e-17
-5.624965845349879e-10
-5.818130794358607e-06
-5.818130794358607e-06
-1.049433093622691e-16
-5.432956389410771e-10
-5.58972650098447e-06
-5.58972650098447e-06
-1.103293897438942e-16
-5.263066682823477e-10
-5.370290123308532e-06
-5.370290123308532e-06
-1.159919037738724e-16
-5.113818303320346e-10
-5.159469458139033e-06
-5.159469458139033e-06
-1.219450390536754e-16
-4.983853428903224e-10
-4.956926140886767e-06
-4.956926140886767e-06
-1.282037113451705e-16
-4.87192576478687e-10
-4.76233510140033e-06
-4.76233510140033e-06
-1.347836019425221e-16
-4.776892174925114e-10
-4.575384041227928e-06
-4.575384041227928e-06
-1.417011969621472e-16
-4.697704964090312e-10
-4.395772931460081e-06
-4.395772931460081e-06
-1.489738286491826e-16
-4.633404760640214e-10
-4.223213530340994e-06
-4.223213530340994e-06
-1.566197188039622e-16
-4.583113953950169e-10
-4.057428919868916e-06
-4.057428919868916e-06
-1.646580244372793e-16
-4.546030644036645e-10
-3.89815306063617e-06
-3.89815306063617e-06
-1.731088857688691e-16
-4.52142306417289e-10
-3.745130364189593e-06
-3.745130364189593e-06
-1.81993476689345e-16
-4.508624440321212e-10
-3.598115282220491e-06
-3.598115282220491e-06
-1.913340578120186e-16
-4.507028253997175e-10
-3.456871911920336e-06
-3.456871911920336e-06
-2.011540322475548e-16
-4.516083877756741e-10
-3.321173616865161e-06
-3.321173616865161e-06
-2.114780042411684e-16
-4.535292554876628e-10
-3.190802662816244e-06
-3.190802662816244e-06
-2.223318408193213e-16
-4.564203696992473e-10
-3.065549867849321e-06
-3.065549867849321e-06
-2.337427366003353e-16
-4.602411475486898e-10
-2.945214266247625e-06
-2.945214266247625e-06
-2.457392819313398e-16
-4.649551684290135e-10
-2.829602785616286e-06
-2.829602785616286e-06
-2.583515345222698e-16
-4.705298853483111e-10
-2.718529936697353e-06
-2.718529936697353e-06
-2.716110947563542e-16
-4.769363594687803e-10
-2.611817515384895e-06
-2.611817515384895e-06
-2.855511848658501e-16
-4.841490160701164e-10
-2.509294316459711e-06
-2.509294316459711e-06
-3.002067321713628e-16
-4.921454203188435e-10
-2.410795858582043e-06
-2.410795858582043e-06
-3.156144565932981e-16
-5.009060713506582e-10
-2.316164120098808e-06
-2.316164120098808e-06
-3.318129626547588e-16
-5.104142132886039e-10
-2.225247285239664e-06
-2.225247285239664e-06
-3.488428362063358e-16
-5.20655661927026e-10
-2.137899500292659e-06
-2.137899500292659e-06
-3.667467461152125e-16
-5.316186459098396e-10
-2.053980639366664e-06
-2.053980639366664e-06
-3.855695511732949e-16
-5.432936613229545e-10
-1.973356079363151e-06
-1.973356079363151e-06
-4.053584124922859e-16
-5.556733387048593e-10
-1.895896483794727e-06
-1.895896483794727e-06
-4.261629116673082e-16
-5.687523215571002e-10
-1.821477595102357e-06
-1.821477595102357e-06
-4.480351750050681e-16
-5.825271555082765e-10
-1.749980035136581e-06
-1.749980035136581e-06
-4.710300041279247e-16
-5.969961873513877e-10
-1.681289113481626e-06
-1.681289113481626e-06
-4.952050132810323e-16
-6.121594732356787e-10
-1.615294643313665e-06
-1.615294643313665e-06
-5.206207736865641e-16
-6.28018695350733e-10
-1.551890764496765e-06
-1.551890764496765e-06
-5.473409653067828e-16
-6.445770864926653e-10
-1.490975773631861e-06
-1.490975773631861e-06
-5.754325363960985e-16
-6.618393619507811e-10
-1.432451960785036e-06
-1.432451960785036e-06
-6.049658712419899e-16
-6.79811658197427e-10
-1.376225452632513e-06
-1.376225452632513e-06
-6.360149665149544e-16
-6.98501477905124e-10
-1.322206061769829e-06
-1.322206061769829e-06
-6.686576166694275e-16
-7.179176408531013e-10
-1.270307141942731e-06
-1.270307141942731e-06
-7.029756088601933e-16
-7.380702403204989e-10
-1.220445448966982e-06
-1.220445448966982e-06
-7.390549278625368e-16
-7.589706045961655e-10
-1.172541007113175e-06
-1.172541007113175e-06
-7.769859715097502e-16
-7.806312632648864e-10
-1.126516980741774e-06
-1.126516980741774e-06
-8.168637771876726e-16
-8.030659179578e-10
-1.082299550981841e-06
-1.082299550981841e-06
-8.587882599537173e-16
-8.262894172805031e-10
-1.039817797255104e-06
-1.039817797255104e-06
-9.028644628771386e-16
-8.50317735655931e-10
-9.990035834549279e-07
-9.990035834549279e-07
-9.492028202275958e-16
-8.751679558414498e-10
-9.597914485970473e-07
-9.597914485970473e-07
-9.979194341716315e-16
-9.008582548996281e-10
-9.221185017663584e-07
-9.221185017663584e-07
-1.049136365670142e-15
-9.274078934212413e-10
-8.859243211908027e-07
-8.859243211908027e-07
-1.102981940305847e-15
-9.548372078164601e-10
-8.511508572801004e-07
-8.511508572801004e-07
-1.159591069806999e-15
-9.831676055062883e-10
-8.177423394735282e-07
-8.177423394735282e-07
-1.219105590072745e-15
-1.012421562861494e-09
-7.85645186746926e-07
-7.85645186746926e-07
-1.281674616547341e-15
-1.04262262574997e-09
-7.548079216351823e-07
-7.548079216351823e-07
-1.347454917833462e-15
-1.073795412566494e-09
-7.25181087631969e-07
-7.25181087631969e-07
-1.416611308480653e-15
-1.105965619630906e-09
-6.967171698339882e-07
-6.967171698339882e-07
-1.489317061933282e-15
-1.139160028851529e-09
-6.693705187022611e-07
-6.693705187022611e-07
-1.56575434467235e-15
-1.173406517561497e-09
-6.430972768178886e-07
-6.430972768178886e-07
-1.646114672639254e-15
-1.208734070444773e-09
-6.17855308514667e-07
-6.17855308514667e-07
-1.730599391084729e-15
-1.245172793477923e-09
-5.936041322754707e-07
-5.936041322754707e-07
-1.819420179045534e-15
-1.282753929821961e-09
-5.703048557837897e-07
-5.703048557837897e-07
-1.912799579712819e-15
-1.321509877606244e-09
-5.479201135261326e-07
-5.479201135261326e-07
-2.010971558020721e-15
-1.361474209553938e-09
-5.264140068449993e-07
-5.264140068449993e-07
-2.114182086852722e-15
-1.402681694405046e-09
-5.05752046346201e-07
-5.05752046346201e-07
-2.222689763334239e-15
-1.445168320099553e-09
-4.859010965679681e-07
-4.859010965679681e-07
-2.336766456755499e-15
-1.488971318689267e-09
-4.668293228230145e-07
-4.668293228230145e-07
-2.456697989748451e-15
-1.534129192952126e-09
-4.485061401281843e-07
-4.485061401281843e-07
-2.582784854423958e-15
-1.580681744688659e-09
-4.309021641396389e-07
-4.309021641396389e-07
-2.715342965264068e-15
-1.628670104684579e-09
-4.139891640148372e-07
-4.139891640148372e-07
-2.854704450655256e-15
-1.678136764328598e-09
-3.977400171255724e-07
-3.977400171255724e-07
-3.001218485046247e-15
-1.729125608878858e-09
-3.821286655493761e-07
-3.821286655493761e-07
-3.155252163815389e-15
-1.78168195237539e-09
-3.671300742694284e-07
-3.671300742694284e-07
-3.317191423039062e-15
-1.835852574200386e-09
-3.527201910158376e-07
-3.527201910158376e-07
-3.487442006466414e-15
-1.891685757291411e-09
-3.388759076838522e-07
-3.388759076838522e-07
-3.666430482122756e-15
-1.949231328016563e-09
-3.255750232670257e-07
-3.255750232670257e-07
-3.854605311088566e-15
-2.008540697724173e-09
-3.127962082458533e-07
-3.127962082458533e-07
-4.052437971132607e-15
-2.069666905982388e-09
-3.005189703747084e-07
-3.005189703747084e-07
-4.260424138013625e-15
-2.132664665528057e-09
-2.887236218121413e-07
-2.887236218121413e-07
-4.479084927411295e-15
-2.197590408946558e-09
-2.77391247541805e-07
-2.77391247541805e-07
-4.708968200597235e-15
-2.264502337107757e-09
-2.665036750332892e-07
-2.665036750332892e-07
-4.950649937118163e-15
-2.333460469386004e-09
-2.560434450941848e-07
-2.560434450941848e-07
-5.20473567793046e-15
-2.404526695694726e-09
-2.459937838665923e-07
-2.459937838665923e-07
-5.471862042601069e-15
-2.477764830369408e-09
-2.363385759231122e-07
-2.363385759231122e-07
-5.752698324377458e-15
-2.553240667934847e-09
-2.270623384191636e-07
-2.270623384191636e-07
-6.04794816712234e-15
-2.631022040795644e-09
-2.181501962601215e-07
-2.181501962601215e-07
-6.358351328314537e-15
-2.711178878891571e-09
-2.095878582434349e-07
-2.095878582434349e-07
-6.684685532534213e-15
-2.793783271361358e-09
-2.013615941374387e-07
-2.013615941374387e-07
-7.027768420075169e-15
-2.878909530262166e-09
-1.934582126600591e-07
-1.934582126600591e-07
-7.38845959556788e-15
-2.966634256393347e-09
-1.85865040322098e-07
-1.85865040322098e-07
-7.767662781744762e-15
-3.057036407276469e-09
-1.785699011011233e-07
-1.785699011011233e-07
-8.166328083745095e-15
-3.150197367345796e-09
-1.715610969133627e-07
-1.715610969133627e-07
-8.585454369632821e-15
-3.24620102040581e-09
-1.648273888522628e-07
-1.648273888522628e-07
-9.026091773090227e-15
-3.345133824415423e-09
-1.583579791636006e-07
-1.583579791636006e-07
-9.489344324560287e-15
-3.447084888660419e-09
-1.521424939282405e-07
-1.521424939282405e-07
-9.976372717428718e-15
-3.552146053378715e-09
-1.461709664247335e-07
-1.461709664247335e-07
-1.048839721617622e-14
-3.660411971905686e-09
-1.404338211450795e-07
-1.404338211450795e-07
-1.102670071378867e-14
-3.771980195408838e-09
-1.349218584379939e-07
-1.349218584379939e-07
-1.159263194608444e-14
-3.886951260284639e-09
-1.296262397550482e-07
-1.296262397550482e-07
-1.218760887101308e-14
-4.005428778292338e-09
-1.245384734760116e-07
-1.245384734760116e-07
-1.281312222139243e-14
-4.127519529502697e-09
-1.196504012906465e-07
-1.196504012906465e-07
-1.347073923998447e-14
-4.253333558142273e-09
-1.149541851151188e-07
-1.149541851151188e-07
-1.416210760627072e-14
-4.382984271416763e-09
-1.104422945220232e-07
-1.104422945220232e-07
-1.488895956476269e-14
-4.516588541399801e-09
-1.06107494663866e-07
-1.06107494663866e-07
-1.565311626519356e-14
-4.654266810076659e-09
-1.019428346706271e-07
-1.019428346706271e-07
-1.645649232546453e-14
-4.796143197635106e-09
-9.794163650278581e-08
-9.794163650278581e-08
-1.730110062877778e-14
-4.942345614099367e-09
-9.40974842419349e-08
-9.40974842419349e-08
-1.818905736697723e-14
-5.093005874405257e-09
-9.040421380179572e-08
-9.040421380179572e-08
-1.912258734273143e-14
-5.248259817019076e-09
-8.685590304313486e-08
-8.685590304313486e-08
-2.01040295438444e-14
-5.408247426205218e-09
-8.344686227672299e-08
-8.344686227672299e-08
-2.113584300366134e-14
-5.573112958051301e-09
-8.017162513909868e-08
-8.017162513909868e-08
-2.222061296225046e-14
-5.743005070363076e-09
-7.70249398265068e-08
-7.70249398265068e-08
-2.336105734380228e-14
-5.918076956544902e-09
-7.400176067294366e-08
-7.400176067294366e-08
-2.456003356647041e-14
-6.098486483585357e-09
-7.109724005880477e-08
-7.109724005880477e-08
-2.582054570172011e-14
-6.284396334271288e-09
-6.830672063715395e-08
-6.830672063715395e-08
-2.714575200112134e-14
-6.475974153757395e-09
-6.562572786514264e-08
-6.562572786514264e-08
-2.853897280944339e-14
-6.673392700623038e-09
-6.304996282860449e-08
-6.304996282860449e-08
-3.00036988838808e-14
-6.876830002550839e-09
-6.057529534831035e-08
-6.057529534831035e-08
-3.154360014025142e-14
-7.086469516767421e-09
-5.819775735683119e-08
-5.819775735683119e-08
-3.316253484808232e-14
-7.302500295389822e-09
-5.591353653538328e-08
-5.591353653538328e-08
-3.48645592976224e-14
-7.525117155826101e-09
-5.371897020044817e-08
-5.371897020044817e-08
-3.665393796299943e-14
-7.754520856383175e-09
-5.161053943036582e-08
-5.161053943036582e-08
-3.85351541869923e-14
-7.990918277239699e-09
-4.958486342247624e-08
-4.958486342247624e-08
-4.051292141418125e-14
-8.23452260694661e-09
-4.763869407176247e-08
-4.763869407176247e-08
-4.25921950006274e-14
-8.485553534623094e-09
-4.57689107622983e-08
-4.57689107622983e-08
-4.477818462966909e-14
-8.744237448020609e-09
-4.397251536314555e-08
-4.397251536314555e-08
-4.70763673649407e-14
-9.01080763763384e-09
-4.224662742067803e-08
-4.224662742067803e-08
-4.949250137332402e-14
-9.285504507041187e-09
-4.058847953961797e-08
-4.058847953961797e-08
-5.203264035221027e-14
-9.568575789665005e-09
-3.899541294538077e-08
-3.899541294538077e-08
-5.470314869722248e-14
-9.860276772146755e-09
-3.746487322060644e-08
-3.746487322060644e-08
-5.751071744840568e-14
-1.016087052453732e-08
-3.599440620904411e-08
-3.599440620904411e-08
-6.04623810548268e-14
-1.047062813751083e-08
-3.458165408021774e-08
-3.458165408021774e-08
-6.356553499960615e-14
-1.078982896681522e-08
-3.322435154856146e-08
-3.322435154856146e-08
-6.682795432952279e-14
-1.111876088517933e-08
-3.192032224096346e-08
-3.192032224096346e-08
-7.025781313563093e-14
-1.145772054190482e-08
-3.066747520688945e-08
-3.066747520688945e-08
-7.386370503369761e-14
-1.180701363037466e-08
-2.946380156549084e-08
-2.946380156549084e-08
-7.765466469576403e-14
-1.216695516372189e-08
-2.830737128432112e-08
-2.830737128432112e-08
-8.164019048679541e-14
-1.253786975890464e-08
-2.71963300844914e-08
-2.71963300844914e-08
-8.58302682631226e-14
-1.292009192944491e-08
-2.612889646730512e-08
-2.612889646730512e-08
-9.023539639230794e-14
-1.331396638709502e-08
-2.510335885760155e-08
-2.510335885760155e-08
-9.48666120571301e-14
-1.371984835270243e-08
-2.411807285922702e-08
-2.411807285922702e-08
-9.973551890957391e-14
-1.41381038765545e-08
-2.317145861823401e-08
-2.317145861823401e-08
-1.048543161441422e-13
-1.456911016849133e-08
-2.226199828957665e-08
-2.226199828957665e-08
-1.102358290633044e-13
-1.501325593808406e-08
-2.138823360324293e-08
-2.138823360324293e-08
-1.158935412116826e-13
-1.547094174518652e-08
-2.054876352591878e-08
-2.054876352591878e-08
-1.21841628159489e-13
-1.594258036117404e-08
-1.974224201443417e-08
-1.974224201443417e-08
-1.280949930198408e-13
-1.642859714119812e-08
-1.896737585739002e-08
-1.896737585739002e-08
-1.346693037889711e-13
-1.692943040778968e-08
-1.822292260150209e-08
-1.822292260150209e-08
-1.415810326028681e-13
-1.74455318461585e-08
-1.750768855933891e-08
-1.750768855933891e-08
-1.488474970087118e-13
-1.797736691154559e-08
-1.682052689525748e-08
-1.682052689525748e-08
-1.564869033545244e-13
-1.852541524899386e-08
-1.616033578646739e-08
-1.616033578646739e-08
-1.645183924057168e-13
-1.909017112591778e-08
-1.552605665627549e-08
-1.552605665627549e-08
-1.729620873028731e-13
-1.967214387786087e-08
-1.491667247667596e-08
-1.491667247667596e-08
-1.818391439808845e-13
-2.027185836784295e-08
-1.433120613756567e-08
-1.433120613756567e-08
-1.911718041757886e-13
-2.088985545971277e-08
-1.376871887996869e-08
-1.376871887996869e-08
-2.009834511521256e-13
-2.152669250593008e-08
-1.322830879075763e-08
-1.322830879075763e-08
-2.112986682904076e-13
-2.218294385022076e-08
-1.270910935645811e-08
-1.270910935645811e-08
-2.221433006815374e-13
-2.285920134555473e-08
-1.221028807381707e-08
-1.221028807381707e-08
-2.335445198824679e-13
-2.35560748879157e-08
-1.1731045114907e-08
-1.1731045114907e-08
-2.455308919953624e-13
-2.427419296634479e-08
-1.127061204462535e-08
-1.127061204462535e-08
-2.581324492408471e-13
-2.501420322975138e-08
-1.082825058853261e-08
-1.082825058853261e-08
-2.713807652046342e-13
-2.577677307100512e-08
-1.040325144905317e-08
-1.040325144905317e-08
-2.853090339461242e-13
-2.65625902288345e-08
-9.994933168140652e-09
-9.994933168140652e-09
-2.99952153167121e-13
-2.737236340807438e-08
-9.602641034583963e-09
-9.602641034583963e-09
-3.153468116490858e-13
-2.820682291882406e-08
-9.225746034201807e-09
-9.225746034201807e-09
-3.315315811780127e-13
-2.906672133508826e-08
-8.863643841242289e-09
-8.863643841242289e-09
-3.485470131871919e-13
-2.995283417350036e-08
-8.515753849370258e-09
-8.515753849370258e-09
-3.664357403600783e-13
-3.086596059273459e-08
-8.1815182406885e-09
-8.1815182406885e-09
-3.852425834477743e-13
-3.180692411424155e-08
-7.860401091299967e-09
-7.860401091299967e-09
-4.050146635687794e-13
-3.277657336495685e-08
-7.551887511976726e-09
-7.551887511976726e-09
-4.258015202724121e-13
-3.377578284264974e-08
-7.25548282255769e-09
-7.25548282255769e-09
-4.476552356616245e-13
-3.480545370460583e-08
-6.970711758751255e-09
-6.970711758751255e-09
-4.706305648863343e-13
-3.586651458035256e-08
-6.697117710070893e-09
-6.697117710070893e-09
-4.947850733341005e-13
-3.695992240916075e-08
-6.434261987681753e-09
-6.434261987681753e-09
-5.20179280861954e-13
-3.808666330307996e-08
-6.181723120984213e-09
-6.181723120984213e-09
-5.468768134307697e-13
-3.924775343628066e-08
-5.939096181806469e-09
-5.939096181806469e-09
-5.749445625220137e-13
-4.044423996151256e-08
-5.705992135122455e-09
-5.705992135122455e-09
-6.044528527364163e-13
-4.16772019544984e-08
-5.482037215254009e-09
-5.482037215254009e-09
-6.354756179943939e-13
-4.294775138711946e-08
-5.266872326556969e-09
-5.266872326556969e-09
-6.680905867797273e-13
-4.425703413027065e-08
-5.060152467630242e-09
-5.060152467630242e-09
-7.023794768906844e-13
-4.560623098728529e-08
-4.861546178124514e-09
-4.861546178124514e-09
-7.384282001863945e-13
-4.699655875886681e-08
-4.670735007263598e-09
-4.670735007263598e-09
-7.763270778416899e-13
-4.842927134048467e-08
-4.487413003226167e-09
-4.487413003226167e-09
-8.161710666495262e-13
-4.990566085322417e-08
-4.311286222569118e-09
-4.311286222569118e-09
-8.580599969381175e-13
-5.142705880911368e-08
-4.142072258905901e-09
-4.142072258905901e-09
-9.020988226989086e-13
-5.299483731197271e-08
-3.979499790084077e-09
-3.979499790084077e-09
-9.483978845519393e-13
-5.461041029487415e-08
-3.823308143136008e-09
-3.823308143136008e-09
-9.970731862076752e-13
-5.627523479532644e-08
-3.673246876305051e-09
-3.673246876305051e-09
-1.048246685117826e-12
-5.799081226933212e-08
-3.52907537747709e-09
-3.52907537747709e-09
-1.102046598043437e-12
-5.975868994550821e-08
-3.390562478373446e-09
-3.390562478373446e-09
-1.158607722305953e-12
-6.158046222048352e-08
-3.257486083886568e-09
-3.257486083886568e-09
-1.218071773525919e-12
-6.345777209683863e-08
-3.12963281596413e-09
-3.12963281596413e-09
-1.280587740695882e-12
-6.539231266488117e-08
-3.006797671470523e-09
-3.006797671470523e-09
-1.346312259476797e-12
-6.738582862959239e-08
-2.888783693477116e-09
-2.888783693477116e-09
-1.415410004653441e-12
-6.944011788412753e-08
-2.775401655454225e-09
-2.775401655454225e-09
-1.488054102732179e-12
-7.15570331312787e-08
-2.666469757858384e-09
-2.666469757858384e-09
-1.564426565714594e-12
-7.37384835543762e-08
-2.561813336628414e-09
-2.561813336628414e-09
-1.64471874713419e-12
-7.598643653912201e-08
-2.461264583122869e-09
-2.461264583122869e-09
-1.729131821498468e-12
-7.83029194479166e-08
-2.364662275049785e-09
-2.364662275049785e-09
-1.817877288337759e-12
-8.069002144827953e-08
-2.271851517957294e-09
-2.271851517957294e-09
-1.911177502123841e-12
-8.31498953970046e-08
-2.182683496870578e-09
-2.182683496870578e-09
-2.009266229385688e-12
-8.568475978175974e-08
-2.097015237676938e-09
-2.097015237676938e-09
-2.112389234418788e-12
-8.829690072187541e-08
-2.014709377876354e-09
-2.014709377876354e-09
-2.220804895054986e-12
-9.098867403012572e-08
-1.935633946329953e-09
-1.935633946329953e-09
-2.334784850036002e-12
-9.376250733737022e-08
-1.859662151653211e-09
-1.859662151653211e-09
-2.454614679612693e-12
-9.66209022819584e-08
-1.786672178914595e-09
-1.786672178914595e-09
-2.580594621074912e-12
-9.956643676588573e-08
-1.716546994313655e-09
-1.716546994313655e-09
-2.713040321005311e-12
-1.026017672797275e-07
-1.649174157525374e-09
-1.649174157525374e-09
-2.852283626141432e-12
-1.05729631298446e-07
-1.584445641409882e-09
-1.584445641409882e-09
-2.998673414827772e-12
-1.089528497502437e-07
-1.522257658798445e-09
-1.522257658798445e-09
-3.15257647114127e-12
-1.122743295606694e-07
-1.462510496077988e-09
-1.462510496077988e-09
-3.314378403879724e-12
-1.15697066274292e-07
-1.405108353307313e-09
-1.405108353307313e-09
-3.484484612716662e-12
-1.192241467562936e-07
-1.349959190608647e-09
-1.349959190608647e-09
-3.663321303942409e-12
-1.228587519764185e-07
-1.296974580588212e-09
-1.296974580588212e-09
-3.851336558336926e-12
-1.266041598778016e-07
-1.246069566549189e-09
-1.246069566549189e-09
-4.04900145385005e-12
-1.304637483332429e-07
-1.19716252626972e-09
-1.19716252626972e-09
-4.256811245901385e-12
-1.344409981916147e-07
-1.150175041127521e-09
-1.150175041127521e-09
-4.47528660825805e-12
-1.385394964171358e-07
-1.10503177036127e-09
-1.10503177036127e-09
-4.704974937598605e-12
-1.427629393243461e-07
-1.061660330267133e-09
-1.061660330267133e-09
-4.946451725032064e-12
-1.471151359117078e-07
-1.019991178136743e-09
-1.019991178136743e-09
-5.200321998008495e-12
-1.516000112968252e-07
-9.799575007505248e-10
-9.799575007505248e-10
-5.467221836233664e-12
-1.562216102563934e-07
-9.414951072475731e-10
-9.414951072475731e-10
-5.747819965386204e-12
-1.609841008740644e-07
-9.04542326200306e-10
-9.04542326200306e-10
-6.042819432630095e-12
-1.658917782995146e-07
-8.690399067288614e-10
-8.690399067288614e-10
-6.35295936812075e-12
-1.70949068622119e-07
-8.34930923496675e-10
-8.34930923496675e-10
-6.679016836918229e-12
-1.761605328627062e-07
-8.021606854349096e-10
-8.021606854349096e-10
-7.021808785947434e-12
-1.815308710870098e-07
-7.70676648049378e-10
-7.70676648049378e-10
-7.382194090883413e-12
-1.870649266445209e-07
-7.404283291693506e-10
-7.404283291693506e-10
-7.761075708090658e-12
-1.927676905365566e-07
-7.113672280031561e-10
-7.113672280031561e-10
-8.159402937007655e-12
-1.986443059175033e-07
-6.834467473707827e-10
-6.834467473707827e-10
-8.578173798645733e-12
-2.047000727332717e-07
-6.566221189887911e-10
-6.566221189887911e-10
-9.018437536160971e-12
-2.109404525011616e-07
-6.308503316877304e-10
-6.308503316877304e-10
-9.48129724376506e-12
-2.173710732354462e-07
-6.060900624469648e-10
-6.060900624469648e-10
-9.967912630561284e-12
-2.239977345231074e-07
-5.823016101363248e-10
-5.823016101363248e-10
-1.047950292623117e-11
-2.308264127543157e-07
-5.594468318583462e-10
-5.594468318583462e-10
-1.101734993585143e-11
-2.378632665123589e-07
-5.374890817890214e-10
-5.374890817890214e-10
-1.158280125149594e-11
-2.45114642127886e-07
-5.163931524190023e-10
-5.163931524190023e-10
-1.217727362866853e-11
-2.525870794024763e-07
-4.961252181010356e-10
-4.961252181010356e-10
-1.280225653602694e-11
-2.602873175066926e-07
-4.766527808131145e-10
-4.766527808131145e-10
-1.345931588729244e-11
-2.682223010579408e-07
-4.579446180503803e-10
-4.579446180503803e-10
-1.415009796469375e-11
-2.763991863836148e-07
-4.399707327622239e-10
-4.399707327622239e-10
-1.487633354377777e-11
-2.848253479751772e-07
-4.227023052543124e-10
-4.227023052543124e-10
-1.563984222992049e-11
-2.935083851389954e-07
-4.061116469784207e-10
-4.061116469784207e-10
-1.644253701740316e-11
-3.024561288499312e-07
-3.901721561359717e-10
-3.901721561359717e-10
-1.728642908247866e-11
-3.116766488138666e-07
-3.748582750241009e-10
-3.748582750241009e-10
-1.817363282243385e-11
-3.211782607455329e-07
-3.601454490558495e-10
-3.601454490558495e-10
-1.910637115327742e-11
-3.309695338682078e-07
-3.460100873887801e-10
-3.460100873887801e-10
-2.008698107932304e-11
-3.410592986420458e-07
-3.324295250988855e-10
-3.324295250988855e-10
-2.111791954862484e-11
-3.51456654728009e-07
-3.193819868391372e-10
-3.193819868391372e-10
-2.220176960893638e-11
-3.621709791945824e-07
-3.068465519244053e-10
-3.068465519244053e-10
-2.334124687961448e-11
-3.732119349746766e-07
-2.948031207867629e-10
-2.948031207867629e-10
-2.453920635568712e-11
-3.845894795803373e-07
-2.832323827473967e-10
-2.832323827473967e-10
-2.579864956113008e-11
-3.963138740831393e-07
-2.72115785053426e-10
-2.72115785053426e-10
-2.712273206927676e-11
-4.083956923683361e-07
-2.614355031300196e-10
-2.614355031300196e-10
-2.851477140920376e-11
-4.208458306711392e-07
-2.51174412000076e-10
-2.51174412000076e-10
-2.997825537790006e-11
-4.336755174037104e-07
-2.413160588256592e-10
-2.413160588256592e-10
-3.151685077905014e-11
-4.468963232817316e-07
-2.31844636527165e-10
-2.31844636527165e-10
-3.313441261032083e-11
-4.605201717596995e-07
-2.227449584378971e-10
-2.227449584378971e-10
-3.483499372217647e-11
-4.745593497843291e-07
-2.140024339534452e-10
-2.140024339534452e-10
-3.662285497241935e-11
-4.890265188757925e-07
-2.056030451367916e-10
-2.056030451367916e-10
-3.850247590189766e-11
-5.039347265467696e-07
-1.975333242416494e-10
-1.975333242416494e-10
-4.047856595813285e-11
-5.192974180696113e-07
-1.897803321179932e-10
-1.897803321179932e-10
-4.255607629498326e-11
-5.351284486022409e-07
-1.823316374651428e-10
-1.823316374651428e-10
-4.474021217791103e-11
-5.514420956837046e-07
-1.751752968991584e-10
-1.751752968991584e-10
-4.703644602593406e-11
-5.682530721106662e-07
-1.682998358025615e-10
-1.682998358025615e-10
-4.945053112293697e-11
-5.855765392064438e-07
-1.61694229925691e-10
-1.61694229925691e-10
-5.198851603270157e-11
-6.034281204945559e-07
-1.553478877101917e-10
-1.553478877101917e-10
-5.465675975376528e-11
-6.218239157891244e-07
-1.492506333062815e-10
-1.492506333062815e-10
-5.746194765208742e-11
-6.407805157148128e-07
-1.433926902565857e-10
-1.433926902565857e-10
-6.041110821143754e-11
-6.603150166694255e-07
-1.377646658203586e-10
-1.377646658203586e-10
-6.351163064347381e-11
-6.804450362426441e-07
-1.32357535912967e-10
-1.32357535912967e-10
-6.677128340164006e-11
-7.011887291048054e-07
-1.271626306364876e-10
-1.271626306364876e-10
-7.019823364526166e-11
-7.225648033800756e-07
-1.221716203782083e-10
-1.221716203782083e-10
-7.380106770261194e-11
-7.445925375187417e-07
-1.173765024547594e-10
-1.173765024547594e-10
-7.758881258422081e-11
-7.672917976838835e-07
-1.127695882804438e-10
-1.127695882804438e-10
-8.157095860032173e-11
-7.906830556680796e-07
-1.083434910392001e-10
-1.083434910392001e-10
-8.57574831391173e-11
-8.147874073563053e-07
-1.040911138404321e-10
-1.040911138404321e-10
-9.015887566542529e-11
-8.396265917517036e-07
-1.000056383397052e-10
-1.000056383397052e-10
-9.478616400235528e-11
-8.652230105813348e-07
-9.608051380607722e-11
-9.608051380607722e-11
-9.965094196185563e-11
-8.915997484996411e-07
-9.230944661852061e-11
-9.230944661852061e-11
-1.047653983933597e-10
-9.187805939078137e-07
-8.868639017460268e-11
-8.868639017460268e-11
-1.10142347723323e-10
-9.46790060407843e-07
-8.520553519524163e-11
-8.520553519524163e-11
-1.157952620621572e-10
-9.756534089106292e-07
-8.186130040998764e-11
-8.186130040998764e-11
-1.217383049590141e-10
-1.005396670418028e-06
-7.864832360790385e-11
-7.864832360790385e-11
-1.279863668889894e-10
-1.036046669499468e-06
-7.556145303968731e-11
-7.556145303968731e-11
-1.345551025616611e-10
-1.067631048484218e-06
-7.259573915725046e-11
-7.259573915725046e-11
-1.414609701444448e-10
-1.100178292391194e-06
-6.974642667751704e-11
-6.974642667751704e-11
-1.487212724990277e-10
-1.133717754618768e-06
-6.700894695770319e-11
-6.700894695770319e-11
-1.563542005342216e-10
-1.168279683417706e-06
-6.437891066986638e-11
-6.437891066986638e-11
-1.643788787838365e-10
-1.203895249171203e-06
-6.185210076296768e-11
-6.185210076296768e-11
-1.728154133237832e-10
-1.240596572506509e-06
-5.94244657011678e-11
-5.94244657011678e-11
-1.8168494214846e-10
-1.278416753263577e-06
-5.709211296751462e-11
-5.709211296751462e-11
-1.910096881326407e-10
-1.317389900346848e-06
-5.485130282260166e-11
-5.485130282260166e-11
-2.008130147115658e-10
-1.357551162487037e-06
-5.269844230819755e-11
-5.269844230819755e-11
-2.111194844187405e-10
-1.398936759940766e-06
-5.063007948622419e-11
-5.063007948622419e-11
-2.219549204281111e-10
-1.441584017156525e-06
-4.864289790385071e-11
-4.864289790385071e-11
-2.333464712548172e-10
-1.485531396436485e-06
-4.6733711275828e-11
-4.6733711275828e-11
-2.453226787766168e-10
-1.530818532624539e-06
-4.489945837553409e-11
-4.489945837553409e-11
-2.579135497464382e-10
-1.577486268851764e-06
-4.313719812654443e-11
-4.313719812654443e-11
-2.711506309752101e-10
-1.625576693371665e-06
-4.144410488685097e-11
-4.144410488685097e-11
-2.850670883733589e-10
-1.675133177518312e-06
-3.981746391817197e-11
-3.981746391817197e-11
-2.996977900490075e-10
-1.726200414821658e-06
-3.825466703308779e-11
-3.825466703308779e-11
-3.15079393671083e-10
-1.778824461315346e-06
-3.675320841302033e-11
-3.675320841302033e-11
-3.312504383162236e-10
-1.83305277707324e-06
-3.531068059035558e-11
-3.531068059035558e-11
-3.482514410296095e-10
-1.888934269012312e-06
-3.392477058826205e-11
-3.392477058826205e-11
-3.661249983416529e-10
-1.946519335000316e-06
-3.259325621201825e-11
-3.259325621201825e-11
-3.849158929949097e-10
-2.005859909308132e-06
-3.131400248590265e-11
-3.131400248590265e-11
-4.046712061485928e-10
-2.06700950944779e-06
-3.008495822993052e-11
-3.008495822993052e-11
-4.254404353418645e-10
-2.130023284438282e-06
-2.890415277095301e-11
-2.890415277095301e-11
-4.472756185114225e-10
-2.194958064542881e-06
-2.776969278284056e-11
-2.776969278284056e-11
-4.702314643741375e-10
-2.261872412522652e-06
-2.667975925068685e-11
-2.667975925068685e-11
-4.943654895014111e-10
-2.330826676452468e-06
-2.563260455416518e-11
-2.563260455416518e-11
-5.197381624286976e-10
-2.401883044147198e-06
-2.462654966535895e-11
-2.462654966535895e-11
-5.464130551612628e-10
-2.475105599247006e-06
-2.365998145657653e-11
-2.365998145657653e-11
-5.744570024557806e-10
-2.550560379012553e-06
-2.273135011383038e-11
-2.273135011383038e-11
-6.039402692768525e-10
-2.628315433881994e-06
-2.183916665183507e-11
-2.183916665183507e-11
-6.349367268480179e-10
-2.708440888843699e-06
-2.098200052653977e-11
-2.098200052653977e-11
-6.67524037738356e-10
-2.791009006679915e-06
-2.01584773413652e-11
-2.01584773413652e-11
-7.017838504484189e-10
-2.876094253138384e-06
-1.936727664347032e-11
-1.936727664347032e-11
-7.378020039830389e-10
-2.963773364090876e-06
-1.860712980651211e-11
-1.860712980651211e-11
-7.756687429235709e-10
-3.054125414738934e-06
-1.787681799650553e-11
-1.787681799650553e-11
-8.1547894353844e-10
-3.147231890929513e-06
-1.717517021752173e-11
-1.717517021752173e-11
-8.573323514985257e-10
-3.243176762644659e-06
-1.650106143408989e-11
-1.650106143408989e-11
-9.013338317929777e-10
-3.342046559731504e-06
-1.585341076729414e-11
-1.585341076729414e-11
-9.475936314716439e-10
-3.443930449941063e-06
-1.523117976167103e-11
-1.523117976167103e-11
-9.962276558724127e-10
-3.54892031934591e-06
-1.463337072013e-11
-1.463337072013e-11
-1.04735775902557e-09
-3.657110855209575e-06
-1.405902510422679e-11
-1.405902510422679e-11
-1.101112048962784e-09
-3.768599631382188e-06
-1.350722199722385e-11
-1.350722199722385e-11
-1.157625208695684e-09
-3.883487196299396e-06
-1.297707662747515e-11
-1.297707662747515e-11
-1.217038833668253e-09
-4.001877163664118e-06
-1.246773894976597e-11
-1.246773894976597e-11
-1.279501786528523e-09
-4.123876305892594e-06
-1.197839228233402e-11
-1.197839228233402e-11
-1.345170570108479e-09
-4.249594650409334e-06
-1.150825199738634e-11
-1.150825199738634e-11
-1.414209719546673e-09
-4.379145578877613e-06
-1.105656426301152e-11
-1.105656426301152e-11
-1.48679221453603e-09
-4.512645929454964e-06
-1.062260483447152e-11
-1.062260483447152e-11
-1.563099912729739e-09
-4.650216102166185e-06
-1.020567789293346e-11
-1.020567789293346e-11
-1.643324005391143e-09
-4.79198016748844e-06
-9.805114929780349e-12
-9.805114929780349e-12
-1.72766549642928e-09
-4.938065978246845e-06
-9.420273674711618e-12
-9.420273674711618e-12
-1.816335706020302e-09
-5.088605284921161e-06
-9.050537065914227e-12
-9.050537065914227e-12
-1.909556800076613e-09
-5.243733854467564e-06
-8.695312260654239e-12
-8.695312260654239e-12
-2.007562346890336e-09
-5.403591592763e-06
-8.354029684701174e-12
-8.354029684701174e-12
-2.110597902345787e-09
-5.568322670782021e-06
-8.026142119061763e-12
-8.026142119061763e-12
-2.218921625167228e-09
-5.738075654620432e-06
-7.711123822558594e-12
-7.711123822558594e-12
-2.332804923743413e-09
-5.913003639482625e-06
-7.408469688846475e-12
-7.408469688846475e-12
-2.452533136149583e-09
-6.093264387753619e-06
-7.117694436515199e-12
-7.117694436515199e-12
-2.578406245070706e-09
-6.279020471280348e-06
-6.838331830980168e-12
-6.838331830980168e-12
-2.710739629417238e-09
-6.470439417990311e-06
-6.569933936912763e-12
-6.569933936912763e-12
-2.849864854516595e-09
-6.667693862980164e-06
-6.312070400012368e-12
-6.312070400012368e-12
-2.996130502860182e-09
-6.870961704210167e-06
-6.064327756967894e-12
-6.064327756967894e-12
-3.149903047487451e-09
-7.080426262945098e-06
-5.8263087725028e-12
-5.8263087725028e-12
-3.311567770195272e-09
-7.29627644908635e-06
-5.597631802440528e-12
-5.597631802440528e-12
-3.481529726873213e-09
-7.518706931544076e-06
-5.377930181768806e-12
-5.377930181768806e-12
-3.660214762383417e-09
-7.747918313803449e-06
-5.166851636722046e-12
-5.166851636722046e-12
-3.848070577527883e-09
-7.984117314842967e-06
-4.964057719938728e-12
-4.964057719938728e-12
-4.045567850776465e-09
-8.227516955568184e-06
-4.769223267788433e-12
-4.769223267788433e-12
-4.25320141756613e-09
-8.478336750929067e-06
-4.582035878998329e-12
-4.582035878998329e-12
-4.471491510126218e-09
-8.736802907893879e-06
-4.402195413742908e-12
-4.402195413742908e-12
-4.700985060936154e-09
-9.003148529458731e-06
-4.22941351239412e-12
-4.22941351239412e-12
-4.942257073081437e-09
-9.27761382487621e-06
-4.063413133159944e-12
-4.063413133159944e-12
-5.195912060941396e-09
-9.560446326293005e-06
-3.903928107870283e-12
-3.903928107870283e-12
-5.462585564818395e-09
-9.851901111991944e-06
-3.750702715197905e-12
-3.750702715197905e-12
-5.742945743303423e-09
-1.015224103643938e-05
-3.603491270629893e-12
-3.603491270629893e-12
-6.037695047367808e-09
-1.046173696734604e-05
-3.462057732532473e-12
-3.462057732532473e-12
-6.347571980375535e-09
-1.078066802995455e-05
-3.326175323677273e-12
-3.326175323677273e-12
-6.673352948425928e-09
-1.110932185877425e-05
-3.195626167622387e-12
-3.195626167622387e-12
-7.015854205662799e-09
-1.144799485699033e-05
-3.070200939365181e-12
-3.070200939365181e-12
-7.37593389942407e-09
-1.179699246378096e-05
-2.949698529706523e-12
-2.949698529706523e-12
-7.754494220356096e-09
-1.215662942978401e-05
-2.833925722788508e-12
-2.833925722788508e-12
-8.152483662879806e-09
-1.252723010096133e-05
-2.7226968862884e-12
-2.7226968862884e-12
-8.570899401672403e-09
-1.290912871111672e-05
-2.61583367377223e-12
-2.61583367377223e-12
-9.01078979011888e-09
-1.330266968333171e-05
-2.513164738730757e-12
-2.513164738730757e-12
-9.473256986993403e-09
-1.370820794059028e-05
-2.414525459839162e-12
-2.414525459839162e-12
-9.959459717951686e-09
-1.41261092258737e-05
-2.319757677000116e-12
-2.319757677000116e-12
-1.047061617875345e-08
-1.455675043201317e-05
-2.22870943774681e-12
-2.22870943774681e-12
-1.100800708748902e-08
-1.500051994159841e-05
-2.141234753599464e-12
-2.141234753599464e-12
-1.157297889345755e-08
-1.545781797724841e-05
-2.057193365984722e-12
-2.057193365984722e-12
-1.216694715073662e-08
-1.592905696256037e-05
-1.976450521342192e-12
-1.976450521342192e-12
-1.279140006489648e-08
-1.641466189406246e-05
-1.898876755058199e-12
-1.898876755058199e-12
-1.344790222174406e-08
-1.691507072450555e-05
-1.824347683879645e-12
-1.824347683879645e-12
-1.413809850744063e-08
-1.743073475783991e-05
-1.752743806475532e-12
-1.752743806475532e-12
-1.486371822981418e-08
-1.796211905623289e-05
-1.683950311826342e-12
-1.683950311826342e-12
-1.562657945119261e-08
-1.850970285949479e-05
-1.617856895133702e-12
-1.617856895133702e-12
-1.642859354361488e-08
-1.90739800172911e-05
-1.554357580955721e-12
-1.554357580955721e-12
-1.727176997783133e-08
-1.965545943453088e-05
-1.493350553283854e-12
-1.493350553283854e-12
-1.815822135809417e-08
-2.025466553033314e-05
-1.434737992289176e-12
-1.434737992289176e-12
-1.909016871535182e-08
-2.08721387109849e-05
-1.378425917476282e-12
-1.378425917476282e-12
-2.006994707210931e-08
-2.15084358573177e-05
-1.324324036993038e-12
-1.324324036993038e-12
-2.110001129289899e-08
-2.216413082694201e-05
-1.272345602855031e-12
-1.272345602855031e-12
-2.218294223501777e-08
-2.28398149717924e-05
-1.222407271852126e-12
-1.222407271852126e-12
-2.332145321494407e-08
-2.35360976714504e-05
-1.174428971914373e-12
-1.174428971914373e-12
-2.451839680663494e-08
-2.425360688272603e-05
-1.128333773722988e-12
-1.128333773722988e-12
-2.577677198873662e-08
-2.49929897059934e-05
-1.084047767360316e-12
-1.084047767360316e-12
-2.709973165861784e-08
-2.575491296879154e-05
-1.041499943801359e-12
-1.041499943801359e-12
-2.849059053204934e-08
-2.654006382721637e-05
-1.000622081056494e-12
-1.000622081056494e-12
-2.99528334483257e-08
-2.734915038564657e-05
-9.61348634783038e-13
-9.61348634783038e-13
-3.149012410163644e-08
-2.818290233536197e-05
-9.2361663319025e-13
-9.2361663319025e-13
-3.31063142205629e-08
-2.904207161263058e-05
-8.873655760690777e-13
-8.873655760690777e-13
-3.480545321870269e-08
-2.992743307685773e-05
-8.52537337785054e-13
-8.52537337785054e-13
-3.659179834059776e-08
-3.08397852094089e-05
-8.190760740784976e-13
-8.190760740784976e-13
-3.84698253283909e-08
-3.177995083373643e-05
-7.869281325227654e-13
-7.869281325227654e-13
-4.044423963593407e-08
-3.274877785745973e-05
-7.56041966496972e-13
-7.56041966496972e-13
-4.251998821844581e-08
-3.374714003706818e-05
-7.263680525350866e-13
-7.263680525350866e-13
-4.470227192725964e-08
-3.477593776593624e-05
-6.978588109191328e-13
-6.978588109191328e-13
-4.699655854071415e-08
-3.583609888636166e-05
-6.704685293889224e-13
-6.704685293889224e-13
-4.940859646383906e-08
-3.692857952635911e-05
-6.441532898461483e-13
-6.441532898461483e-13
-5.194442913115915e-08
-3.805436496196375e-05
-6.188708979353046e-13
-6.188708979353046e-13
-5.461041014870276e-08
-3.921447050582262e-05
-5.94580815388396e-13
-5.94580815388396e-13
-5.741321921315738e-08
-4.040994242287514e-05
-5.712440950251641e-13
-5.712440950251641e-13
-6.035987884805039e-08
-4.164185887394855e-05
-5.488233183044027e-13
-5.488233183044027e-13
-6.345777199889876e-08
-4.29113308881194e-05
-5.272825353263584e-13
-5.272825353263584e-13
-6.6714660531402e-08
-4.421950336471774e-05
-5.065872071900061e-13
-5.065872071900061e-13
-7.01387046790331e-08
-4.556755610587818e-05
-4.867041506126697e-13
-4.867041506126697e-13
-7.373848348875458e-08
-4.695670488056847e-05
-4.676014847233621e-13
-4.676014847233621e-13
-7.75230163160785e-08
-4.838820252105574e-05
-4.492485799443613e-13
-4.492485799443613e-13
-8.150178542334026e-08
-4.986334005279884e-05
-4.316160088791652e-13
-4.316160088791652e-13
-8.568475973779323e-08
-5.138344785878618e-05
-4.14675499128066e-13
-4.14675499128066e-13
-9.008241982906049e-08
-5.294989687936876e-05
-3.983998879556092e-13
-3.983998879556092e-13
-9.470578416852217e-08
-5.456409984867095e-05
-3.82763078737383e-13
-3.82763078737383e-13
-9.956643673642993e-08
-5.622751256869353e-05
-3.677399991161733e-13
-3.677399991161733e-13
-1.046765560459241e-07
-5.794163522225862e-05
-3.533065608004686e-13
-3.533065608004686e-13
-1.100489456566688e-07
-5.970801372598025e-05
-3.394396209408551e-13
-3.394396209408551e-13
-1.156970662545598e-07
-6.152824112448095e-05
-3.261169450222996e-13
-3.261169450222996e-13
-1.216350693778851e-07
-6.340395902711158e-05
-3.133171712129362e-13
-3.133171712129362e-13
-1.278778328744337e-07
-6.533685908847045e-05
-3.010197761120803e-13
-3.010197761120803e-13
-1.344409981783982e-07
-6.732868453405657e-05
-2.892050418426178e-13
-2.892050418426178e-13
-1.413410095004644e-07
-6.938123173243328e-05
-2.778540244350024e-13
-2.778540244350024e-13
-1.485951550292808e-07
-7.149635181532006e-05
-2.669485234521077e-13
-2.669485234521077e-13
-1.562216102475444e-07
-7.367595234707355e-05
-2.564710528063257e-13
-2.564710528063257e-13
-1.642394834712245e-07
-7.592199904506345e-05
-2.464048127220264e-13
-2.464048127220264e-13
-1.726688637260325e-07
-7.823651755249517e-05
-2.367336627984786e-13
-2.367336627984786e-13
-1.815308710810877e-07
-8.06215952652774e-05
-2.27442096130037e-13
-2.27442096130037e-13
-1.90847709565892e-07
-8.307938321458307e-05
-2.185152144420535e-13
-2.185152144420535e-13
-2.006427228032056e-07
-8.561209800680067e-05
-2.099387042027214e-13
-2.099387042027214e-13
-2.109404524972019e-07
-8.822202382262627e-05
-2.016988136724734e-13
-2.016988136724734e-13
-2.217666999234593e-07
-9.091151447709852e-05
-1.937823308541817e-13
-1.937823308541817e-13
-2.33148590574841e-07
-9.368299554243503e-05
-1.861765623088009e-13
-1.861765623088009e-13
-2.451146421252423e-07
-9.65389665355843e-05
-1.788693128024492e-13
-1.788693128024492e-13
-2.576948358814958e-07
-9.94820031724663e-05
-1.718488657523551e-13
-1.718488657523551e-13
-2.70920691902445e-07
-0.0001025147596909347
-1.651039644402561e-13
-1.651039644402561e-13
-2.848253479734176e-07
-0.0001056399712445548
-1.586237939631626e-13
-1.586237939631626e-13
-2.994436426339497e-07
-0.0001088604563693596
-1.523979638925456e-13
-1.523979638925456e-13
-3.148122024668156e-07
-0.0001121791195258025
-1.464164916141117e-13
-1.464164916141117e-13
-3.309695338670421e-07
-0.0001155989537182051
-1.406697863215037e-13
-1.406697863215037e-13
-3.479561195208544e-07
-0.0001191230431940596
-1.351486336382104e-13
-1.351486336382104e-13
-3.658145198362866e-07
-0.0001227545662256195
-1.29844180843061e-13
-1.29844180843061e-13
-3.845894795795711e-07
-0.0001264967979762919
-1.247479226756105e-13
-1.247479226756105e-13
-4.043280399845241e-07
-0.0001303531134544078
-1.198516876986317e-13
-1.198516876986317e-13
-4.250796566157842e-07
-0.0001343269905570443
-1.151476251958887e-13
-1.151476251958887e-13
-4.468963232812359e-07
-0.0001384220132066371
-1.106281925841426e-13
-1.106281925841426e-13
-4.698327023040878e-07
-0.0001426418745832131
-1.062861433192302e-13
-1.062861433192302e-13
-4.939462614809776e-07
-0.0001469903804551625
-1.021145152768234e-13
-1.021145152768234e-13
-5.192974180692997e-07
-0.0001514714526115473
-9.810661958921659e-14
-9.810661958921659e-14
-5.45949690164477e-07
-0.0001560891323990473
-9.425602992027896e-14
-9.425602992027896e-14
-5.739698558464843e-07
-0.0001608475843667325
-9.055657216133887e-14
-9.055657216133887e-14
-6.03428120494372e-07
-0.0001657511000219446
-8.700231453150123e-14
-8.700231453150123e-14
-6.343982926879687e-07
-0.0001708041017006839
-8.358755806652168e-14
-8.358755806652168e-14
-6.669579691375418e-07
-0.0001760111465559812
-8.030682748097136e-14
-8.030682748097136e-14
-7.011887291047106e-07
-0.0001813769306678602
-7.715486238906768e-14
-7.715486238906768e-14
-7.371763388017707e-07
-0.000186906293278594
-7.412660887006722e-14
-7.412660887006722e-14
-7.750109662815659e-07
-0.0001926042211570733
-7.121721136471338e-14
-7.121721136471338e-14
-8.147874073562731e-07
-0.0001984758530962286
-6.842200488974409e-14
-6.842200488974409e-14
-8.566053231112188e-07
-0.0002045264845475534
-6.57365075579627e-14
-6.57365075579627e-14
-9.005694896087514e-07
-0.0002107615723969168
-6.315641339190103e-14
-6.315641339190103e-14
-9.467900604078588e-07
-0.0002171867398859678
-6.067758541952948e-14
-6.067758541952948e-14
-9.953828425572827e-07
-0.000223807781683569
-5.829604904095768e-14
-5.829604904095768e-14
-1.046469586753583e-06
-0.0002306306691118411
-5.600798565548856e-14
-5.600798565548856e-14
-1.100178292391248e-06
-0.000237661555531519
-5.380972653879615e-14
-5.380972653879615e-14
-1.156643528269055e-06
-0.0002449067818914861
-5.169774696042842e-14
-5.169774696042842e-14
-1.2160067697563e-06
-0.0002523728824474917
-4.966866053218441e-14
-4.966866053218441e-14
-1.278416753263666e-06
-0.0002600665906551997
-4.771921377831512e-14
-4.771921377831512e-14
-1.344029848906801e-06
-0.0002679948452428966
-4.584628091884108e-14
-4.584628091884108e-14
-1.413010452296444e-06
-0.000276164796469323
-4.404685885761383e-14
-4.404685885761383e-14
-1.485531396436605e-06
-0.0002845838125722835
-4.231806236709707e-14
-4.231806236709707e-14
-1.561774384762941e-06
-0.0002932594864138415
-4.065711946213706e-14
-4.065711946213706e-14
-1.641930446406262e-06
-0.000302199642328096
-3.906136695530826e-14
-3.906136695530826e-14
-1.726200414821804e-06
-0.0003114123431777205
-3.752824618671011e-14
-3.752824618671011e-14
-1.81479543098362e-06
-0.0003209058976256173
-3.605529892136028e-14
-3.605529892136028e-14
-1.907937472404677e-06
-0.0003306888676282591
-3.464016340761608e-14
-3.464016340761608e-14
-2.00585990930831e-06
-0.0003407700761574624
-3.328057059029624e-14
-3.328057059029624e-14
-2.108808089344435e-06
-0.0003511586151575646
-3.197434047243414e-14
-3.197434047243414e-14
-2.21703995231552e-06
-0.0003618638537451824
-3.071937861983101e-14
-3.071937861983101e-14
-2.330826676452683e-06
-0.000372895446658939
-2.951367280279795e-14
-2.951367280279795e-14
-2.450453357860952e-06
-0.0003842633429667908
-2.835528976971036e-14
-2.835528976971036e-14
-2.576219724836284e-06
-0.0003959777950387962
-2.724237214719493e-14
-2.724237214719493e-14
-2.708440888843953e-06
-0.0004080493677934244
-2.617313546198141e-14
-2.617313546198141e-14
-2.847448134039874e-06
-0.0004204889482257457
-2.514586527964568e-14
-2.514586527964568e-14
-2.993589747313225e-06
-0.0004333077552260899
-2.415891445565108e-14
-2.415891445565108e-14
-3.14723189092981e-06
-0.0004465173496980321
-2.3210700494287e-14
-2.3210700494287e-14
-3.308759519962782e-06
-0.0004601296449848307
-2.229970301126467e-14
-2.229970301126467e-14
-3.478577346809333e-06
-0.00047415691761372
-2.142446129590372e-14
-2.142446129590372e-14
-3.657110855209915e-06
-0.000488611818367747
-2.058357196900207e-14
-2.058357196900207e-14
-3.844807366310747e-06
-0.00050350738369514
-1.97756867326295e-14
-1.97756867326295e-14
-4.042137159440552e-06
-0.0005188570474664958
-1.899951020824227e-14
-1.899951020824227e-14
-4.249594650409738e-06
-0.0005346746530903911
-1.825379785964816e-14
-1.825379785964816e-14
-4.467699630284318e-06
-0.0005509744659983448
-1.753735399749311e-14
-1.753735399749311e-14
-4.696998567738242e-06
-0.0005677711865103866
-1.684902986207125e-14
-1.684902986207125e-14
-4.938065978247306e-06
-0.0005850799630928466
-1.618772178138035e-14
-1.618772178138035e-14
-5.191505863555233e-06
-0.0006029164060203054
-1.555236940147423e-14
-1.555236940147423e-14
-5.457953225018357e-06
-0.0006212966014540417
-1.494195398627065e-14
-1.494195398627065e-14
-5.738075654620967e-06
-0.0006402371259496667
-1.435549678409033e-14
-1.435549678409033e-14
-6.032575007647323e-06
-0.0006597550614070273
-1.379205745830868e-14
-1.379205745830868e-14
-6.342189161201453e-06
-0.000679868010475873
-1.325073257960108e-14
-1.325073257960108e-14
-6.667693862980788e-06
-0.00070059411243116
-1.273065417736799e-14
-1.273065417736799e-14
-7.009904674935541e-06
-0.0007219520595323307
-1.223098834801408e-14
-1.223098834801408e-14
-7.369679016684143e-06
-0.0007439611138813115
-1.175093391785114e-14
-1.175093391785114e-14
-7.747918313804172e-06
-0.0007666411247944292
-1.128972115848163e-14
-1.128972115848163e-14
-8.145570256381605e-06
-0.0007900125467039309
-1.084661055260065e-14
-1.084661055260065e-14
-8.563631173477278e-06
-0.0008140964576052259
-1.042089160824052e-14
-1.042089160824052e-14
-9.003148529459573e-06
-0.0008389145780665099
-1.001188171955418e-14
-1.001188171955418e-14
-9.465223548458458e-06
-0.0008644892908179061
-9.618925072311877e-15
-9.618925072311877e-15
-9.951013973516033e-06
-0.0008908436609377829
-9.241391592356661e-15
-9.241391592356661e-15
-1.046173696734702e-05
-0.0009180014566544742
-8.87867593533082e-15
-8.87867593533082e-15
-1.099867216197702e-05
-0.0009459871707821396
-8.530196516055753e-15
-8.530196516055753e-15
-1.15631648648996e-05
-0.0009748260428101096
-8.195394576007046e-15
-8.195394576007046e-15
-1.215662942978515e-05
-0.001004544081665636
-7.873733287390313e-15
-7.873733287390313e-15
-1.278055280018717e-05
-0.001035168089170577
-7.564696892381729e-15
-7.564696892381729e-15
-1.343649823512461e-05
-0.001066725684213166
-7.267789876151557e-15
-7.267789876151557e-15
-1.412610922587502e-05
-0.001099245327656678
-6.982536172346688e-15
-6.982536172346688e-15
-1.4851113613792e-05
-0.001132756348007434
-6.708478399756644e-15
-6.708478399756644e-15
-1.56133279194644e-05
-0.001167288967865321
-6.445177128939743e-15
-6.445177128939743e-15
-1.6414661894064e-05
-0.001202874331180657
-6.192210177633932e-15
-6.192210177633932e-15
-1.725712330428525e-05
-0.001239544531342004
-5.94917193382126e-15
-5.94917193382126e-15
-1.814282296286596e-05
-0.001277332640120251
-5.715672705362197e-15
-5.715672705362197e-15
-1.907398001729289e-05
-0.00131627273749506
-5.491338095155744e-15
-5.491338095155744e-15
-2.005292750994344e-05
-0.001356399942390599
-5.2758084008239e-15
-5.2758084008239e-15
-2.108211822359443e-05
-0.001397750444348259
-5.068738037958327e-15
-5.068738037958327e-15
-2.216413082694409e-05
-0.001440361536164936
-4.869794986003359e-15
-4.869794986003359e-15
-2.330167633554504e-05
-0.001484271647526305
-4.678660255888213e-15
-4.678660255888213e-15
-2.449760490433642e-05
-0.001529520379665414
-4.495027378553757e-15
-4.495027378553757e-15
-2.575491296879395e-05
-0.001576148541077872
-4.318601913554117e-15
-4.318601913554117e-15
-2.707675075259029e-05
-0.001624198184325818
-4.149100976945502e-15
-4.149100976945502e-15
-2.846643016057649e-05
-0.001673712643963897
-3.986252787704407e-15
-3.986252787704407e-15
-2.992743307686053e-05
-0.001724736575621406
-3.82979623194898e-15
-3.82979623194898e-15
-3.146342008877406e-05
-0.001777315996275896
-3.679480444263986e-15
-3.679480444263986e-15
-3.307823965858547e-05
-0.001831498325754515
-3.535064405458364e-15
-3.535064405458364e-15
-3.477593776593948e-05
-0.001887332429500558
-3.396316556110661e-15
-3.396316556110661e-15
-3.656076804518237e-05
-0.001944868662643765
-3.263014425282047e-15
-3.263014425282047e-15
-3.84372024429725e-05
-0.002004158915414126
-3.134944273802296e-15
-3.134944273802296e-15
-4.040994242287891e-05
-0.002065256659940147
-3.011900751556337e-15
-3.011900751556337e-15
-4.248393074504163e-05
-0.002128216998473792
-2.893686568221865e-15
-2.893686568221865e-15
-4.466436385040782e-05
-0.002193096713085556
-2.780112176930511e-15
-2.780112176930511e-15
-4.695670488057286e-05
-0.002259954316874562
-2.670995470344566e-15
-2.670995470344566e-15
-4.936669736584826e-05
-0.002328850106739785
-2.566161488662726e-15
-2.566161488662726e-15
-5.190037961585173e-05
-0.002399846217760045
-2.465442139086222e-15
-2.465442139086222e-15
-5.456409984867605e-05
-0.00247300667923181
-2.368675926295533e-15
-2.368675926295533e-15
-5.736453209654296e-05
-0.00254839747241531
-2.275707693505907e-15
-2.275707693505907e-15
-6.030869292779422e-05
-0.002626086590041105
-2.186388373685842e-15
-2.186388373685842e-15
-6.34039590271175e-05
-0.002706144097630712
-2.100574750540263e-15
-2.100574750540263e-15
-6.665808567805464e-05
-0.002788642196686633
-2.018129228874791e-15
-2.018129228874791e-15
-7.00792261941009e-05
-0.002873655289808765
-1.938919613972919e-15
-1.938919613972919e-15
-7.367595234708043e-05
-0.002961260047795889
-1.862818899632635e-15
-1.862818899632635e-15
-7.745727584398176e-05
-0.00305153547879282
-1.789705064522121e-15
-1.789705064522121e-15
-8.143267090606436e-05
-0.003144562999545511
-1.719460876528503e-15
-1.719460876528503e-15
-8.561209800680868e-05
-0.003240426508828415
-1.651973704785636e-15
-1.651973704785636e-15
-9.000602882818619e-05
-0.003339212463110309
-1.587135339079634e-15
-1.587135339079634e-15
-9.46254724977769e-05
-0.003441009954526837
-1.524841816342554e-15
-1.524841816342554e-15
-9.94820031724756e-05
-0.003545910791230068
-1.464993253956043e-15
-1.464993253956043e-15
-0.0001045877890378931
-0.003654009580187567
-1.407493689597642e-15
-1.407493689597642e-15
-0.0001099556227961168
-0.003765403812505621
-1.352250927372976e-15
-1.352250927372976e-15
-0.0001155989537182161
-0.003880193951353591
-1.299176389987112e-15
-1.299176389987112e-15
-0.0001215319213417993
-0.003998483522568672
-1.248184976718027e-15
-1.248184976718027e-15
-0.0001277693908980584
-0.004120379208022804
-1.199194926964505e-15
-1.199194926964505e-15
-0.0001343269905570568
-0.004245990941835886
-1.152127689149631e-15
-1.152127689149631e-15
-0.0001412211505845868
-0.004375432009522123
-1.106907794769696e-15
-1.106907794769696e-15
-0.0001484691445087009
-0.004508819150158886
-1.063462737386569e-15
-1.063462737386569e-15
-0.0001560891323990619
-0.004646272661670235
-1.021722856369491e-15
-1.021722856369491e-15
-0.0001641002063675534
-0.004787916509320068
-9.81621225199902e-16
-9.81621225199902e-16
-0.0001725224384041452
-0.004933878437512733
-9.430935441601829e-16
-9.430935441601829e-16
-0.0001813769306678771
-0.005084290085001933
-9.060780372342685e-16
-9.060780372342685e-16
-0.000190685868358962
-0.005239287103611833
-8.705153530548107e-16
-8.705153530548107e-16
-0.0002004725753044794
-0.005399009280577434
-8.363484697380653e-16
-8.363484697380653e-16
-0.0002107615723969366
-0.005563600664614556
-8.035226034539214e-16
-8.035226034539214e-16
-0.0002215786390321124
-0.005733209695833116
-7.71985120584467e-16
-7.71985120584467e-16
-0.0002329508777001172
-0.00590798933961089
-7.416854533302447e-16
-7.416854533302447e-16
-0.0002449067818915092
-0.00608809722454846
-7.125750186288817e-16
-7.125750186288817e-16
-0.0002574763074886027
-0.006273695784629806
-6.846071402560841e-16
-6.846071402560841e-16
-0.000270690947820844
-0.006464952405716709
-6.57736973984091e-16
-6.57736973984091e-16
-0.0002845838125723104
-0.00666203957650913
-6.319214356775884e-16
-6.319214356775884e-16
-0.0002991897107390286
-0.006865135044107669
-6.07119132211787e-16
-6.07119132211787e-16
-0.0003145452378439786
-0.007074421974318421
-5.832902951018993e-16
-5.832902951018993e-16
-0.0003306888676282906
-0.007290089116844831
-5.603967167375956e-16
-5.603967167375956e-16
-0.0003476610484483741
-0.00751233097551545
-5.38401689120195e-16
-5.38401689120195e-16
-0.0003655043046205125
-0.007741347983701215
-5.172699450043622e-16
-5.172699450043622e-16
-0.0003842633429668271
-0.007977346685080385
-4.969676013499374e-16
-4.969676013499374e-16
-0.0004039851648295871
-0.008220539919914184
-4.774621049932244e-16
-4.774621049932244e-16
-0.0004247191838345038
-0.008471147017001154
-4.587221804506294e-16
-4.587221804506294e-16
-0.0004465173496980742
-0.008729393991483293
-4.407177797709566e-16
-4.407177797709566e-16
-0.0004694342783891808
-0.008995513748682507
-4.234200343559521e-16
-4.234200343559521e-16
-0.0004935273889710663
-0.009269746294150972
-4.068012086718443e-16
-4.068012086718443e-16
-0.0005188570474665442
-0.009552338950125088
-3.908346557776622e-16
-3.908346557776622e-16
-0.0005454867181069113
-0.009843546578578116
-3.75494774599024e-16
-3.75494774599024e-16
-0.0005734831223435102
-0.01014363181107261
-3.60756968878887e-16
-3.60756968878887e-16
-0.0006029164060203618
-0.01045286528562015
-3.465976077394429e-16
-3.465976077394429e-16
-0.0006338603151267155
-0.01077152589076173
-3.329939877919179e-16
-3.329939877919179e-16
-0.0006663923805698697
-0.01109990101708909
-3.199242967335283e-16
-3.199242967335283e-16
-0.000700594112431226
-0.01143828681643381
-3.073675783732195e-16
-3.073675783732195e-16
-0.0007365512041922789
-0.01178698846895792
-2.953036990301109e-16
-2.953036990301109e-16
-0.0007743537474422482
-0.01214632045838689
-2.837133152507691e-16
-2.837133152507691e-16
-0.000814096457605302
-0.01251660685563318
-2.725778427935478e-16
-2.725778427935478e-16
-0.0008558789112529345
-0.01289818161106626
-2.618794268302605e-16
-2.618794268302605e-16
-0.0008998057955961046
-0.01329138885569253
-2.516009133174101e-16
-2.516009133174101e-16
-0.0009459871707822291
-0.01369658321151703
-2.417258214910697e-16
-2.417258214910697e-16
-0.0009945387456542409
-0.0141141301113664
-2.322383174413122e-16
-2.322383174413122e-16
-0.001045582167662618
-0.01454440612846215
-2.23123188723818e-16
-2.23123188723818e-16
-0.001099245327656781
-0.01498779931604073
-2.143658199679533e-16
-2.143658199679533e-16
-0.00115566268031951
-0.01544470955732744
-2.059521694422064e-16
-2.059521694422064e-16
-0.001214975581047251
-0.0159155489261792
-1.978687465394086e-16
-1.978687465394086e-16
-0.001277332640120371
-0.01640074205872187
-1.901025901456386e-16
-1.901025901456386e-16
-0.001342890095050745
-0.01690072653631702
-1.826412478581257e-16
-1.826412478581257e-16
-0.001411812202039603
-0.0174159532802036
-1.754727560188307e-16
-1.754727560188307e-16
-0.001484271647526445
-0.01794688695817053
-1.685856205316893e-16
-1.685856205316893e-16
-0.001560449980860179
-0.01849400640362685
-1.619687984327599e-16
-1.619687984327599e-16
-0.00164053806917655
-0.01905780504744744
-1.556116801837252e-16
-1.556116801837252e-16
-0.001724736575621569
-0.01963879136298375
-1.495040726603569e-16
-1.495040726603569e-16
-0.001813256462119126
-0.0202374893246409
-1.436361828086668e-16
-1.436361828086668e-16
-0.001906319517942536
-0.02085443888043475
-1.379986019425376e-16
-1.379986019425376e-16
-0.002004158915414314
-0.02149019643895504
-1.325822906576568e-16
-1.325822906576568e-16
-0.002107019794126533
-0.0221453353711739
-1.273785643375643e-16
-1.273785643375643e-16
-0.002215159875145557
-0.0228204465275522
-1.223790792285727e-16
-1.223790792285727e-16
-0.002328850106740003
-0.02351613877091007
-1.175758190612349e-16
-1.175758190612349e-16
-0.002448375343249906
-0.02423303952554244
-1.129610821969043e-16
-1.129610821969043e-16
-0.002574035058797941
-0.02497179534307435
-1.085274692787822e-16
-1.085274692787822e-16
-0.002706144097630965
-0.02573307248556682
-1.042678713676471e-16
-1.042678713676471e-16
-0.002845033462971871
-0.02651755752639899
-1.001754585432476e-16
-1.001754585432476e-16
-0.002991051146358253
-0.02732595796946826
-9.624366895307796e-17
-9.624366895307796e-17
-0.003144562999545805
-0.02815900288726733
-9.246619829097904e-17
-9.246619829097904e-17
-0.003305953651161051
-0.02901744357841298
-8.883698968869408e-17
-8.883698968869408e-17
-0.003475627470400082
-0.02990205424522021
-8.535022400417099e-17
-8.535022400417099e-17
-0.003654009580187909
-0.03081363269193249
-8.200031049103941e-17
-8.200031049103941e-17
-0.0038415469223369
-0.03175300104423771
-7.878187783430166e-17
-7.878187783430166e-17
-0.004038709377373114
-0.03272100649071923
-7.568976553786424e-17
-7.568976553786424e-17
-0.004245990941836282
-0.03371852204691015
-7.271901565010032e-17
-7.271901565010032e-17
-0.004463910966003191
-0.03474644734264024
-6.986486481417574e-17
-6.986486481417574e-17
-0.004693015455135625
-0.03580570943338564
-6.71227366303923e-17
-6.71227366303923e-17
-0.004933878437513194
-0.0368972636363526
-6.44882343183014e-17
-6.44882343183014e-17
-0.005187103402678681
-0.0380220943920501
-6.195713366682271e-17
-6.195713366682271e-17
-0.00545332481349948
-0.03918121615212761
-5.952537626106388e-17
-5.952537626106388e-17
-0.005733209695833652
-0.04037567429427893
-5.718906297498086e-17
-5.718906297498086e-17
-0.006027459309783535
-0.04160654606503771
-5.494444771944528e-17
-5.494444771944528e-17
-0.006336810906724302
-0.04287494155131411
-5.27879314356937e-17
-5.27879314356937e-17
-0.006662039576509753
-0.04418200468154948
-5.071605632452859e-17
-5.071605632452859e-17
-0.007003960189483563
-0.04552891425739174
-4.872550030201725e-17
-4.872550030201725e-17
-0.007363429438161762
-0.04691688501682153
-4.681307167279937e-17
-4.681307167279937e-17
-0.007741347983701939
-0.0483471687296888
-4.497570401246196e-17
-4.497570401246196e-17
-0.008138662712537229
-0.04982105532664695
-4.321045125077619e-17
-4.321045125077619e-17
-0.008556369108829115
-0.0513398740625032
-4.151448294791242e-17
-4.151448294791242e-17
-0.008995513748683355
-0.05290499471503431
-3.988507975605912e-17
-3.988507975605912e-17
-0.009457196922378262
-0.05451782882034869
-3.831962905916896e-17
-3.831962905916896e-17
-0.009942575391175606
-0.05617983094590909
-3.681562078384053e-17
-3.681562078384053e-17
-0.01045286528562113
-0.05789250000236416
-3.5370643374619e-17
-3.5370643374619e-17
-0.01098934515259675
-0.0596573805953716
-3.398237992726223e-17
-3.398237992726223e-17
-0.01155335915875869
-0.06147606441863248
-3.264860447377246e-17
-3.264860447377246e-17
-0.01214632045838803
-0.06335019168939274
-3.136717841323693e-17
-3.136717841323693e-17
-0.01276971473409183
-0.06528145262770678
-3.013604708275455e-17
-3.013604708275455e-17
-0.01342510391922617
-0.06727158898079688
-2.895323646295033e-17
-2.895323646295033e-17
-0.01411413011136773
-0.06932239559388378
-2.781685001279519e-17
-2.781685001279519e-17
-0.0148385196866394
-0.07143572202890446
-2.672506562865603e-17
-2.672506562865603e-17
-0.01560008762519819
-0.07361347423257746
-2.567613272270015e-17
-2.567613272270015e-17
-0.01640074205872341
-0.07585761625532
-2.466836941596942e-17
-2.466836941596942e-17
-0.01724248905129862
-0.07817017202256711
-2.37001598416236e-17
-2.37001598416236e-17
-0.01812743762566642
-0.08055322716009007
-2.276995155402876e-17
-2.276995155402876e-17
-0.01905780504744922
-0.08300893087496089
-2.187625303953642e-17
-2.187625303953642e-17
-0.02003592238057577
-0.08553949789385851
-2.101763132496221e-17
-2.101763132496221e-17
-0.02106424032783287
-0.0881472104604657
-2.019270967992944e-17
-2.019270967992944e-17
-0.02214533537117598
-0.09083442039375698
-1.940016540939346e-17
-1.940016540939346e-17
-0.02328191622718314
-0.09360355120903485
-1.863872773280728e-17
-1.863872773280728e-17
-0.02447683063382704
-0.09645710030362671
-1.790717574652787e-17
-1.790717574652787e-17
-0.02573307248556923
-0.09939764120921361
-1.720433646619606e-17
-1.720433646619606e-17
-0.02705378933465389
-0.1024278259128228
-1.652908294595114e-17
-1.652908294595114e-17
-0.02844229027739603
-0.1055503872485762
-1.588033247146444e-17
-1.588033247146444e-17
-0.02990205424522302
-0.108768141362353
-1.525704482389458e-17
-1.525704482389458e-17
-0.03143673872124336
-0.1120839902515885
-1.465822061198082e-17
-1.465822061198082e-17
-0.03305018890418215
-0.1155009243824999
-1.408289966960015e-17
-1.408289966960015e-17
-0.03474644734264351
-0.1190220253870993
-1.353015951621861e-17
-1.353015951621861e-17
-0.03652976406383944
-0.1226504688424268
-1.299911387776852e-17
-1.299911387776852e-17
-0.03840460722216246
-0.12638952713451
-1.24889112655798e-17
-1.24889112655798e-17
-0.04037567429428271
-0.1302425724096316
-1.19987336110868e-17
-1.19987336110868e-17
-0.04244790384881872
-0.1342130796155691
-1.152779495412168e-17
-1.152779495412168e-17
-0.04462648792007175
-0.1383046296355476
-1.107534018269088e-17
-1.107534018269088e-17
-0.04691688501682591
-0.1425209125177326
-1.064064382221424e-17
-1.064064382221424e-17
-0.04932483379880826
-0.1468657308031752
-1.022300887228524e-17
-1.022300887228524e-17
-0.05185636745507565
-0.151343002955212
-9.821765689087317e-18
-9.821765689087317e-18
-0.05451782882035379
-0.1559567668934115
-9.436270911674243e-18
-9.436270911674243e-18
-0.0573158862672029
-0.1607111836352542
-9.065906430392944e-18
-9.065906430392944e-18
-0.06025755041382844
-0.1656105410488317
-8.710078395794739e-18
-8.710078395794739e-18
-0.06335019168939866
-0.1706592577199481
-8.368216266445853e-18
-8.368216266445853e-18
-0.06660155880087952
-0.1758618869371125
-8.03977189411043e-18
-8.03977189411043e-18
-0.07001979814765602
-0.1812231207980151
-7.724218644839232e-18
-7.724218644839232e-18
-0.07361347423258432
-0.1867477944411917
-7.42105055455477e-18
-7.42105055455477e-18
-0.07739159112061453
-0.1924408904066923
-7.129781517778866e-18
-7.129781517778866e-18
-0.08136361499874979
-0.1983075431296871
-6.849944508201902e-18
-6.849944508201902e-18
-0.0855394978938665
-0.2043530435710616
-6.581090829843955e-18
-6.581090829843955e-18
-0.08992970260782077
-0.2105828439891787
-6.322789397607135e-18
-6.322789397607135e-18
-0.09454522893231726
-0.2170025628571087
-6.074626046065546e-18
-6.074626046065546e-18
-0.09939764120922293
-0.2236179899297649
-5.83620286538457e-18
-5.83620286538457e-18
-0.1044990973053774
-0.2304350914655124
-5.607137563304676e-18
-5.607137563304676e-18
-0.1098623790744995
-0.2374600156069602
-5.387062852166739e-18
-5.387062852166739e-18
-0.1155009243825107
-0.2446990979257899
-5.175625859996037e-18
-5.175625859996037e-18
-0.1214288607765181
-0.2521588671366207
-4.972487564700614e-18
-4.972487564700614e-18
-0.127661040881814
-0.2598460509850638
-4.77732225047681e-18
-4.77732225047681e-18
-0.1342130796155817
-0.2677675823152781
-4.58981698555036e-18
-4.58981698555036e-18
-0.1411013933105454
-0.2759306053224977
-4.409671120415631e-18
-4.409671120415631e-18
-0.1483432408465932
-0.2843424819961702
-4.236595805768492e-18
-4.236595805768492e-18
-0.1559567668934261
-0.293010798759518
-4.070313529359859e-18
-4.070313529359859e-18
-0.1639610473725809
-0.3019433733115094
-3.910557671027266e-18
-3.910557671027266e-18
-0.1723761372527332
-0.3111482616774104
-3.757072075191036e-18
-3.757072075191036e-18
-0.1812231207980321
-0.320633765474276
-3.609610640129556e-18
-3.609610640129556e-18
-0.1905241643953673
-0.3304084393979334
-3.467936923375102e-18
-3.467936923375102e-18
-0.2003025720929265
-0.3404810989382103
-3.331823762597484e-18
-3.331823762597484e-18
-0.2105828439891984
-0.3508608283293637
-3.201052911367654e-18
-3.201052911367654e-18
-0.2213907376187161
-0.361556988742884
-3.075414689217235e-18
-3.075414689217235e-18
-0.2327533324883452
-0.372579226730058
-2.954707645432865e-18
-2.954707645432865e-18
-0.2446990979258128
-0.3839374829219092
-2.838738236046305e-18
-2.838738236046305e-18
-0.2572579644104767
-0.3956420009943595
-2.727320513502352e-18
-2.727320513502352e-18
-0.2704613985650525
-0.4077033369066982
-2.620275828507002e-18
-2.620275828507002e-18
-0.2843424819961968
-0.4201323684216893
-2.51743254357777e-18
-2.51743254357777e-18
-0.29893599418148
-0.4329403049159055
-2.418625757836893e-18
-2.418625757836893e-18
-0.314278499610428
-0.4461386974891334
-2.323697042606128e-18
-2.323697042606128e-18
-0.3304084393979643
-0.4597394493819699
-2.232494187379196e-18
-2.232494187379196e-18
-0.3473662275997959
-0.4737548267110027
-2.144870955764564e-18
-2.144870955764564e-18
-0.3651943524710604
-0.4881974695312593
-2.060686851007236e-18
-2.060686851007236e-18
-0.3839374829219451
-0.5030804032358994
-1.979806890713587e-18
-1.979806890713587e-18
-0.403642580437002
-0.5184170503034321
-1.902101390418023e-18
-1.902101390418023e-18
-0.4243590167385791
-0.5342212424030534
-1.827445755644448e-18
-1.827445755644448e-18
-0.4461386974891751
-0.55050723286902
-1.755720282129112e-18
-1.755720282129112e-18
-0.4690361923426587
-0.5672897095553108
-1.68680996388452e-18
-1.68680996388452e-18
-0.4931088716701993
-0.5845838080821685
-1.620604308796642e-18
-1.620604308796642e-18
-0.5184170503034806
-0.6024051254864691
-1.556997161459762e-18
-1.556997161459762e-18
-0.5450241386553493
-0.6207697342882286
-1.495886532964882e-18
-1.495886532964882e-18
-0.5729968015965369
-0.6396941969859347
-1.437174437368763e-18
-1.437174437368763e-18
-0.6024051254865254
-0.6591955809937742
-1.380766734581406e-18
-1.380766734581406e-18
-0.6333227937770564
-0.6792914740342313
-1.32657297942004e-18
-1.32657297942004e-18
-0.665827271628265
-0.6999999999999346
-1.274506276587596e-18
-1.274506276587596e-18
-0.7
