-0.9000000000294819
-0.5999999999918242
-0.5999999999918242
4.285796977726575e-13
-0.8307381833000453
-0.5679238378075299
-0.5679238378075299
-2.984912122160066e-12
-0.766806588157781
-0.5376836514782777
-0.5376836514782777
-3.09490876936741e-12
-0.7077950135697137
-0.509168333108996
-0.509168333108996
-1.759222650367376e-12
-0.6533248266217736
-0.4822737780824874
-0.4822737780824874
-9.004635145165585e-14
-0.6030465331000515
-0.4569024313755436
-0.4569024313755436
1.310446163475115e-12
-0.5566375350375017
-0.4329628637813927
-0.4329628637813927
2.176565243143525e-12
-0.5138000608369613
-0.4103693760460488
-0.4103693760460488
2.453508045601599e-12
-0.4742592546888498
-0.3890416290597088
-0.3890416290597088
2.208348684040046e-12
-0.4377614130241584
-0.3689042983689165
-0.3689042983689165
1.56875521687555e-12
-0.4040723566868742
-0.3498867513914241
-0.3498867513914241
6.823326083836567e-13
-0.3729759283809183
-0.3319227458240653
-0.3319227458240653
-3.089037272502315e-13
-0.3442726057505442
-0.3149501478350583
-0.3149501478350583
-1.28315009984524e-12
-0.317778221195151
-0.2989106687264628
-0.2989106687264628
-2.145814559026404e-12
-0.2933227802043543
-0.2837496188404788
-0.2837496188404788
-2.831374403596681e-12
-0.270749370631332
-0.2694156775653253
-0.2694156775653253
-3.301902506839052e-12
-0.2499131559059825
-0.2558606783729811
-0.2558606783729811
-3.5436480410201e-12
-0.2306804457280286
-0.2430394078924589
-0.2430394078924589
-3.562631770539018e-12
-0.2129278382773644
-0.2309094180888851
-0.2309094180888851
-3.379931805356368e-12
-0.1965414284378198
-0.2194308506807837
-0.2194308506807837
-3.02707949581104e-12
-0.1814160769540932
-0.208566272985914
-0.208566272985914
-2.541923919616162e-12
-0.16745473583257
-0.1982805244400715
-0.1982805244400715
-1.965035257992312e-12
-0.1545678256576307
-0.188540573083698
-0.188540573083698
-1.336784483563398e-12
-0.1426726608281515
-0.1793153813581883
-0.1793153813581883
-6.950597730833938e-13
-0.1316929190263804
-0.1705757805976738
-0.1705757805976738
-7.362220642154194e-14
-0.1215581515151697
-0.1622943536430108
-0.1622943536430108
4.989784627151828e-13
-0.1122033311215199
-0.154445325042893
-0.154445325042893
1.000017844682462e-12
-0.1035684350061893
-0.1470044583426536
-0.1470044583426536
1.412785083961931e-12
-0.09559805954232259
-0.1399489599945662
-0.1399489599945662
1.726449678476818e-12
-0.08824106483207018
-0.1332573894544736
-0.1332573894544736
1.935686548928169e-12
-0.08145024658033358
-0.1269095750585166
-0.1269095750585166
2.04011994472432e-12
-0.0751820332203017
-0.1208865353007391
-0.1208865353007391
2.04363851281095e-12
-0.06939620634746484
-0.1151704051575368
-0.1151704051575368
1.953662248253482e-12
-0.06405564266834522
-0.1097443671284292
-0.1097443671284292
1.780373002073943e-12
-0.05912607580822499
-0.1045925866845666
-0.1045925866845666
1.535968380749712e-12
-0.05457587644957364
-0.09970015183685466
-0.09970015183685466
1.233953643610267e-12
-0.05037584939049015
-0.09505301655467327
-0.09505301655467327
8.884830771224619e-13
-0.04649904622103688
-0.09063794778399335
-0.09063794778399335
5.138010514011554e-13
-0.042920592415552
-0.08644247583032319
-0.08644247583032319
1.23726482076196e-13
-0.03961752773152115
-0.08245484788743723
-0.08245484788743723
-2.687344873811715e-13
-0.0365686588909684
-0.07866398450732254
-0.07866398450732254
-6.517274682437974e-13
-0.0337544235991343
-0.07505943882029716
-0.07505943882029716
-1.014783141753948e-12
-0.03115676502794971
-0.07163135832686686
-0.07163135832686686
-1.348981874894407e-12
-0.02875901595896142
-0.06837044909466289
-0.06837044909466289
-1.647054703656447e-12
-0.02654579184233953
-0.06526794220478939
-0.06526794220478939
-1.903406272386107e-12
-0.02450289208580804
-0.06231556230216764
-0.06231556230216764
-2.114097013905048e-12
-0.02261720894014228
-0.05950549811403649
-0.05950549811403649
-2.276776459218485e-12
-0.02087664339661981
-0.05683037480970415
-0.05683037480970415
-2.390582894604121e-12
-0.01927002755680133
-0.05428322808298794
-0.05428322808298794
-2.456000152057693e-12
-0.01778705297654667
-0.05185747984656494
-0.05185747984656494
-2.474719141428946e-12
-0.0164182045245028
-0.04954691543472566
-0.04954691543472566
-2.449457845755953e-12
-0.01515469933068289
-0.04734566221780803
-0.04734566221780803
-2.38379558148129e-12
-0.01398843043341536
-0.04524816953792442
-0.04524816953792442
-2.281992665984596e-12
-0.01291191476308743
-0.04324918988151006
-0.04324918988151006
-2.148823486023397e-12
-0.01191824512893364
-0.04134376120974195
-0.04134376120974195
-1.989398484441879e-12
-0.01100104590080459
-0.0395271903730354
-0.0395271903730354
-1.809023038976159e-12
-0.01015443210155892
-0.03779503754063875
-0.03779503754063875
-1.613043323433707e-12
-0.009372971647605274
-0.03614310158084342
-0.03614310158084342
-1.406722559144373e-12
-0.008651650495320103
-0.03456740633152463
-0.03456740633152463
-1.195129270985848e-12
-0.007985840469711788
-0.03306418770464904
-0.03306418770464904
-9.830374848796215e-13
-0.007371269568912225
-0.03162988157204709
-0.03162988157204709
-7.748470431664727e-13
-0.006803994553962068
-0.03026111238316741
-0.03026111238316741
-5.745236935425903e-13
-0.006280375648018704
-0.02895468246872612
-0.02895468246872612
-3.855520848719903e-13
-0.005797053182651333
-0.02770756198714558
-0.02770756198714558
-2.108991050594604e-13
-0.005350926041379627
-0.02651687947346571
-0.02651687947346571
-5.300255516126344e-14
-0.004939131762144872
-0.02537991295301362
-0.02537991295301362
8.624676006774095e-14
-0.00455902817104592
-0.02429408158454995
-0.02429408158454995
2.054757750208233e-13
-0.004208176429497722
-0.02325693779988211
-0.02325693779988211
3.038371844296369e-13
-0.003884325386038893
-0.02226615990905843
-0.02226615990905843
3.809655536109015e-13
-0.003585397132385809
-0.02131954514224036
-0.02131954514224036
4.369551213327463e-13
-0.003309473671057165
-0.02041500310120363
-0.02041500310120363
4.723161768767722e-13
-0.003054784609025608
-0.01955054959515205
-0.01955054959515205
4.879348502193756e-13
-0.002819695798435647
-0.01872430083714575
-0.01872430083714575
4.850224926016664e-13
-0.002602698851504267
-0.01793446797895925
-0.01793446797895925
4.650710408577631e-13
-0.002402401462329071
-0.01717935196359879
-0.01717935196359879
4.298010735957586e-13
-0.002217518473506394
-0.01645733867603016
-0.01645733867603016
3.811150772665858e-13
-0.002046863630240922
-0.0157668943739042
-0.0157668943739042
3.210453902189975e-13
-0.00188934196903878
-0.0151065613812223
-0.0151065613812223
2.517094248851443e-13
-0.001743942792148462
-0.01447495402896428
-0.01447495402896428
1.752700421499344e-13
-0.001609733182671716
-0.01387075482771131
-0.01387075482771131
9.388266886067471e-14
-0.00148585201873583
-0.01329271085824046
-0.01329271085824046
9.66349068111063e-15
-0.001371504448320808
-0.0127396303669511
-0.0127396303669511
-7.533775354804894e-14
-0.001265956789290554
-0.01221037955380887
-0.01221037955380887
-1.591811216318829e-13
-0.001168531821905327
-0.01170387954126614
-0.01170387954126614
-2.40055336765419e-13
-0.001078604443611331
-0.01121910351334004
-0.01121910351334004
-3.163017154732401e-13
-0.0009955976582271227
-0.01075507401470529
-0.01075507401470529
-3.864318765273121e-13
-0.0009189788737927633
-0.01031086040029186
-0.01031086040029186
-4.491429167598444e-13
-0.000848256485327698
-0.009885576426469112
-0.009885576426469112
-5.033265565574299e-13
-0.0007829767205713961
-0.009478377975451712
-0.009478377975451712
-5.480740230721615e-13
-0.000722720728468317
-0.009088460905081317
-0.009088460905081317
-5.826836849266312e-13
-0.0006671018917162528
-0.008715059016622669
-0.008715059016622669
-6.066537866300073e-13
-0.000615763346134431
-0.008357442133667115
-0.008357442133667115
-6.196846998327891e-13
-0.0005683756909353007
-0.008014914285661494
-0.008014914285661494
-6.216666664424226e-13
-0.0005246348752083622
-0.007686811989978238
-0.007686811989978238
-6.126754576853253e-13
-0.0004842602470551159
-0.007372502626815267
-0.007372502626815267
-5.929649482352121e-13
-0.0004469927528581027
-0.007071382901563245
-0.007071382901563245
-5.629447160297581e-13
-0.0004125932751298087
-0.006782877389604276
-0.006782877389604276
-5.23172166048712e-13
-0.0003808410982768305
-0.006506437158812692
-0.006506437158812692
-4.743348858301288e-13
-0.0003515324924352452
-0.006241538465314818
-0.006241538465314818
-4.172369473991307e-13
-0.0003244794062905109
-0.00598768151833371
-0.00598768151833371
-3.527783622323084e-13
-0.0002995082604949649
-0.005744389310196276
-0.005744389310196276
-2.81944401714121e-13
-0.0002764588339409528
-0.005511206507816272
-0.005511206507816272
-2.057793837965189e-13
-0.0002551832357437133
-0.005287698402187598
-0.005287698402187598
-1.253740177278334e-13
-0.0002355449563380292
-0.005073449912629808
-0.005073449912629808
-4.185016702193343e-14
-0.0002174179916001613
-0.004868064642721758
-0.004868064642721758
4.365481966198993e-14
-0.0002006860343752235
-0.004671163985041723
-0.004671163985041723
1.300123865317915e-13
-0.0001852417282226879
-0.004482386272002996
-0.004482386272002996
2.16100652765675e-13
-0.0001709859785917792
-0.0043013859702343
-0.0043013859702343
3.008375878876787e-13
-0.0001578273170071198
-0.004127832916104593
-0.004127832916104593
3.831787124801966e-13
-0.0001456813141851098
-0.00396141159013281
-0.00396141159013281
4.621341473293151e-13
-0.0001344700383153702
-0.003801820428155478
-0.003801820428155478
5.367822682063819e-13
-0.0001241215550315316
-0.003648771167249174
-0.003648771167249174
6.062694975012103e-13
-0.0001145694658630172
-0.003501988224521423
-0.003501988224521423
6.698260525266401e-13
-0.0001057524822063695
-0.003361208106993012
-0.003361208106993012
7.26769213930823e-13
-9.761403208273919e-05
-0.003226178850897269
-0.003226178850897269
7.765042638391511e-13
-9.010189715823678e-05
-0.003096659488818514
-0.003096659488818514
8.185390160940074e-13
-8.316787769832424e-05
-0.00297241954318229
-0.00297241954318229
8.524742986683159e-13
-7.676748330643759e-05
-0.002853238544695136
-0.002853238544695136
8.780112330733079e-13
-7.085964746255859e-05
-0.002738905574411604
-0.002738905574411604
8.949494116346091e-13
-6.540646403015594e-05
-0.002629218828181338
-0.002629218828181338
9.031907085788468e-13
-6.037294404089749e-05
-0.002523985202299564
-0.002523985202299564
9.027281124700315e-13
-5.57267911965236e-05
-0.002423019899250839
-0.002423019899250839
8.936512852561848e-13
-5.143819464753864e-05
-0.002326146052498139
-0.002326146052498139
8.761380110548371e-13
-4.747963771912222e-05
-0.002233194369328118
-0.002233194369328118
8.504523170067122e-13
-4.382572135695253e-05
-0.002144002790818575
-0.002144002790818575
8.169364490550987e-13
-4.045300116020502e-05
-0.002058416168045994
-0.002058416168045994
7.760074911689376e-13
-3.733983695604053e-05
-0.001976285953699924
-0.001976285953699924
7.281506614575475e-13
-3.446625395047558e-05
-0.001897469908316851
-0.001897469908316851
6.739095198535052e-13
-3.181381456467198e-05
-0.001821831820389606
-0.001821831820389606
6.138851531978806e-13
-2.936550013440642e-05
-0.001749241239648889
-0.001749241239648889
5.487212338970981e-13
-2.710560171362679e-05
-0.001679573222852016
-0.001679573222852016
4.791010950298684e-13
-2.501961928147933e-05
-0.001612708091449969
-0.001612708091449969
4.057425509398594e-13
-2.30941687061061e-05
-0.001548531200537936
-0.001548531200537936
3.293838442045062e-13
-2.131689586827366e-05
-0.001486932718526586
-0.001486932718526586
2.507801567753705e-13
-1.967639739382708e-05
-0.001427807417001374
-0.001427807417001374
1.706946450842044e-13
-1.816214748637129e-05
-0.001371054470265912
-0.001371054470265912
8.989353560989569e-14
-1.676443039073321e-05
-0.00131657726409202
-0.00131657726409202
9.137247020889361e-15
-1.547427805386358e-05
-0.001264283213224533
-0.001264283213224533
-7.082693534024663e-14
-1.428341258321848e-05
-0.001214083587212754
-0.001214083587212754
-1.492687145758032e-13
-1.318419313339562e-05
-0.001165893344163002
-0.001165893344163002
-2.254847724005889e-13
-1.216956688025397e-05
-0.001119630972027899
-0.001119630972027899
-2.987981232702087e-13
-1.123302376796218e-05
-0.001075218337068133
-0.001075218337068133
-3.685690516035225e-13
-1.036855473860185e-05
-0.001032580539141348
-0.001032580539141348
-4.342001001491994e-13
-9.570613176337047e-06
-0.0009916457734907129
-0.0009916457734907129
-4.9513155145558e-13
-8.834079318769086e-06
-0.0009523451987225506
-0.0009523451987225506
-5.5085727536169e-13
-8.154227407088057e-06
-0.0009146128106784095
-0.0009146128106784095
-6.009187261827935e-13
-7.526695364332032e-06
-0.0008783853219219601
-0.0008783853219219601
-6.44911845705589e-13
-6.947456807115923e-06
-0.0008436020465754334
-0.0008436020465754334
-6.824904080396859e-13
-6.412795211281984e-06
-0.0008102047902536626
-0.0008102047902536626
-7.133590990558836e-13
-5.919280065748756e-06
-0.0007781377448565789
-0.0007781377448565789
-7.372876981867913e-13
-5.463744861490002e-06
-0.0007473473879930656
-0.0007473473879930656
-7.541035526273932e-13
-5.043266774461054e-06
-0.0007177823868203667
-0.0007177823868203667
-7.636904409284478e-13
-4.655147912081932e-06
-0.0006893935060941212
-0.0006893935060941212
-7.659924786570837e-13
-4.29689800298663e-06
-0.0006621335202341683
-0.0006621335202341683
-7.610151695074314e-13
-3.96621841892985e-06
-0.0006359571292210586
-0.0006359571292210586
-7.488176978196003e-13
-3.660987426334864e-06
-0.0006108208781471633
-0.0006108208781471633
-7.295156937646433e-13
-3.379246572896979e-06
-0.0005866830802550634
-0.0005866830802550634
-7.032785260892738e-13
-3.119188121822707e-06
-0.000563503743304017
-0.000563503743304017
-6.703295330769451e-13
-2.879143453138678e-06
-0.0005412444991130897
-0.0005412444991130897
-6.309378549037453e-13
-2.657572357618084e-06
-0.0005198685361368426
-0.0005198685361368426
-5.854201228351324e-13
-2.45305315462512e-06
-0.0004993405349365025
-0.0004993405349365025
-5.341378862767356e-13
-2.264273570491051e-06
-0.0004796266064161012
-0.0004796266064161012
-4.774899801111205e-13
-2.09002231888463e-06
-0.0004606942326993256
-0.0004606942326993256
-4.159122959107996e-13
-1.929181329133476e-06
-0.0004425122105288107
-0.0004425122105288107
-3.498762846504751e-13
-1.780718572657091e-06
-0.0004250505970751735
-0.0004250505970751735
-2.798793685677824e-13
-1.643681441479044e-06
-0.0004082806580485053
-0.0004082806580485053
-2.064462660655475e-13
-1.517190636297966e-06
-0.0003921748180100533
-0.0003921748180100533
-1.301197695361159e-13
-1.400434524952947e-06
-0.0003767066127866608
-0.0003767066127866608
-5.146348750734068e-14
-1.292663935031181e-06
-0.0003618506438951381
-0.0003618506438951381
2.894553724633469e-14
-1.193187347251666e-06
-0.0003475825348880318
-0.0003475825348880318
1.105246921185804e-13
-1.101366458738308e-06
-0.0003338788895363894
-0.0003338788895363894
1.926828459385472e-13
-1.016612087764042e-06
-0.0003207172517691035
-0.0003207172517691035
2.748259932424708e-13
-9.383803936315909e-07
-0.0003080760672920408
-0.0003080760672920408
3.56367885864979e-13
-8.661693874828959e-07
-0.0002959346468137823
-0.0002959346468137823
4.3672409376025e-13
-7.995157116185049e-07
-0.000284273130808124
-0.000284273130808124
5.153203051114059e-13
-7.379916666903548e-07
-0.0002730724557467141
-0.0002730724557467141
5.915967474989263e-13
-6.812024676591151e-07
-0.0002623143217382147
-0.0002623143217382147
6.650108425007869e-13
-6.287837109165982e-07
-0.0002519811615133032
-0.0002519811615133032
7.350359394934921e-13
-5.803990363723349e-07
-0.0002420561106975566
-0.0002420561106975566
8.011729041357189e-13
-5.357379693989907e-07
-0.0002325229793169144
-0.0002325229793169144
8.629436249560621e-13
-4.945139289068802e-07
-0.0002233662244828528
-0.0002233662244828528
9.198997376624416e-13
-4.564623886672428e-07
-0.0002145709242068652
-0.0002145709242068652
9.71625449456223e-13
-4.213391801671836e-07
-0.0002061227522959988
-0.0002061227522959988
1.017732081358908e-12
-3.889189260306403e-07
-0.0001980079542834676
-0.0001980079542834676
1.057871470536415e-12
-3.589935940316882e-07
-0.000190213324350295
-0.000190213324350295
1.091725591832099e-12
-3.313711623471429e-07
-0.000182726183195996
-0.000182726183195996
1.119019527740812e-12
-3.058743875484121e-07
-0.0001755343568180998
-0.0001755343568180998
1.139511487970112e-12
-2.823396673852416e-07
-0.000168626156162128
-0.000168626156162128
1.153002516230555e-12
-2.606159910835671e-07
-0.0001619903576053116
-0.0001619903576053116
1.159333847172344e-12
-2.405639704180875e-07
-0.0001556161842389658
-0.0001556161842389658
1.158386853650849e-12
-2.220549453421911e-07
-0.0001494932879159488
-0.0001494932879159488
1.150084207999688e-12
-2.049701584485857e-07
-0.0001436117320311411
-0.0001436117320311411
1.134390470248111e-12
-1.891999929367204e-07
-0.00013796197500422
-0.00013796197500422
1.111308840815899e-12
-1.746432692330332e-07
-0.0001325348544354123
-0.0001325348544354123
1.080885492058506e-12
-1.612065957236035e-07
-0.0001273215719061136
-0.0001273215719061136
1.043206585269613e-12
-1.488037694534356e-07
-0.0001223136783975092
-0.0001223136783975092
9.983973263655919e-13
-1.373552229292089e-07
-0.0001175030603015102
-0.0001175030603015102
9.466211597434526e-13
-1.267875134936658e-07
-0.000112881925999376
-0.000112881925999376
8.880775051513498e-13
-1.170328519916617e-07
-0.0001084427929845125
-0.0001084427929845125
8.230029183120304e-13
-1.0802866769265e-07
-0.0001041784755068698
-0.0001041784755068698
7.516675747274684e-13
-9.971720669732531e-08
-0.0001000820727174195
-0.0001000820727174195
6.743775335623606e-13
-9.204516123949616e-08
-9.614695729200594e-05
-9.614695729200594e-05
5.914658281837111e-13
-8.49633275039926e-08
-9.236676451486614e-05
-9.236676451486614e-05
5.032966486293894e-13
-7.842628979060773e-08
-8.873538180283345e-05
-8.873538180283345e-05
4.102624017493673e-13
-7.239212894690154e-08
-8.524693865212378e-05
-8.524693865212378e-05
3.127785058280072e-13
-6.682215326871133e-08
-8.189579699035178e-05
-8.189579699035178e-05
2.112849454672965e-13
-6.168065007056642e-08
-7.867654191714056e-05
-7.867654191714056e-05
1.062431366195443e-13
-5.693465640064482e-08
-7.558397281739795e-05
-7.558397281739795e-05
-1.869650830873513e-15
-5.255374737417427e-08
-7.261309483202868e-05
-7.261309483202868e-05
-1.12555733848889e-13
-4.850984079677205e-08
-6.975911067143073e-05
-6.975911067143073e-05
-2.253088268586578e-13
-4.47770168294315e-08
-6.701741275783345e-05
-6.701741275783345e-05
-3.396060710043472e-13
-4.133135151291625e-08
-6.438357568299292e-05
-6.438357568299292e-05
-4.54919383192448e-13
-3.815076311212998e-08
-6.185334896846858e-05
-6.185334896846858e-05
-5.70711874288966e-13
-3.5214870276923e-08
-5.942265011610138e-05
-5.942265011610138e-05
-6.864427737829492e-13
-3.250486111623783e-08
-5.708755793693263e-05
-5.708755793693263e-05
-8.015718686971607e-13
-3.000337234623495e-08
-5.484430614722842e-05
-5.484430614722842e-05
-9.155575476561769e-13
-2.769437773956902e-08
-5.268927722078855e-05
-5.268927722078855e-05
-1.027861005913106e-12
-2.556308515493975e-08
-5.061899648712147e-05
-5.061899648712147e-05
-1.137949920211959e-12
-2.359584148743762e-08
-4.863012646555705e-05
-4.863012646555705e-05
-1.245298191825289e-12
-2.178004494001432e-08
-4.671946142571323e-05
-4.671946142571323e-05
-1.349393198232647e-12
-2.010406404044858e-08
-4.488392216519184e-05
-4.488392216519184e-05
-1.449727221287571e-12
-1.855716288903125e-08
-4.312055099570689e-05
-4.312055099570689e-05
-1.545813321004136e-12
-1.712943216562783e-08
-4.142650692923237e-05
-4.142650692923237e-05
-1.637177368892421e-12
-1.581172544264252e-08
-3.979906105611278e-05
-3.979906105611278e-05
-1.72336384347594e-12
-1.45956003982551e-08
-3.823559210738115e-05
-3.823559210738115e-05
-1.803935490625567e-12
-1.347326455893153e-08
-3.673358219387484e-05
-3.673358219387484e-05
-1.878477365364802e-12
-1.243752521665553e-08
-3.529061271502394e-05
-3.529061271502394e-05
-1.946598772781912e-12
-1.148174320138196e-08
-3.390436043050823e-05
-3.390436043050823e-05
-2.007929253575416e-12
-1.059979021501453e-08
-3.257259368819793e-05
-3.257259368819793e-05
-2.06213021444302e-12
-9.786009450626053e-09
-3.12931688021484e-05
-3.12931688021484e-05
-2.108883419022184e-12
-9.035179243523382e-09
-3.00640265745784e-05
-3.00640265745784e-05
-2.147902806096045e-12
-8.342479520559217e-09
-2.888318895609561e-05
-2.888318895609561e-05
-2.178927877497364e-12
-7.703460839627929e-09
-2.774875583858883e-05
-2.774875583858883e-05
-2.201732677962929e-12
-7.114015809096429e-09
-2.665890197551614e-05
-2.665890197551614e-05
-2.216119879113469e-12
-6.570352716674435e-09
-2.561187402444577e-05
-2.561187402444577e-05
-2.221920514733666e-12
-6.068971177759489e-09
-2.460598770697309e-05
-2.460598770697309e-05
-2.219002139426062e-12
-5.606639680284884e-09
-2.363962508133185e-05
-2.363962508133185e-05
-2.207260487137206e-12
-5.180374843481962e-09
-2.271123192317128e-05
-2.271123192317128e-05
-2.186626720724866e-12
-4.787422288845365e-09
-2.181931521019293e-05
-2.181931521019293e-05
-2.15706264368914e-12
-4.425238976226001e-09
-2.096244070649753e-05
-2.096244070649753e-05
-2.11856424856759e-12
-4.091476917526059e-09
-2.01392306426517e-05
-2.01392306426517e-05
-2.071157471771132e-12
-3.783968130194944e-09
-1.934836148766807e-05
-1.934836148766807e-05
-2.014905004859417e-12
-3.50071076427743e-09
-1.858856180923274e-05
-1.858856180923274e-05
-1.94989647096683e-12
-3.239856299930499e-09
-1.785861021864748e-05
-1.785861021864748e-05
-1.876257153946099e-12
-2.999697733387652e-09
-1.715733339713358e-05
-1.715733339713358e-05
-1.794139690638973e-12
-2.778658667943674e-09
-1.648360420023617e-05
-1.648360420023617e-05
-1.703732119513561e-12
-2.575283262246031e-09
-1.583633983724167e-05
-1.583633983724167e-05
-1.605246077137408e-12
-2.388226944310221e-09
-1.521450012259382e-05
-1.521450012259382e-05
-1.498928213967187e-12
-2.216247854872687e-09
-1.461708579648673e-05
-1.461708579648673e-05
-1.385048586575805e-12
-2.058198938539962e-09
-1.404313691183825e-05
-1.404313691183825e-05
-1.263905505045079e-12
-1.913020665130427e-09
-1.349173128503537e-05
-1.349173128503537e-05
-1.135823629341935e-12
-1.779734296900419e-09
-1.296198300790802e-05
-1.296198300790802e-05
-1.001154461116478e-12
-1.657435694707705e-09
-1.245304101851429e-05
-1.245304101851429e-05
-8.602690664573318e-13
-1.545289587718454e-09
-1.196408772836064e-05
-1.196408772836064e-05
-7.135634770982707e-13
-1.442524305880223e-09
-1.149433770387964e-05
-1.149433770387964e-05
-5.614515119385204e-13
-1.348426901972241e-09
-1.104303639994623e-05
-1.104303639994623e-05
-4.04370502505837e-13
-1.262338665184558e-09
-1.060945894342028e-05
-1.060945894342028e-05
-2.427739112304024e-13
-1.183650980882981e-09
-1.019290896471099e-05
-1.019290896471099e-05
-7.71311805359966e-14
-1.111801512232489e-09
-9.792717475450569e-06
-9.792717475450569e-06
9.207083684284524e-14
-1.046270671287759e-09
-9.408241790468292e-06
-9.408241790468292e-06
2.64334884627794e-13
-9.865783780199736e-10
-9.038864492299559e-06
-9.038864492299559e-06
4.391502060314642e-13
-9.322810583577356e-10
-8.683992436542551e-06
-8.683992436542551e-06
6.159951026975623e-13
-8.829688850145362e-10
-8.34305579645683e-06
-8.34305579645683e-06
7.943408719064127e-13
-8.382632288601788e-10
-8.015507145239061e-06
-8.015507145239061e-06
9.736514053874847e-13
-7.978143093089221e-10
-7.700820574487685e-06
-7.700820574487685e-06
1.153383994112519e-12
-7.612990265542237e-10
-7.398490847426469e-06
-7.398490847426469e-06
1.332991546434611e-12
-7.284189694146888e-10
-7.108032585521174e-06
-7.108032585521174e-06
1.511930913421977e-12
-6.988985666680766e-10
-6.828979487135579e-06
-6.828979487135579e-06
1.689649128682514e-12
-6.724833960067755e-10
-6.560883577012111e-06
-6.560883577012111e-06
1.865601742060655e-12
-6.489386107595006e-10
-6.30331448530605e-06
-6.30331448530605e-06
2.039244248170176e-12
-6.280475026954573e-10
-6.055858755045149e-06
-6.055858755045149e-06
2.210036672117974e-12
-6.096101680098533e-10
-5.818119176862117e-06
-5.818119176862117e-06
2.377445502732807e-12
-5.934422791683138e-10
-5.589714149943843e-06
-5.589714149943843e-06
2.540943649036753e-12
-5.793739542671872e-10
-5.370277068159921e-06
-5.370277068159921e-06
2.700014641125011e-12
-5.672487136310073e-10
-5.159455730345729e-06
-5.159455730345729e-06
2.854150379041108e-12
-5.569225159005599e-10
-4.956911773844659e-06
-4.956911773844659e-06
3.002856642633917e-12
-5.482628715715186e-10
-4.762320130325764e-06
-4.762320130325764e-06
3.14565191184606e-12
-5.4114802614948e-10
-4.575368503043264e-06
-4.575368503043264e-06
3.282067081798958e-12
-5.354662004987097e-10
-4.39575686468346e-06
-4.39575686468346e-06
3.411652313111277e-12
-5.311148986063689e-10
-4.223196974964518e-06
-4.223196974964518e-06
3.533972100438696e-12
-5.280002621271012e-10
-4.057411917236693e-06
-4.057411917236693e-06
3.648609040741356e-12
-5.260364796013478e-10
-3.898135653321553e-06
-3.898135653321553e-06
3.755167462082024e-12
-5.25145238267476e-10
-3.745112595872316e-06
-3.745112595872316e-06
3.853268993694074e-12
-5.252552211372191e-10
-3.59809719755567e-06
-3.59809719755567e-06
3.942559790786491e-12
-5.263016364665563e-10
-3.456853556410071e-06
-3.456853556410071e-06
4.02270368791659e-12
-5.282257922523578e-10
-3.321155036733711e-06
-3.321155036733711e-06
4.093392175467331e-12
-5.309746949330906e-10
-3.190783904876748e-06
-3.190783904876748e-06
4.154338191860849e-12
-5.345006870752603e-10
-3.065530979375401e-06
-3.065530979375401e-06
4.205279265215238e-12
-5.387611026018747e-10
-2.945195294845589e-06
-2.945195294845589e-06
4.245978903756546e-12
-5.437179570052163e-10
-2.82958377909232e-06
-2.82958377909232e-06
4.27622452655436e-12
-5.493376573632612e-10
-2.718510942938258e-06
-2.718510942938258e-06
4.295832857202584e-12
-5.555907318724312e-10
-2.611798582222264e-06
-2.611798582222264e-06
4.304643424536242e-12
-5.624515858421398e-10
-2.509275491553611e-06
-2.509275491553611e-06
4.302525622884112e-12
-5.698982698403464e-10
-2.410777189294265e-06
-2.410777189294265e-06
4.289374977734481e-12
-5.779122675407905e-10
-2.316145653374373e-06
-2.316145653374373e-06
4.265115112549657e-12
-5.864783013006745e-10
-2.225229067490455e-06
-2.225229067490455e-06
4.229697215205713e-12
-5.955841465731034e-10
-2.137881577280718e-06
-2.137881577280718e-06
4.183098147064413e-12
-6.052204665002071e-10
-2.053963056093913e-06
-2.053963056093913e-06
4.125326305807827e-12
-6.153806544215503e-10
-1.973338879962361e-06
-1.973338879962361e-06
4.056413504120748e-12
-6.260606906005956e-10
-1.895879711424466e-06
-1.895879711424466e-06
3.97642195290032e-12
-6.37259004393095e-10
-1.821461291848249e-06
-1.821461291848249e-06
3.885439607559791e-12
-6.489763519325655e-10
-1.749964241912624e-06
-1.749964241912624e-06
3.783582749345307e-12
-6.612157029871157e-10
-1.681273869937726e-06
-1.681273869937726e-06
3.670992325401735e-12
-6.739821283604229e-10
-1.615279987748196e-06
-1.615279987748196e-06
3.547837518366919e-12
-6.872827053532011e-10
-1.551876733770759e-06
-1.551876733770759e-06
3.414312649591662e-12
-7.011264237098399e-10
-1.490962403092313e-06
-1.490962403092313e-06
3.270637929446798e-12
-7.155240962493702e-10
-1.432439284184565e-06
-1.432439284184565e-06
3.117053981281617e-12
-7.304882888172077e-10
-1.376213502068639e-06
-1.376213502068639e-06
2.953833737745816e-12
-7.460332372561164e-10
-1.322194867612711e-06
-1.322194867612711e-06
2.781265851812728e-12
-7.621747834797231e-10
-1.270296732776244e-06
-1.270296732776244e-06
2.599665493393177e-12
-7.789303131983837e-10
-1.220435851537241e-06
-1.220435851537241e-06
2.409368434834195e-12
-7.963186969950595e-10
-1.172532246276048e-06
-1.172532246276048e-06
2.210733089533556e-12
-8.143602330599526e-10
-1.126509079417504e-06
-1.126509079417504e-06
2.004133913180844e-12
-8.330766033154591e-10
-1.08229253011901e-06
-1.08229253011901e-06
1.789970694397893e-12
-8.524908236866224e-10
-1.039811675793783e-06
-1.039811675793783e-06
1.568655938499677e-12
-8.726272038653682e-10
-9.989983782976016e-07
-9.989983782976016e-07
1.340624261179667e-12
-8.935113082486384e-10
-9.597871745853626e-07
-9.597871745853626e-07
1.106322078383151e-12
-9.151699232146694e-10
-9.221151716647864e-07
-9.221151716647864e-07
8.662146047497904e-13
-9.376310212853837e-10
-8.85921945668254e-07
-8.85921945668254e-07
6.207793717674422e-13
-9.609237367061188e-10
-8.511494449041637e-07
-8.511494449041637e-07
3.705067103571e-13
-9.850783376313211e-10
-8.177418967073981e-07
-8.177418967073981e-07
1.159013957572661e-13
-1.010126205150281e-09
-7.856457179492298e-07
-7.856457179492298e-07
-1.425239302680599e-13
-1.03609981089246e-09
-7.548094290654964e-07
-7.548094290654964e-07
-4.042449546164538e-13
-1.063032702899461e-09
-7.251835714628925e-07
-7.251835714628925e-07
-6.687308020283135e-13
-1.090959489348828e-09
-6.967206281656404e-07
-6.967206281656404e-07
-9.354422161857548e-13
-1.119915829731767e-09
-6.693749475844137e-07
-6.693749475844137e-07
-1.2038318421815e-12
-1.149938417769231e-09
-6.431026702713796e-07
-6.431026702713796e-07
-1.473352373923145e-12
-1.181064983431514e-09
-6.178616585619185e-07
-6.178616585619185e-07
-1.743448003220225e-12
-1.213334285074942e-09
-5.936114289722775e-07
-5.936114289722775e-07
-2.01356264838541e-12
-1.246786105039219e-09
-5.703130872557028e-07
-5.703130872557028e-07
-2.28313848641537e-12
-1.281461254752252e-09
-5.47929266009739e-07
-5.47929266009739e-07
-2.551618501281123e-12
-1.317401571715295e-09
-5.264240647318307e-07
-5.264240647318307e-07
-2.818445508546434e-12
-1.354649930646642e-09
-5.057629922326362e-07
-5.057629922326362e-07
-3.083065412864158e-12
-1.393250245867866e-09
-4.859129113029978e-07
-4.859129113029978e-07
-3.344927215545793e-12
-1.433247483595957e-09
-4.668419855641223e-07
-4.668419855641223e-07
-3.603484459839718e-12
-1.474687673938929e-09
-4.485196283979552e-07
-4.485196283979552e-07
-3.85819722883243e-12
-1.517617924413704e-09
-4.30916453887409e-07
-4.30916453887409e-07
-4.10853162151211e-12
-1.562086435125084e-09
-4.140042296782544e-07
-4.140042296782544e-07
-4.353962791613817e-12
-1.608142521596188e-09
-3.977558316980127e-07
-3.977558316980127e-07
-4.59397281318375e-12
-1.655836634330894e-09
-3.821452006440706e-07
-3.821452006440706e-07
-4.828057647677805e-12
-1.705220379343436e-09
-3.6714730019346e-07
-3.6714730019346e-07
-5.05571995385604e-12
-1.756346550562783e-09
-3.527380768386432e-07
-3.527380768386432e-07
-5.276477262801516e-12
-1.809269151706211e-09
-3.388944213121394e-07
-3.388944213121394e-07
-5.489860730649627e-12
-1.864043431564107e-09
-3.255941315191517e-07
-3.255941315191517e-07
-5.695414600591719e-12
-1.920725915945064e-09
-3.128158769316206e-07
-3.128158769316206e-07
-5.892695283653019e-12
-1.979374440424661e-09
-3.005391643685515e-07
-3.005391643685515e-07
-6.08127945167537e-12
-2.04004819315836e-09
-2.887443051330034e-07
-2.887443051330034e-07
-6.260760430909302e-12
-2.102807754553642e-09
-2.774123834354423e-07
-2.774123834354423e-07
-6.430744060967876e-12
-2.167715135653367e-09
-2.665252260481914e-07
-2.665252260481914e-07
-6.590861050516352e-12
-2.234833830423562e-09
-2.560653731684855e-07
-2.560653731684855e-07
-6.740754598633938e-12
-2.304228857521121e-09
-2.460160504017065e-07
-2.460160504017065e-07
-6.880091985646907e-12
-2.375966817209708e-09
-2.363611418703746e-07
-2.363611418703746e-07
-7.00855797408565e-12
-2.450115939685297e-09
-2.270851643586091e-07
-2.270851643586091e-07
-7.125861376845532e-12
-2.526746143226876e-09
-2.181732424834874e-07
-2.181732424834874e-07
-7.231728269574882e-12
-2.605929093667756e-09
-2.096110848309935e-07
-2.096110848309935e-07
-7.325910460644362e-12
-2.687738263252912e-09
-2.013849610421375e-07
-2.013849610421375e-07
-7.408178897720318e-12
-2.772248997774063e-09
-1.934816797835573e-07
-1.934816797835573e-07
-7.478329167365212e-12
-2.859538581529623e-09
-1.858885675975348e-07
-1.858885675975348e-07
-7.536178406620589e-12
-2.949686306620812e-09
-1.785934485642596e-07
-1.785934485642596e-07
-7.58156989149811e-12
-3.042773547762094e-09
-1.715846247864707e-07
-1.715846247864707e-07
-7.614367133574916e-12
-3.138883836120589e-09
-1.648508576132247e-07
-1.648508576132247e-07
-7.634459994730436e-12
-3.238102938754836e-09
-1.583813496224455e-07
-1.583813496224455e-07
-7.641761299849905e-12
-3.340518938880267e-09
-1.5216572729997e-07
-1.5216572729997e-07
-7.636208212797403e-12
-3.446222322218742e-09
-1.461940243994607e-07
-1.461940243994607e-07
-7.617760812277961e-12
-3.555306061919769e-09
-1.404566659553374e-07
-1.404566659553374e-07
-7.58640744522721e-12
-3.667865713467327e-09
-1.349444529280685e-07
-1.349444529280685e-07
-7.542156527601364e-12
-3.783999502924087e-09
-1.296485474439331e-07
-1.296485474439331e-07
-7.485041636915552e-12
-3.903808429700797e-09
-1.245604586226317e-07
-1.245604586226317e-07
-7.415122934250707e-12
-4.027396364519665e-09
-1.196720289523416e-07
-1.196720289523416e-07
-7.332481699393617e-12
-4.154870151099292e-09
-1.14975421209578e-07
-1.14975421209578e-07
-7.23722382621678e-12
-4.286339719909118e-09
-1.104631058794904e-07
-1.104631058794904e-07
-7.129479613886492e-12
-4.421918191831335e-09
-1.061278490835115e-07
-1.061278490835115e-07
-7.00940170544461e-12
-4.561721996402305e-09
-1.019627009716084e-07
-1.019627009716084e-07
-6.877166782804752e-12
-4.70587098921728e-09
-9.796098457111188e-08
-9.796098457111188e-08
-6.73297281110757e-12
-4.854488573241214e-09
-9.411628508238822e-08
-9.411628508238822e-08
-6.577039931637657e-12
-5.007701825804721e-09
-9.042243957551801e-08
-9.042243957551801e-08
-6.40961089168046e-12
-5.165641623246891e-09
-8.687352710886849e-08
-8.687352710886849e-08
-6.230951545678697e-12
-5.328442781750483e-09
-8.346385923428944e-08
-8.346385923428944e-08
-6.041343009135109e-12
-5.496244185910067e-09
-8.018797085886842e-08
-8.018797085886842e-08
-5.841093252967411e-12
-5.669188938452588e-09
-7.704061148598053e-08
-7.704061148598053e-08
-5.630524522253483e-12
-5.847424499841545e-09
-7.40167367853455e-08
-7.40167367853455e-08
-5.409981895377677e-12
-6.031102838672734e-09
-7.111150049738859e-08
-7.111150049738859e-08
-5.179827809823287e-12
-6.220380591565417e-09
-6.832024666629251e-08
-6.832024666629251e-08
-4.940439388584588e-12
-6.415419214753317e-09
-6.563850215393366e-08
-6.563850215393366e-08
-4.692216563582923e-12
-6.616385151726838e-09
-6.306196947537522e-08
-6.306196947537522e-08
-4.435568525334161e-12
-6.823449997974577e-09
-6.058651989079054e-08
-6.058651989079054e-08
-4.170929006641115e-12
-7.036790678833527e-09
-5.820818678920605e-08
-5.820818678920605e-08
-3.898737350511265e-12
-7.256589623873093e-09
-5.592315931758219e-08
-5.592315931758219e-08
-3.619452176149955e-12
-7.483034949083176e-09
-5.37277762638111e-08
-5.37277762638111e-08
-3.333543667066188e-12
-7.716320646172251e-09
-5.161852018390962e-08
-5.161852018390962e-08
-3.04149533386493e-12
-7.956646780072214e-09
-4.959201175399892e-08
-4.959201175399892e-08
-2.743800566957621e-12
-8.204219679523959e-09
-4.7645004344729e-08
-4.7645004344729e-08
-2.440965296204996e-12
-8.45925214855294e-09
-4.577437881687931e-08
-4.577437881687931e-08
-2.133502253209306e-12
-8.721963673729626e-09
-4.397713850354642e-08
-4.397713850354642e-08
-1.821937408239193e-12
-8.992580643479128e-09
-4.225040441385984e-08
-4.225040441385984e-08
-1.506799394112146e-12
-9.27133656527785e-09
-4.059141059692784e-08
-4.059141059692784e-08
-1.188627678157985e-12
-9.558472299877703e-09
-3.89974997134477e-08
-3.89974997134477e-08
-8.679659459365241e-13
-9.854236293799556e-09
-3.746611876340732e-08
-3.746611876340732e-08
-5.453644713729266e-13
-1.015888482195564e-08
-3.599481498984373e-08
-3.599481498984373e-08
-2.213745857828129e-13
-1.047268223304609e-08
-3.458123193912757e-08
-3.458123193912757e-08
1.034457754618551e-13
-1.079590121266721e-08
-3.322310568205006e-08
-3.322310568205006e-08
4.285374700306434e-13
-1.112882303645431e-08
-3.191826117416482e-08
-3.191826117416482e-08
7.533407333973968e-13
-1.147173785032666e-08
-3.066460876832133e-08
-3.066460876832133e-08
1.077295404608096e-12
-1.182494494126371e-08
-2.946014085688199e-08
-2.946014085688199e-08
1.399841335573331e-12
-1.218875302390379e-08
-2.830292864950765e-08
-2.830292864950765e-08
1.720419371591476e-12
-1.256348053991027e-08
-2.719111907613892e-08
-2.719111907613892e-08
2.038473626696618e-12
-1.294945595352588e-08
-2.612293181258551e-08
-2.612293181258551e-08
2.353450996038508e-12
-1.334701806897642e-08
-2.509665642239551e-08
-2.509665642239551e-08
2.664804271496957e-12
-1.375651634269377e-08
-2.411064960879629e-08
-2.411064960879629e-08
2.971988440006207e-12
-1.417831121931997e-08
-2.316333257768409e-08
-2.316333257768409e-08
3.274465739041503e-12
-1.461277446681587e-08
-2.22531885053125e-08
-2.22531885053125e-08
3.571706618178615e-12
-1.506028952562316e-08
-2.137876009753995e-08
-2.137876009753995e-08
3.863187435323269e-12
-1.552125186438769e-08
-2.053864725616953e-08
-2.053864725616953e-08
4.148392948000865e-12
-1.59960693515487e-08
-1.973150482679659e-08
-1.973150482679659e-08
4.426819510757796e-12
-1.648516263338501e-08
-1.895604044140205e-08
-1.895604044140205e-08
4.69796961626354e-12
-1.698896552309779e-08
-1.821101244577031e-08
-1.821101244577031e-08
4.961361061578359e-12
-1.750792540316801e-08
-1.749522789966749e-08
-1.749522789966749e-08
5.216519062362871e-12
-1.804250363716813e-08
-1.680754067049239e-08
-1.680754067049239e-08
5.462984646432824e-12
-1.859317599626243e-08
-1.614684958885391e-08
-1.614684958885391e-08
5.700310193440036e-12
-1.916043309486056e-08
-1.551209668054738e-08
-1.551209668054738e-08
5.928060217213362e-12
-1.974478084173836e-08
-1.490226547164633e-08
-1.490226547164633e-08
6.145816831911052e-12
-2.034674090598785e-08
-1.431637935355485e-08
-1.431637935355485e-08
6.353173425818678e-12
-2.096685118660223e-08
-1.375350002142428e-08
-1.375350002142428e-08
6.549742517195183e-12
-2.160566631251563e-08
-1.321272596391931e-08
-1.321272596391931e-08
6.735149566927398e-12
-2.226375814073364e-08
-1.269319101774928e-08
-1.269319101774928e-08
6.909037044323213e-12
-2.294171628085531e-08
-1.219406297943566e-08
-1.219406297943566e-08
7.071065409939949e-12
-2.364014862737222e-08
-1.171454226852123e-08
-1.171454226852123e-08
7.220911588691621e-12
-2.435968191530669e-08
-1.125386064984432e-08
-1.125386064984432e-08
7.358270973601248e-12
-2.510096228738549e-08
-1.081127999596053e-08
-1.081127999596053e-08
7.482856819549728e-12
-2.586465587167749e-08
-1.038609110518555e-08
-1.038609110518555e-08
7.594399620827135e-12
-2.665144939356573e-08
-9.977612567259596e-09
-9.977612567259596e-09
7.692649619997952e-12
-2.746205079158136e-08
-9.585189668613229e-09
-9.585189668613229e-09
7.777377678706707e-12
-2.829718985494227e-08
-9.208193343350287e-09
-9.208193343350287e-09
7.848370381015926e-12
-2.915761888313674e-08
-8.846019167264646e-09
-8.846019167264646e-09
7.905436937190592e-12
-3.004411336076293e-08
-8.498086384575512e-09
-8.498086384575512e-09
7.948402790695954e-12
-3.095747266008206e-08
-8.163836986676798e-09
-8.163836986676798e-09
7.977115966548829e-12
-3.189852075272557e-08
-7.842734805671558e-09
-7.842734805671558e-09
7.991441285802149e-12
-3.286810695749001e-08
-7.534264669554023e-09
-7.534264669554023e-09
7.991266422279958e-12
-3.386710669793083e-08
-7.237931567873585e-09
-7.237931567873585e-09
7.976496867599523e-12
-3.48964222864259e-08
-6.953259863517826e-09
-6.953259863517826e-09
7.94705520664181e-12
-3.595698373993549e-08
-6.679792531275535e-09
-6.679792531275535e-09
7.90288820569476e-12
-3.704974960691349e-08
-6.41709042656594e-09
-6.41709042656594e-09
7.843958505159333e-12
-3.817570783163778e-08
-6.164731583726986e-09
-6.164731583726986e-09
7.77024861118458e-12
-3.933587663353372e-08
-5.922310539154078e-09
-5.922310539154078e-09
7.681759335729741e-12
-4.053130542337607e-08
-5.689437688525737e-09
-5.689437688525737e-09
7.578511089644199e-12
-4.176307573975197e-08
-5.465738655541458e-09
-5.465738655541458e-09
7.460540834966588e-12
-4.303230222015003e-08
-5.250853705667289e-09
-5.250853705667289e-09
7.327904161612528e-12
-4.43401335930812e-08
-5.044437161502595e-09
-5.044437161502595e-09
7.180674779877138e-12
-4.568775370970896e-08
-4.846156855553478e-09
-4.846156855553478e-09
7.01894064594138e-12
-4.707638260158063e-08
-4.6556936004891e-09
-4.6556936004891e-09
6.842808700135482e-12
-4.85072775725909e-08
-4.472740679577384e-09
-4.472740679577384e-09
6.652399846230565e-12
-4.998173431829434e-08
-4.297003355519161e-09
-4.297003355519161e-09
6.447850165643308e-12
-5.150108809159831e-08
-4.128198404861791e-09
-4.128198404861791e-09
6.229312410063146e-12
-5.306671489004364e-08
-3.96605366180894e-09
-3.96605366180894e-09
5.996949392067892e-12
-5.468003269191915e-08
-3.810307591340341e-09
-3.810307591340341e-09
5.750941620322741e-12
-5.634250271833584e-08
-3.660708864355938e-09
-3.660708864355938e-09
5.491477371013505e-12
-5.805563074285563e-08
-3.517015964944827e-09
-3.517015964944827e-09
5.218757833796875e-12
-5.98209684390362e-08
-3.378996804502225e-09
-3.378996804502225e-09
4.932997581704054e-12
-6.164011476373226e-08
-3.246428349222004e-09
-3.246428349222004e-09
4.634415840567364e-12
-6.351471739099911e-08
-3.119096271336151e-09
-3.119096271336151e-09
4.323245700624096e-12
-6.544647418423413e-08
-2.996794603379615e-09
-2.996794603379615e-09
3.999724214212428e-12
-6.743713471354016e-08
-2.879325415163911e-09
-2.879325415163911e-09
3.664096573576696e-12
-6.9488501822647e-08
-2.766498495460664e-09
-2.766498495460664e-09
3.316614115197608e-12
-7.16024332430315e-08
-2.658131055668692e-09
-2.658131055668692e-09
2.957530826702785e-12
-7.378084325351597e-08
-2.554047436584059e-09
-2.554047436584059e-09
2.587106810974087e-12
-7.602570439487683e-08
-2.454078827713523e-09
-2.454078827713523e-09
2.205601258118837e-12
-7.833904923547876e-08
-2.35806300700841e-09
-2.35806300700841e-09
1.813276470896824e-12
-8.072297219235944e-08
-2.26584407553285e-09
-2.26584407553285e-09
1.410393629380331e-12
-8.317963140522805e-08
-2.177272217628486e-09
-2.177272217628486e-09
9.972114383804843e-13
-8.571125067048158e-08
-2.09220346062373e-09
-2.09220346062373e-09
5.739875954564063e-13
-8.832012143213007e-08
-2.010499444762852e-09
-2.010499444762852e-09
1.409710158530809e-13
-9.100860483646209e-08
-1.932027212080651e-09
-1.932027212080651e-09
-3.015906599064863e-13
-9.377913384976276e-08
-1.856658989765935e-09
-1.856658989765935e-09
-7.534590535354059e-13
-9.66342154336013e-08
-1.784271987684782e-09
-1.784271987684782e-09
-1.214406182553288e-12
-9.957643280041384e-08
-1.714748212080588e-09
-1.714748212080588e-09
-1.684212816102127e-12
-1.026084477232583e-07
-1.64797426877346e-09
-1.64797426877346e-09
-2.162674309070574e-12
-1.057330029263282e-07
-1.583841194264831e-09
-1.583841194264831e-09
-2.64959790516482e-12
-1.08952924549383e-07
-1.522244278203249e-09
-1.522244278203249e-09
-3.144807428343365e-12
-1.122711246767421e-07
-1.463082898257768e-09
-1.463082898257768e-09
-3.648144394128418e-12
-1.156906039553253e-07
-1.406260364121045e-09
-1.406260364121045e-09
-4.159469929266773e-12
-1.192144542895517e-07
-1.351683765571584e-09
-1.351683765571584e-09
-4.678665405571348e-12
-1.228458616164367e-07
-1.299263821067656e-09
-1.299263821067656e-09
-5.205636437425666e-12
-1.265881087638586e-07
-1.24891474152197e-09
-1.24891474152197e-09
-5.740313606301833e-12
-1.30444578406889e-07
-1.20055409674419e-09
-1.20055409674419e-09
-6.282654387890568e-12
-1.344187560990285e-07
-1.154102679812676e-09
-1.154102679812676e-09
-6.832645887600163e-12
-1.38514233412535e-07
-1.109484387816274e-09
-1.109484387816274e-09
-7.390306947569612e-12
-1.427347111597469e-07
-1.06662610031839e-09
-1.06662610031839e-09
-7.9556890918014e-12
-1.470840027243085e-07
-1.025457559606939e-09
-1.025457559606939e-09
-8.528881051600559e-12
-1.515660374898322e-07
-9.859112699497898e-10
-9.859112699497898e-10
-9.110009546818622e-12
-1.561848643734288e-07
-9.479223821148287e-10
-9.479223821148287e-10
-9.699241565739528e-12
-1.609446554670858e-07
-9.114285952930141e-10
-9.114285952930141e-10
-1.029678682638279e-11
-1.658497097928857e-07
-8.763700593927456e-10
-8.763700593927456e-10
-1.090290272715821e-11
-1.709044571694243e-07
-8.426892792166454e-10
-8.426892792166454e-10
-1.151789210509256e-11
-1.76113462198789e-07
-8.103310227472087e-10
-8.103310227472087e-10
-1.214211220892051e-11
-1.814814283775299e-07
-7.792422376463157e-10
-7.792422376463157e-10
-1.277597194331765e-11
-1.870132023303353e-07
-7.493719657892705e-10
-7.493719657892705e-10
-1.34199361620278e-11
-1.927137781701902e-07
-7.206712598499723e-10
-7.206712598499723e-10
-1.407453125690288e-11
-1.985883020004749e-07
-6.930931102042734e-10
-6.930931102042734e-10
-1.47403467898202e-11
-2.046420765465463e-07
-6.665923685376315e-10
-6.665923685376315e-10
-1.541803629684973e-11
-2.108805659355289e-07
-6.411256766950766e-10
-6.411256766950766e-10
-1.610832254677068e-11
-2.173094006151804e-07
-6.16651398231974e-10
-6.16651398231974e-10
-1.681200261236031e-11
-2.239343824291583e-07
-5.931295522354117e-10
-5.931295522354117e-10
-1.752994727329997e-11
-2.307614898416094e-07
-5.705217490529721e-10
-5.705217490529721e-10
-1.826310783692413e-11
-2.377968833316415e-07
-5.487911303613621e-10
-5.487911303613621e-10
-1.901251987694793e-11
-2.450469109369441e-07
-5.279023066387091e-10
-5.279023066387091e-10
-1.977930527834546e-11
-2.525181139840858e-07
-5.078213097684096e-10
-5.078213097684096e-10
-2.056467669702539e-11
-2.602172329786171e-07
-4.885155277152238e-10
-4.885155277152238e-10
-2.136994265974074e-11
-2.681512136851638e-07
-4.699536603874987e-10
-4.699536603874987e-10
-2.219651092152044e-11
-2.763272133901178e-07
-4.521056643719714e-10
-4.521056643719714e-10
-2.304589510796042e-11
-2.847526073530841e-07
-4.349427081491701e-10
-4.349427081491701e-10
-2.391971551381054e-11
-2.934349954597567e-07
-4.184371241276098e-10
-4.184371241276098e-10
-2.481970747128321e-11
-3.023822090733704e-07
-4.025623603363007e-10
-4.025623603363007e-10
-2.574772576289147e-11
-3.116023181017094e-07
-3.872929462262319e-10
-3.872929462262319e-10
-2.670574694969953e-11
-3.211036382694961e-07
-3.726044423787058e-10
-3.726044423787058e-10
-2.769587959288501e-11
-3.308947386245042e-07
-3.584734042345197e-10
-3.584734042345197e-10
-2.872036743547067e-11
-3.40984449264394e-07
-3.448773458430184e-10
-3.448773458430184e-10
-2.97815936887743e-11
-3.513818693038257e-07
-3.317946987324916e-10
-3.317946987324916e-10
-3.088209230529278e-11
-3.620963750834871e-07
-3.192047798049868e-10
-3.192047798049868e-10
-3.202454797851715e-11
-3.731376286225201e-07
-3.07087752856847e-10
-3.07087752856847e-10
-3.321181026690804e-11
-3.845155863492762e-07
-2.954246042266986e-10
-2.954246042266986e-10
-3.44468929422327e-11
-3.962405080680087e-07
-2.841970989312134e-10
-2.841970989312134e-10
-3.573298901027546e-11
-4.083229662291042e-07
-2.733877617848186e-10
-2.733877617848186e-10
-3.707347397987071e-11
-4.207738554629039e-07
-2.629798397150657e-10
-2.629798397150657e-10
-3.847191398069975e-11
-4.336044024089782e-07
-2.529572782630346e-10
-2.529572782630346e-10
-3.993207684113049e-11
-4.468261758487584e-07
-2.433046906770401e-10
-2.433046906770401e-10
-4.145794033303223e-11
-4.604510971459698e-07
-2.340073383448003e-10
-2.340073383448003e-10
-4.305369926684957e-11
-4.744914510008409e-07
-2.250510954486315e-10
-2.250510954486315e-10
-4.472377858638131e-11
-4.889598965358935e-07
-2.164224319850397e-10
-2.164224319850397e-10
-4.647284298922839e-11
-5.0386947872374e-07
-2.081083903477571e-10
-2.081083903477571e-10
-4.830580635758189e-11
-5.192336401556625e-07
-2.000965577107073e-10
-2.000965577107073e-10
-5.022784422782051e-11
-5.35066233172182e-07
-1.923750503237876e-10
-1.923750503237876e-10
-5.224440621610874e-11
-5.513815323645264e-07
-1.849324851348996e-10
-1.849324851348996e-10
-5.436122887718542e-11
-5.681942474587264e-07
-1.777579686598485e-10
-1.777579686598485e-10
-5.658434761975153e-11
-5.855195365855228e-07
-1.708410696518284e-10
-1.708410696518284e-10
-5.892011130774378e-11
-6.033730199660498e-07
-1.641718054750979e-10
-1.641718054750979e-10
-6.137519711887587e-11
-6.217707939995662e-07
-1.577406199255913e-10
-1.577406199255913e-10
-6.395662718035579e-11
-6.407294458002963e-07
-1.515383702606919e-10
-1.515383702606919e-10
-6.667178039540362e-11
-6.602660681546684e-07
-1.455563051971012e-10
-1.455563051971012e-10
-6.952841638781733e-11
-6.803982749535482e-07
-1.397860515235516e-10
-1.397860515235516e-10
-7.253468835699501e-11
-7.011442170883688e-07
-1.342196032890527e-10
-1.342196032890527e-10
-7.569915960850202e-11
-7.225225988245977e-07
-1.288492952923348e-10
-1.288492952923348e-10
-7.903083280506092e-11
-7.445526946871197e-07
-1.236677992943196e-10
-1.236677992943196e-10
-8.253916060948924e-11
-7.672543668483815e-07
-1.186681038332615e-10
-1.186681038332615e-10
-8.623407387889894e-11
-7.906480830567545e-07
-1.13843505823932e-10
-1.13843505823932e-10
-9.01260017503961e-11
-8.147549351010446e-07
-1.091875915426522e-10
-1.091875915426522e-10
-9.422589694652046e-11
-8.395966578470889e-07
-1.046942265864404e-10
-1.046942265864404e-10
-9.854526219850502e-11
-8.651956488503611e-07
-1.003575480435126e-10
-1.003575480435126e-10
-1.03096174713373e-10
-8.915749885631401e-07
-9.617194558782561e-11
-9.617194558782561e-11
-1.078913172524284e-10
-9.187584611651759e-07
-9.21320561812626e-11
-9.21320561812626e-11
-1.129440048890641e-10
-9.4677057602073e-07
-8.823274843304885e-11
-8.823274843304885e-11
-1.182682184777553e-10
-9.756365897962227e-07
-8.446911766337985e-11
-8.446911766337985e-11
-1.238786377581576e-10
-1.005382529248259e-06
-8.083647107806701e-11
-8.083647107806701e-11
-1.297906734972125e-10
-1.036035214708589e-06
-7.733032057260414e-11
-7.733032057260414e-11
-1.360205069507964e-10
-1.067622284281034e-06
-7.394637040993834e-11
-7.394637040993834e-11
-1.425851269683009e-10
-1.100172218779732e-06
-7.068051687586693e-11
-7.068051687586693e-11
-1.495023674387589e-10
-1.13371436742519e-06
-6.752882499228483e-11
-6.752882499228483e-11
-1.567909562217159e-10
-1.168278974324996e-06
-6.448753636268454e-11
-6.448753636268454e-11
-1.644705529473094e-10
-1.203897205758798e-06
-6.155304809825402e-11
-6.155304809825402e-11
-1.725618010618265e-10
-1.240601178297116e-06
-5.872191231370233e-11
-5.872191231370233e-11
-1.810863758833138e-10
-1.278423987779245e-06
-5.599082877896308e-11
-5.599082877896308e-11
-1.900670331379112e-10
-1.317399739164863e-06
-5.335663276323291e-11
-5.335663276323291e-11
-1.995276704621706e-10
-1.357563577311127e-06
-5.081629368262226e-11
-5.081629368262226e-11
-2.094933781921654e-10
-1.398951718669341e-06
-4.836690532104208e-11
-4.836690532104208e-11
-2.199905057019215e-10
-1.441601483963517e-06
-4.600568001339457e-11
-4.600568001339457e-11
-2.310467209201464e-10
-1.485551331855309e-06
-4.372994509917594e-11
-4.372994509917594e-11
-2.426910793176836e-10
-1.530840893635902e-06
-4.153713098707912e-11
-4.153713098707912e-11
-2.549540963427216e-10
-1.577511008983135e-06
-3.942477411178856e-11
-3.942477411178856e-11
-2.678678168039454e-10
-1.625603762795071e-06
-3.739050462295548e-11
-3.739050462295548e-11
-2.814658978897596e-10
-1.675162523157138e-06
-3.543204356639403e-11
-3.543204356639403e-11
-2.957836896952861e-10
-1.726231980462158e-06
-3.354719874765108e-11
-3.354719874765108e-11
-3.108583206277901e-10
-1.778858187721472e-06
-3.173385977640504e-11
-3.173385977640504e-11
-3.267287904657412e-10
-1.833088602107987e-06
-2.998999160596925e-11
-2.998999160596925e-11
-3.434360651058563e-10
-1.888972127761423e-06
-2.831363419784205e-11
-2.831363419784205e-11
-3.610231755029091e-10
-1.946559159901826e-06
-2.670289335629553e-11
-2.670289335629553e-11
-3.795353278596296e-10
-2.00590163028614e-06
-2.515594243511832e-11
-2.515594243511832e-11
-3.990200102469706e-10
-2.067053054045422e-06
-2.367101194760025e-11
-2.367101194760025e-11
-4.19527114150037e-10
-2.130068577959759e-06
-2.224639234015418e-11
-2.224639234015418e-11
-4.411090563270458e-10
-2.195005030196532e-06
-2.088042643539048e-11
-2.088042643539048e-11
-4.638209068841426e-10
-2.261920971565904e-06
-1.957150952842372e-11
-1.957150952842372e-11
-4.877205264009278e-10
-2.330876748342692e-06
-1.831808321078501e-11
-1.831808321078501e-11
-5.128687102626742e-10
-2.401934546689276e-06
-1.71186335970486e-11
-1.71186335970486e-11
-5.39329339961256e-10
-2.475158448746565e-06
-1.597168717625636e-11
-1.597168717625636e-11
-5.67169543077502e-10
-2.55061449043378e-06
-1.487581269760874e-11
-1.487581269760874e-11
-5.964598537983398e-10
-2.628370721001759e-06
-1.382961484170075e-11
-1.382961484170075e-11
-6.272743965518633e-10
-2.708497264408829e-06
-1.283173109139362e-11
-1.283173109139362e-11
-6.596910659025022e-10
-2.791066382568821e-06
-1.188083316860935e-11
-1.188083316860935e-11
-6.937917211174946e-10
-2.876152540516349e-06
-1.097562091592363e-11
-1.097562091592363e-11
-7.296623929733612e-10
-2.963832473573577e-06
-1.011482337214996e-11
-1.011482337214996e-11
-7.673934956216983e-10
-3.054185256551138e-06
-9.297198633251095e-12
-9.297198633251095e-12
-8.070800525312594e-10
-3.147292375064468e-06
-8.52152374560513e-12
-8.52152374560513e-12
-8.488219369024504e-10
-3.243237799025049e-06
-7.78660433373453e-12
-7.78660433373453e-12
-8.927241186907965e-10
-3.342108058367597e-06
-7.0912646056045e-12
-7.0912646056045e-12
-9.388969254890228e-10
-3.443992321089152e-06
-6.43435058435431e-12
-6.43435058435431e-12
-9.874563248496172e-10
-3.548982473662797e-06
-5.814725572196979e-12
-5.814725572196979e-12
-1.038524207817572e-09
-3.657173203912594e-06
-5.231274773972347e-12
-5.231274773972347e-12
-1.092228696355091e-09
-3.768662086398517e-06
-4.68289483625992e-12
-4.68289483625992e-12
-1.148704468019536e-09
-3.883549670417083e-06
-4.1685010519289e-12
-4.1685010519289e-12
-1.208093088558985e-09
-4.001939570684581e-06
-3.687025025351898e-12
-3.687025025351898e-12
-1.270543367774481e-09
-4.123938560774273e-06
-3.237411450154859e-12
-3.237411450154859e-12
-1.336211734267874e-09
-4.249656669411247e-06
-2.818616513817943e-12
-2.818616513817943e-12
-1.405262628522657e-09
-4.379207279701867e-06
-2.429613850513985e-12
-2.429613850513985e-12
-1.477868909493641e-09
-4.512707231380545e-06
-2.069384620414287e-12
-2.069384620414287e-12
-1.554212296772769e-09
-4.650276926184447e-06
-1.736924248784231e-12
-1.736924248784231e-12
-1.634483818984742e-09
-4.792040436433667e-06
-1.431241915900155e-12
-1.431241915900155e-12
-1.718884298394359e-09
-4.938125616917156e-06
-1.151352965249347e-12
-1.151352965249347e-12
-1.807624852004871e-09
-5.088664220204801e-06
-8.962892725646813e-13
-8.962892725646813e-13
-1.900927420976494e-09
-5.243792015455412e-06
-6.650876351795144e-13
-6.650876351795144e-13
-1.999025331939566e-09
-5.403648910862967e-06
-4.568021103217084e-13
-4.568021103217084e-13
-2.102163876775897e-09
-5.568379079824504e-06
-2.704913241956471e-13
-2.704913241956471e-13
-2.210600932132749e-09
-5.738131090959223e-06
-1.052286569599525e-13
-1.052286569599525e-13
-2.324607607160867e-09
-5.913058042092169e-06
3.990485112005611e-14
3.990485112005611e-14
-2.444468921311248e-09
-6.093317698320069e-06
1.65815366002189e-13
1.65815366002189e-13
-2.570484522825743e-09
-6.279072634284149e-06
2.733989171990194e-13
2.733989171990194e-13
-2.702969439423466e-09
-6.470490380787847e-06
3.635416681497857e-13
3.635416681497857e-13
-2.842254869315105e-09
-6.667743575877089e-06
4.371167059354232e-13
4.371167059354232e-13
-2.988689011301777e-09
-6.871010120524339e-06
4.949880871722572e-13
4.949880871722572e-13
-3.142637944631066e-09
-7.080473339071956e-06
5.380059621474031e-13
5.380059621474031e-13
-3.304486540339712e-09
-7.296322144550824e-06
5.670104350210176e-13
5.670104350210176e-13
-3.474639432344853e-09
-7.518751209048917e-06
5.828268020048778e-13
5.828268020048778e-13
-3.653522030636607e-09
-7.747961139270874e-06
5.862717381564859e-13
5.862717381564859e-13
-3.841581592671208e-09
-7.984158657447892e-06
5.781450856296e-13
5.781450856296e-13
-4.039288341438178e-09
-8.227556787768234e-06
5.592359492528335e-13
5.592359492528335e-13
-4.247136649806965e-09
-8.478375048483602e-06
5.303183562311014e-13
5.303183562311014e-13
-4.465646278019486e-09
-8.736839649881074e-06
4.921515633352941e-13
4.921515633352941e-13
-4.695363679227305e-09
-9.003183698280093e-06
4.45482382039621e-13
4.45482382039621e-13
-4.936863372913171e-09
-9.277647406258753e-06
3.910417643559188e-13
3.910417643559188e-13
-5.190749383955455e-09
-9.560478309283416e-06
3.295425321407391e-13
3.295425321407391e-13
-5.457656759321311e-09
-9.851931488943139e-06
2.616864483988358e-13
2.616864483988358e-13
-5.738253160882271e-09
-1.015226980299205e-05
1.881553506544942e-13
1.881553506544942e-13
-6.033240542360641e-09
-1.04617641224001e-05
1.096142950917053e-13
1.096142950917053e-13
-6.343356906778225e-09
-1.078069357563748e-05
2.671389593577443e-14
2.671389593577443e-14
-6.669378162806695e-09
-1.110934580040115e-05
-5.991626904824181e-14
-5.991626904824181e-14
-7.012120067426879e-09
-1.144801720301777e-05
-1.49662645957481e-13
-1.49662645957481e-13
-7.372440272253929e-09
-1.179701322575433e-05
-2.419312503466496e-13
-2.419312503466496e-13
-7.751240477465732e-09
-1.215664862227764e-05
-3.361460241685811e-13
-3.361460241685811e-13
-8.149468691883991e-09
-1.252724774151542e-05
-4.317516398158151e-13
-4.317516398158151e-13
-8.568121607427222e-09
-1.290914482016377e-05
-5.282113184420474e-13
-5.282113184420474e-13
-9.008247103551182e-09
-1.330268428412026e-05
-6.250084149584666e-13
-6.250084149584666e-13
-9.470946874760753e-09
-1.370822105910279e-05
-7.216479328457562e-13
-7.216479328457562e-13
-9.957379187169586e-09
-1.412612089073754e-05
-8.17655410147961e-13
-8.17655410147961e-13
-1.046876178905773e-08
-1.455676067440772e-05
-9.125762385009259e-13
-9.125762385009259e-13
-1.100637496183406e-08
-1.500052879515232e-05
-1.005975236684895e-12
-1.005975236684895e-12
-1.157156473160691e-08
-1.545782547794247e-05
-1.097446551917517e-12
-1.097446551917517e-12
-1.216574623814151e-08
-1.592906314861138e-05
-1.186596910041685e-12
-1.186596910041685e-12
-1.279040728977643e-08
-1.641466680581578e-05
-1.273060874057002e-12
-1.273060874057002e-12
-1.344711208885703e-08
-1.691507440431541e-05
-1.356492711384934e-12
-1.356492711384934e-12
-1.413750515342694e-08
-1.743073724994732e-05
-1.436570430471199e-12
-1.436570430471199e-12
-1.486331543925025e-08
-1.796212040664161e-05
-1.512993392140022e-12
-1.512993392140022e-12
-1.562636067539115e-08
-1.850970311584279e-05
-1.585483036945171e-12
-1.585483036945171e-12
-1.642855191719038e-08
-1.907397922872036e-05
-1.653787333255568e-12
-1.653787333255568e-12
-1.727189833619215e-08
-1.965545765154747e-05
-1.717669695447241e-12
-1.717669695447241e-12
-1.815851226214145e-08
-2.025466280467581e-05
-1.776921423015061e-12
-1.776921423015061e-12
-1.909061446649011e-08
-2.087213509548429e-05
-1.831356008631375e-12
-1.831356008631375e-12
-2.007053973355297e-08
-2.150843140575202e-05
-1.880806277203068e-12
-1.880806277203068e-12
-2.110074271491536e-08
-2.216412559389784e-05
-1.925130146071474e-12
-1.925130146071474e-12
-2.21838040731744e-08
-2.283980901251875e-05
-1.964206709566785e-12
-1.964206709566785e-12
-2.332243695311655e-08
-2.353609104171395e-05
-1.997936066000443e-12
-1.997936066000443e-12
-2.451949377995323e-08
-2.4253599638664e-05
-2.026240613886551e-12
-2.026240613886551e-12
-2.577797340868874e-08
-2.499298190397002e-05
-2.049063817069829e-12
-2.049063817069829e-12
-2.710102863440412e-08
-2.575490466525016e-05
-2.06637021637725e-12
-2.06637021637725e-12
-2.849197409446825e-08
-2.654005507853485e-05
-2.078145232267367e-12
-2.078145232267367e-12
-2.995429457498885e-08
-2.734914124799104e-05
-2.084394074127924e-12
-2.084394074127924e-12
-3.149165374050568e-08
-2.818289286454683e-05
-2.085142068462506e-12
-2.085142068462506e-12
-3.310790331337126e-08
-2.904206186397135e-05
-2.080433402786091e-12
-2.080433402786091e-12
-3.480709272696012e-08
-2.992742310503521e-05
-2.070330160083054e-12
-2.070330160083054e-12
-3.65934792695425e-08
-3.08397750683276e-05
-2.054915760419475e-12
-2.054915760419475e-12
-3.84715387490648e-08
-3.177994057639164e-05
-2.034287938993728e-12
-2.034287938993728e-12
-4.044597671097247e-08
-3.274876753580337e-05
-2.008564604341091e-12
-2.008564604341091e-12
-4.25217402257676e-08
-3.374712970187903e-05
-1.977877283858183e-12
-1.977877283858183e-12
-4.470403028372027e-08
-3.477592746669471e-05
-1.942374410411928e-12
-1.942374410411928e-12
-4.699831482539954e-08
-3.583608867112772e-05
-1.902220188277415e-12
-1.902220188277415e-12
-4.941034243875982e-08
-3.692856944165254e-05
-1.857591160632564e-12
-1.857591160632564e-12
-5.194615676654041e-08
-3.805435505265402e-05
-1.808682377000491e-12
-1.808682377000491e-12
-5.461211164179302e-08
-3.921446081501581e-05
-1.755694568856198e-12
-1.755694568856198e-12
-5.741488701314827e-08
-4.04099329918139e-05
-1.698845836077499e-12
-1.698845836077499e-12
-6.03615056731299e-08
-4.164184974191286e-05
-1.638364239594634e-12
-1.638364239594634e-12
-6.345935085702181e-08
-4.291132209233142e-05
-1.574486387014431e-12
-1.574486387014431e-12
-6.671618474118676e-08
-4.421949494025885e-05
-1.507461389917607e-12
-1.507461389917607e-12
-7.014016788465128e-08
-4.556754808560702e-05
-1.437544784311391e-12
-1.437544784311391e-12
-7.373987968000063e-08
-4.695669729504551e-05
-1.365001158862194e-12
-1.365001158862194e-12
-7.752433984364435e-08
-4.838819539847703e-05
-1.290100290381294e-12
-1.290100290381294e-12
-8.150303101374923e-08
-4.986333341893408e-05
-1.213118629301816e-12
-1.213118629301816e-12
-8.568592251023797e-08
-5.138344173692747e-05
-1.134339844640464e-12
-1.134339844640464e-12
-9.008349530264192e-08
-5.294989129028164e-05
-1.054047673382356e-12
-1.054047673382356e-12
-9.470676828251068e-08
-5.456409481055489e-05
-9.725306997287632e-13
-9.725306997287632e-13
-9.956732585533532e-08
-5.622750809715202e-05
-8.900820130026716e-13
-8.900820130026716e-13
-1.046773469701238e-07
-5.794163133027334e-05
-8.069903718939261e-13
-8.069903718939261e-13
-1.100496356328106e-07
-5.970801042389626e-05
-7.235502658327854e-13
-7.235502658327854e-13
-1.156976529810312e-07
-6.152823841999658e-05
-6.400519952745577e-13
-6.400519952745577e-13
-1.216355510107562e-07
-6.340395692527896e-05
-5.567870832269693e-13
-5.567870832269693e-13
-1.278782080306804e-07
-6.53368575917006e-05
-4.740408036399322e-13
-4.740408036399322e-13
-1.344412659424845e-07
-6.732868364213611e-05
-3.920979899107556e-13
-3.920979899107556e-13
-1.41341169422421e-07
-6.938123144254717e-05
-3.112377787193327e-13
-3.112377787193327e-13
-1.485952071254688e-07
-7.149635212208081e-05
-2.3173306040255e-13
-2.3173306040255e-13
-1.562215550014797e-07
-7.367595324256279e-05
-1.538538163921183e-13
-1.538538163921183e-13
-1.64239321827532e-07
-7.592200051887705e-05
-7.78597433707736e-14
-7.78597433707736e-14
-1.726685970880297e-07
-7.823651959179605e-05
-4.001943242184351e-15
-4.001943242184351e-15
-1.815305013056966e-07
-8.062159785485902e-05
6.74728732164774e-14
6.74728732164774e-14
-1.908472389546452e-07
-8.307938633693856e-05
1.363314106638555e-13
1.363314106638555e-13
-2.006421540946615e-07
-8.561210164219842e-05
2.023476370279789e-13
2.023476370279789e-13
-2.109397888559532e-07
-8.822202794919395e-05
2.65310961270454e-13
2.65310961270454e-13
-2.217659449306632e-07
-9.091151907091522e-05
3.250172637466127e-13
3.250172637466127e-13
-2.331477482116856e-07
-9.368300057762564e-05
3.812779990416861e-13
3.812779990416861e-13
-2.451137167615074e-07
-9.653897198442604e-05
4.339165992518626e-13
4.339165992518626e-13
-2.57693832258186e-07
-9.948200900549865e-05
4.827693547381967e-13
4.827693547381967e-13
-2.709196151146254e-07
-0.0001025147658770719
5.276884827563462e-13
5.276884827563462e-13
-2.848242034535995e-07
-0.0001056399777512115
5.685389811642172e-13
5.685389811642172e-13
-2.994424361294545e-07
-0.0001088604631625768
6.052009697578775e-13
6.052009697578775e-13
-3.148109400200838e-07
-0.0001121791265703763
6.375716577798946e-13
6.375716577798946e-13
-3.309682217948453e-07
-0.000115598960977826
6.655620515363149e-13
6.655620515363149e-13
-3.479547643888205e-07
-0.0001191230506314526
6.891002740403841e-13
6.891002740403841e-13
-3.658131284357405e-07
-0.0001227545738026885
7.081305238152196e-13
7.081305238152196e-13
-3.845880589022194e-07
-0.0001264968056542643
7.226136020239141e-13
7.226136020239141e-13
-4.043265971958235e-07
-0.000130353121193989
7.325267252544558e-13
7.325267252544558e-13
-4.250781990271921e-07
-0.000134326998318569
7.378645345624675e-13
7.378645345624675e-13
-4.468948583243619e-07
-0.0001384220209502221
7.38638445166627e-13
7.38638445166627e-13
-4.698312375004766e-07
-0.0001426418822689162
7.348766690865785e-13
7.348766690865785e-13
-4.939448044139785e-07
-0.0001469903880431395
7.266234776477011e-13
7.266234776477011e-13
-5.19295976353354e-07
-0.0001514714600622095
7.139402012972549e-13
7.139402012972549e-13
-5.459482714159911e-07
-0.0001560891396732175
6.969069306805499e-13
6.969069306805499e-13
-5.739684676529487e-07
-0.0001608475914258068
6.756144620993593e-13
6.756144620993593e-13
-6.034267703830797e-07
-0.0001657511068280428
6.501769823533515e-13
6.501769823533515e-13
-6.343969880966691e-07
-0.0001708041082168076
6.207192137570072e-13
6.207192137570072e-13
-6.669567173837097e-07
-0.000176011152746166
5.873814556282218e-13
5.873814556282218e-13
-7.011875373527853e-07
-0.0001813769364973248
5.503210348817905e-13
5.503210348817905e-13
-7.371752140337604e-07
-0.000186906298713886
5.097079747693414e-13
5.097079747693414e-13
-7.750099152683429e-07
-0.0001926042261662135
4.65728177261996e-13
4.65728177261996e-13
-8.14786436626754e-07
-0.0001984758576488486
4.185767854371836e-13
4.185767854371836e-13
-8.56604438920756e-07
-0.0002045264886150296
3.684652612211658e-13
3.684652612211658e-13
-9.005686979140279e-07
-0.0002107615759524972
3.156147418931621e-13
3.156147418931621e-13
-9.467893668365692e-07
-0.0002171867429048956
2.602591180698806e-13
2.602591180698806e-13
-9.953822523829349e-07
-0.0002238077841431981
2.026415088339095e-13
2.026415088339095e-13
-1.046469104869389e-06
-0.0002306306709917456
1.430147187722995e-13
1.430147187722995e-13
-1.100177923282575e-06
-0.0002376615568135948
8.163955141205732e-14
8.163955141205732e-14
-1.156643275993576e-06
-0.0002449067825600461
1.878444632121976e-14
1.878444632121976e-14
-1.216006637916748e-06
-0.0002523728824893484
-4.527432118629104e-14
-4.527432118629104e-14
-1.278416744991526e-06
-0.0002600665900597441
-1.102534048853538e-13
-1.102534048853538e-13
-1.344029966841692e-06
-0.0002679948440021673
-1.758699710792691e-13
-1.758699710792691e-13
-1.413010698565313e-06
-0.000276164794578063
-2.418316644997436e-13
-2.418316644997436e-13
-1.485531772640962e-06
-0.0002845838100279894
-3.078472605385366e-13
-3.078472605385366e-13
-1.561774891962971e-06
-0.0002932594832168032
-3.736231546381609e-13
-3.736231546381609e-13
-1.641931085107664e-06
-0.0003021996384814224
-4.388635235161729e-13
-4.388635235161729e-13
-1.726201184967487e-06
-0.000311412338687358
-5.032749226269382e-13
-5.032749226269382e-13
-1.814796331944974e-06
-0.0003209058925003596
-5.665670135400496e-13
-5.665670135400496e-13
-1.907938502971512e-06
-0.0003306888618797375
-6.284491387956486e-13
-6.284491387956486e-13
-2.005861067690194e-06
-0.0003407700698001331
-6.886369673457691e-13
-6.886369673457691e-13
-2.108809373166193e-06
-0.0003511586082086805
-7.468501739938192e-13
-7.468501739938192e-13
-2.217041358617327e-06
-0.000361863846224756
-8.028170929017485e-13
-8.028170929017485e-13
-2.330828201694436e-06
-0.0003728954385896916
-8.562710144979671e-13
-8.562710144979671e-13
-2.450454997925748e-06
-0.0003842633343740892
-9.069540456718916e-13
-9.069540456718916e-13
-2.576221475040906e-06
-0.0003959777859505814
-9.546187525142497e-13
-9.546187525142497e-13
-2.708442743945987e-06
-0.0004080493582401265
-9.990286328147951e-13
-9.990286328147951e-13
-2.84745008825281e-06
-0.0004204889382401875
-1.039957445461721e-12
-1.039957445461721e-12
-2.993591794321475e-06
-0.0004333077448433839
-1.077194427293951e-12
-1.077194427293951e-12
-3.147234023903031e-06
-0.0004465173389554579
-1.110539929255401e-12
-1.110539929255401e-12
-3.30876173158111e-06
-0.0004601296339217092
-1.139809245072077e-12
-1.139809245072077e-12
-3.478579629281456e-06
-0.0004741569062712749
-1.164834954758931e-12
-1.164834954758931e-12
-3.65711320030146e-06
-0.0004886118067889555
-1.185464140808874e-12
-1.185464140808874e-12
-3.844809765368448e-06
-0.0005035073719245789
-1.201562106125478e-12
-1.201562106125478e-12
-4.042139603424196e-06
-0.0005188570355501692
-1.213012123158809e-12
-1.213012123158809e-12
-4.249597129921746e-06
-0.0005346746410755559
-1.219715235502696e-12
-1.219715235502696e-12
-4.467702135606153e-06
-0.0005509744539333318
-1.221592205358887e-12
-1.221592205358887e-12
-4.697001088864404e-06
-0.0005677711744444057
-1.218582266066829e-12
-1.218582266066829e-12
-4.938068504924249e-06
-0.0005850799510757913
-1.210648489444709e-12
-1.210648489444709e-12
-5.191508385319976e-06
-0.0006029163941025477
-1.197771186782339e-12
-1.197771186782339e-12
-5.457955731240771e-06
-0.0006212965896862233
-1.179950717025287e-12
-1.179950717025287e-12
-5.738078134547451e-06
-0.0006402371143824864
-1.157212896895353e-12
-1.157212896895353e-12
-6.032577450443797e-06
-0.0006597550500910246
-1.129600253240945e-12
-1.129600253240945e-12
-6.342191555999828e-06
-0.0006798679994612061
-1.097181130829616e-12
-1.097181130829616e-12
-6.66769619892468e-06
-0.0007005941017673815
-1.060040354370641e-12
-1.060040354370641e-12
-7.00990694123115e-06
-0.0007219520492681695
-1.018287611881323e-12
-1.018287611881323e-12
-7.369681202645973e-06
-0.0007439611040644427
-9.720531028859341e-13
-9.720531028859341e-13
-7.74792040890511e-06
-0.0007666411154712575
-9.214879434264229e-13
-9.214879434264229e-13
-8.145572250300525e-06
-0.0007900125379193608
-8.667625155341423e-13
-8.667625155341423e-13
-8.5636330561523e-06
-0.0008140964494024487
-8.080675482444011e-13
-8.080675482444011e-13
-9.003150291136021e-06
-0.0008389145704867875
-7.45614452927852e-13
-7.45614452927852e-13
-9.465225179736828e-06
-0.0008644892839003561
-6.796321475044699e-13
-6.796321475044699e-13
-9.951015465401461e-06
-0.0008908436547191802
-6.103691669316059e-13
-6.103691669316059e-13
-1.046173831129916e-05
-0.0009180014511690454
-5.380888404408891e-13
-5.380888404408891e-13
-1.099867334995569e-05
-0.0009459871660613749
-4.630727363475694e-13
-4.630727363475694e-13
-1.156316588941074e-05
-0.0009748260388825823
-3.856184444139236e-13
-3.856184444139236e-13
-1.215663028392496e-05
-0.001004544078556825
-3.060347686408203e-13
-3.060347686408203e-13
-1.278055347768683e-05
-0.001035168086902707
-2.246462907844258e-13
-2.246462907844258e-13
-1.34364987303896e-05
-0.001066725682805065
-1.417899181301596e-13
-1.417899181301596e-13
-1.412610953402215e-05
-0.001099245327123625
-5.781019937353159e-14
-5.781019937353159e-14
-1.485111373069038e-05
-0.001132756348361044
2.69372070198815e-14
2.69372070198815e-14
-1.561332784176555e-05
-0.00116728896911343
1.120882098534365e-13
1.120882098534365e-13
-1.64146616192338e-05
-0.001202874333327234
1.972744135249358e-13
1.972744135249358e-13
-1.725712283063173e-05
-0.001239544534387068
2.821217921877549e-13
2.821217921877549e-13
-1.814282228956352e-05
-0.001277332644059803
3.662535615100941e-13
3.662535615100941e-13
-1.907397914440466e-05
-0.001316272742321047
4.492916144703278e-13
4.492916144703278e-13
-2.005292643843731e-05
-0.001356399948090881
5.308576232826213e-13
5.308576232826213e-13
-2.108211695535584e-05
-0.001397750450906607
6.105758243003356e-13
6.105758243003356e-13
-2.216412936478749e-05
-0.001440361543561033
6.880755959058898e-13
6.880755959058898e-13
-2.330167468321809e-05
-0.001484271655735783
7.629901755959104e-13
7.629901755959104e-13
-2.449760306652016e-05
-0.001529520388659903
8.349605375928317e-13
8.349605375928317e-13
-2.575491095110095e-05
-0.001576148550825061
9.03637424311277e-13
9.03637424311277e-13
-2.707674856155479e-05
-0.001624198194789561
9.686824530546607e-13
9.686824530546607e-13
-2.846642780364221e-05
-0.001673712655104306
1.0297701901902e-12
1.0297701901902e-12
-2.992743056236475e-05
-0.001724736587394988
1.086589923217575e-12
1.086589923217575e-12
-3.146341742592262e-05
-0.001777316008635703
1.138845233311352e-12
1.138845233311352e-12
-3.307823685742701e-05
-0.001831498338650311
1.186260369314888e-12
1.186260369314888e-12
-3.477593483733404e-05
-0.00188733244287901
1.228578196934208e-12
1.228578196934208e-12
-3.656076500076362e-05
-0.001944868676448648
1.265560995349832e-12
1.265560995349832e-12
-3.843719929510691e-05
-0.00200415892958655
1.296995234099902e-12
1.296995234099902e-12
-4.040993918461961e-05
-0.002065256674418797
1.322690318650125e-12
1.322690318650125e-12
-4.248392743007896e-05
-0.002128217013195192
1.342483278518739e-12
1.342483278518739e-12
-4.466436047301279e-05
-0.002193096727984342
1.356234023385507e-12
1.356234023385507e-12
-4.695670145553867e-05
-0.002259954331883781
1.363830287764324e-12
1.363830287764324e-12
-4.936669390842554e-05
-0.002328850121791181
1.365193213620139e-12
1.365193213620139e-12
-5.19003761416858e-05
-0.002399846232784392
1.360266792515565e-12
1.360266792515565e-12
-5.45640963737322e-05
-0.002473006694159232
1.349029224859726e-12
1.349029224859726e-12
-5.736452863703316e-05
-0.002548397487175623
1.331486158672578e-12
1.331486158672578e-12
-6.03086895001007e-05
-0.002626086604564162
1.307679401096144e-12
1.307679401096144e-12
-6.340395564771328e-05
-0.002706144111846749
1.277678472880563e-12
1.277678472880563e-12
-6.665808236342306e-05
-0.002788642210526636
1.241583657555859e-12
1.241583657555859e-12
-7.007922296064701e-05
-0.002873655303204813
1.199528792442463e-12
1.199528792442463e-12
-7.36759492110511e-05
-0.002961260060681538
1.15167927581617e-12
1.15167927581617e-12
-7.745727282137598e-05
-0.003051535491103446
1.098229196145579e-12
1.098229196145579e-12
-8.143266801254623e-05
-0.003144563011218671
1.039405129114123e-12
1.039405129114123e-12
-8.561209525762042e-05
-0.003240426519804198
9.754629925508792e-13
9.754629925508792e-13
-9.000602623806229e-05
-0.003339212473331682
9.066866461293048e-13
9.066866461293048e-13
-9.462547008085618e-05
-0.003441009963939987
8.333871527651368e-13
8.333871527651368e-13
-9.948200094221712e-05
-0.003545910799784717
7.559053768840572e-13
7.559053768840572e-13
-0.0001045877870069944
-0.003654009587837288
6.746023536981476e-13
6.746023536981476e-13
-0.0001099556209764303
-0.003765403819208127
5.89865587899515e-13
5.89865587899515e-13
-0.0001155989521206738
-0.003880193957071022
5.021028997052115e-13
5.021028997052115e-13
-0.0001215319199763394
-0.003998483527267848
4.117431143225021e-13
4.117431143225021e-13
-0.0001277693897735529
-0.00412037921167546
3.192321000864012e-13
3.192321000864012e-13
-0.0001343269896812494
-0.004245990944418881
2.250292824232737e-13
2.250292824232737e-13
-0.0001412211499640291
-0.004375432011017637
1.296086058074524e-13
1.296086058074524e-13
-0.0001484691441486983
-0.004508819150554563
3.345523442066871e-14
3.345523442066871e-14
-0.000156089132303631
-0.004646272660959325
-6.293979537422105e-14
-6.293979537422105e-14
-0.000164100206539372
-0.004787916507501526
-1.590795944766779e-13
-1.590795944766779e-13
-0.0001725224388445236
-0.004933878434591271
-2.544642809561906e-13
-2.544642809561906e-13
-0.0001813769313767284
-0.00508429008098807
-3.485978456310288e-13
-3.485978456310288e-13
-0.0001906858693347835
-0.005239287098521879
-4.409839167887597e-13
-4.409839167887597e-13
-0.0002004725765443432
-0.005399009274433454
-5.311347256797053e-13
-5.311347256797053e-13
-0.0002107615738964875
-0.005563600657444319
-6.185737286842183e-13
-6.185737286842183e-13
-0.0002215786407855739
-0.005733209687669949
-7.028351192246143e-13
-7.028351192246143e-13
-0.000232950879700307
-0.005907989330493556
-7.834704428728909e-13
-7.834704428728909e-13
-0.0002449067841298657
-0.006088097214520962
-8.600492084211295e-13
-8.600492084211295e-13
-0.0002574763099552205
-0.006273695773741163
-9.321646132691493e-13
-9.321646132691493e-13
-0.0002706909505045174
-0.006464952394020718
-9.994326418478681e-13
-9.994326418478681e-13
-0.0002845838154605861
-0.006662039564064053
-1.061497822517507e-12
-1.061497822517507e-12
-0.0002991897138182737
-0.006865135030975908
-1.11803575153339e-12
-1.11803575153339e-12
-0.0003145452410994468
-0.007074421960566156
-1.168755194511644e-12
-1.168755194511644e-12
-0.0003306888710442067
-0.007290089102541638
-1.213397600459912e-12
-1.213397600459912e-12
-0.000347661052008027
-0.007512330960733865
-1.251746722715526e-12
-1.251746722715526e-12
-0.0003655043083063476
-0.007741347968516304
-1.283620299980848e-12
-1.283620299980848e-12
-0.0003842633467605605
-0.007977346669569245
-1.308881863426387e-12
-1.308881863426387e-12
-0.0004039851687123126
-0.008220539904155451
-1.32743442006988e-12
-1.32743442006988e-12
-0.0004247191877868179
-0.008471147001074496
-1.339227773345402e-12
-1.339227773345402e-12
-0.0004465173537002015
-0.008729393975468878
-1.344255246160671e-12
-1.344255246160671e-12
-0.0004694342824211059
-0.008995513732660448
-1.342556739008966e-12
-1.342556739008966e-12
-0.0004935273930126685
-0.009269746278200775
-1.3342169264475e-12
-1.3342169264475e-12
-0.000518857051497742
-0.009552338934325111
-1.319366753546858e-12
-1.319366753546858e-12
-0.000545486722107801
-0.00984354656300496
-1.298184138453556e-12
-1.298184138453556e-12
-0.00057348312629451
-0.01014363179580064
-1.270891001375418e-12
-1.270891001375418e-12
-0.000602916409902357
-0.01045286527072089
-1.237752622210015e-12
-1.237752622210015e-12
-0.0006338603189212029
-0.01077152587630335
-1.199077971002986e-12
-1.199077971002986e-12
-0.0006663923842590981
-0.01109990100313586
-1.155214567022083e-12
-1.155214567022083e-12
-0.000700594115998334
-0.01143828680304568
-1.10655013124336e-12
-1.10655013124336e-12
-0.0007365512076214311
-0.01178698845618997
-1.053508037097369e-12
-1.053508037097369e-12
-0.0007743537507187585
-0.01214632044628895
-9.965438121399168e-13
-9.965438121399168e-13
-0.0008140964607157598
-0.01251660684424943
-9.361417349917239e-13
-9.361417349917239e-13
-0.0008558789141853147
-0.01289818160043481
-8.728146107934205e-13
-8.728146107934205e-13
-0.0008998057983398687
-0.01329138884584523
-8.070931976342792e-13
-8.070931976342792e-13
-0.0009459871733284233
-0.01369658320247906
-7.395311355777612e-13
-7.395311355777612e-13
-0.0009945387479955692
-0.01411413010315622
-6.706911863521876e-13
-6.706911863521876e-13
-0.001045582169793511
-0.01454440612109121
-6.01146265086066e-13
-6.01146265086066e-13
-0.001099245329573448
-0.01498779930951348
-5.314727647351475e-13
-5.314727647351475e-13
-0.001155662682019979
-0.01544470955164124
-4.622439130176437e-13
-4.622439130176437e-13
-0.001214975582531385
-0.01591554892132441
-3.940280585367823e-13
-3.940280585367823e-13
-0.001277332641389875
-0.01640074205468192
-3.27380363957619e-13
-3.27380363957619e-13
-0.001342890096109148
-0.01690072653306859
-2.628370910130441e-13
-2.628370910130441e-13
-0.001411812202892229
-0.01741595327771687
-2.009127664369031e-13
-2.009127664369031e-13
-0.001484271648180358
-0.01794688695640951
-1.420932289593168e-13
-1.420932289593168e-13
-0.001560449981324123
-0.01849400640254971
-8.683026373924651e-14
-8.683026373924651e-14
-0.001640538069460848
-0.01905780504700703
-3.553557160496991e-14
-3.553557160496991e-14
-0.001724736575738025
-0.01963879136312806
1.14204552291172e-14
1.14204552291172e-14
-0.001813256462080896
-0.02023748932531363
5.371746967526609e-14
5.371746967526609e-14
-0.001906319517763986
-0.02085443888157598
9.10867936280602e-14
9.10867936280602e-14
-0.002004158915110864
-0.02149019644050186
1.233159416033649e-13
1.233159416033649e-13
-0.002107019793714477
-0.0221453353730612
1.502524319833342e-13
1.502524319833342e-13
-0.00221515987464188
-0.02282044652971336
1.718040994717906e-13
1.718040994717906e-13
-0.002328850106162174
-0.02351613877327788
1.879466575518927e-13
1.879466575518927e-13
-0.002448375342615671
-0.02423303952804978
1.987174957639847e-13
1.987174957639847e-13
-0.002574035058125097
-0.02497179534565518
2.042239089745386e-13
2.042239089745386e-13
-0.002706144096937137
-0.02573307248815694
2.046376826226996e-13
2.046376826226996e-13
-0.002845033462274278
-0.0265175575289369
2.001988932647503e-13
2.001988932647503e-13
-0.00299105114567347
-0.02732595797189607
1.912083600485522e-13
1.912083600485522e-13
-0.003144562998889545
-0.02815900288953144
1.780336524494304e-13
1.780336524494304e-13
-0.003305953650547925
-0.02901744358046498
1.610965189019893e-13
1.610965189019893e-13
-0.003475627469843386
-0.02990205424701759
1.408768098343386e-13
1.408768098343386e-13
-0.003654009579699408
-0.03081363269343924
1.179015168277336e-13
1.179015168277336e-13
-0.003841546921926646
-0.03175300104542501
9.274311020926672e-14
9.274311020926672e-14
-0.004038709377049259
-0.0327210064915659
6.601014785617477e-14
6.601014785617477e-14
-0.004245990941604923
-0.03371852204740312
3.834059476429283e-14
3.834059476429283e-14
-0.004463910965868243
-0.03474644734277489
1.039396221711421e-14
1.039396221711421e-14
-0.004693015455098704
-0.03580570943316589
-1.715585417606816e-14
-1.715585417606816e-14
-0.004933878437573568
-0.0368972636357912
-4.363733867644316e-14
-4.363733867644316e-14
-0.005187103402833191
-0.03802209439116842
-6.838068158509847e-14
-6.838068158509847e-14
-0.00545332481374257
-0.03918121615095553
-9.073758216638924e-14
-9.073758216638924e-14
-0.005733209696157383
-0.04037567429285453
-1.100847978977431e-13
-1.100847978977431e-13
-0.006027459310177657
-0.04160654606340679
-1.258433084490517e-13
-1.258433084490517e-13
-0.006336810907176367
-0.04287494154952957
-1.374799891184144e-13
-1.374799891184144e-13
-0.006662039577005277
-0.04418200467967062
-1.445255943242654e-13
-1.445255943242654e-13
-0.007003960190006205
-0.04552891425548324
-1.465813069838425e-13
-1.465813069838425e-13
-0.007363429438693584
-0.04691688501495258
-1.43328866107752e-13
-1.43328866107752e-13
-0.00774134798422366
-0.04834716872793179
-1.345432298098079e-13
-1.345432298098079e-13
-0.008138662713028556
-0.04982105532507632
-1.200977492863096e-13
-1.200977492863096e-13
-0.008556369109269107
-0.05133987406119393
-9.99704553092175e-14
-9.99704553092175e-14
-0.008995513749050763
-0.05290499471406053
-7.425483272665015e-14
-7.425483272665015e-14
-0.009457196922652003
-0.05451782881978212
-4.315905189456028e-14
-4.315905189456028e-14
-0.00994257539133517
-0.05617983094581739
-7.01267836880791e-15
-7.01267836880791e-15
-0.01045286528564702
-0.05789250000280939
3.373654576169202e-14
3.373654576169202e-14
-0.01098934515247096
-0.05965738059640852
7.851626745807964e-14
7.851626745807964e-14
-0.0115533591584652
-0.06147606442030697
1.266415456061675e-13
1.266415456061675e-13
-0.01214632045791323
-0.06335019169174047
1.773161757303661e-13
1.773161757303661e-13
-0.01276971473342498
-0.06528145263075151
2.296395686513997e-13
2.296395686513997e-13
-0.01342510391835985
-0.06727158898454928
2.826173219049835e-13
2.826173219049835e-13
-0.01411413011029821
-0.06932239559834037
3.351797933471274e-13
3.351797933471274e-13
-0.014838519685367
-0.07143572203404651
3.861876705443481e-13
3.861876705443481e-13
-0.01560008762372757
-0.07361347423837042
4.344602147579572e-13
4.344602147579572e-13
-0.01640074205706378
-0.07585761626171304
4.787893523461934e-13
4.787893523461934e-13
-0.01724248904946394
-0.0781701720294929
5.179611444860222e-13
5.179611444860222e-13
-0.01812743762367546
-0.08055322716746513
5.507851824322755e-13
5.507851824322755e-13
-0.01905780504532552
-0.08300893088268596
5.761188906958852e-13
5.761188906958852e-13
-0.02003592237834751
-0.08553949790181957
5.928918429775682e-13
5.928918429775682e-13
-0.02106424032553266
-0.08814721046853526
6.001381798914875e-13
6.001381798914875e-13
-0.02214533536884045
-0.0908344204017958
5.970236034570212e-13
5.970236034570212e-13
-0.02328191622485259
-0.09360355121689404
5.82873614686752e-13
5.82873614686752e-13
-0.02447683063154476
-0.09645710031115015
5.572032991520082e-13
5.572032991520082e-13
-0.02573307248338078
-0.09939764121624091
5.197416580557404e-13
5.197416580557404e-13
-0.02705378933260636
-0.1024278259191923
4.704547124274656e-13
4.704547124274656e-13
-0.02844229027553701
-0.105550387254129
4.09572540093484e-13
4.09572540093484e-13
-0.02990205424359966
-0.1087681413669364
3.376016771621666e-13
3.376016771621666e-13
-0.03143673871990121
-0.1120839902550598
2.553386742601143e-13
2.553386742601143e-13
-0.03305018890316395
-0.1155009243847308
1.638789672110627e-13
1.638789672110627e-13
-0.03474644734198805
-0.1190220253879802
6.46166903859572e-14
6.46166903859572e-14
-0.03652976406358018
-0.1226504688418706
-4.075772284110356e-14
-4.075772284110356e-14
-0.03840460722232639
-0.1263895271324562
-1.502737133811172e-13
-1.502737133811172e-13
-0.04037567429488907
-0.13024257240605
-2.617029375450431e-13
-2.617029375450431e-13
-0.04244790384987789
-0.1342130796104633
-3.725889988517379e-13
-3.725889988517379e-13
-0.0446264879215842
-0.1383046296289572
-4.802880315871783e-13
-4.802880315871783e-13
-0.04691688501878129
-0.1425209125097356
-5.820183438552264e-13
-5.820183438552264e-13
-0.04932483380118483
-0.1468657307938897
-6.74913003971989e-13
-6.74913003971989e-13
-0.05185636745783966
-0.151343002944796
-7.561013232644102e-13
-7.561013232644102e-13
-0.05451782882345935
-0.1559567668820623
-8.227665694108977e-13
-8.227665694108977e-13
-0.05731588627059214
-0.1607111836232068
-8.722500991604922e-13
-8.722500991604922e-13
-0.06025755041743202
-0.1656105410363555
-9.021217267501917e-13
-9.021217267501917e-13
-0.06335019169313647
-0.1706592577073429
-9.102853561742997e-13
-9.102853561742997e-13
-0.06660155880466205
-0.1758618869247021
-8.950705510649678e-13
-8.950705510649678e-13
-0.07001979815138606
-0.1812231207861406
-8.55331043436407e-13
-8.55331043436407e-13
-0.07361347423615901
-0.1867477944302028
-7.905297646184598e-13
-7.905297646184598e-13
-0.07739159112392789
-0.1924408903969377
-7.008329912882016e-13
-7.008329912882016e-13
-0.08136361500169557
-0.198307543121504
-5.871786816620251e-13
-5.871786816620251e-13
-0.08553949789634162
-0.2043530435647639
-4.513335477432063e-13
-4.513335477432063e-13
-0.08992970260972862
-0.210582843985044
-2.959420665569905e-13
-2.959420665569905e-13
-0.0945452289335718
-0.2170025628553666
-1.245305708365634e-13
-1.245305708365634e-13
-0.09939764120975229
-0.2236179899305841
5.850137451080725e-14
5.850137451080725e-14
-0.104499097305128
-0.230435091468989
2.479263919335679e-13
2.479263919335679e-13
-0.1098623790734396
-0.2374600156131065
4.377774396385135e-13
4.377774396385135e-13
-0.1155009243806339
-0.2446990979345262
6.214712755626614e-13
6.214712755626614e-13
-0.1214288607738463
-0.2521588671477675
7.919814661417137e-13
7.919814661417137e-13
-0.1276610408783999
-0.2598460509983388
9.42049484489445e-13
9.42049484489445e-13
-0.1342130796115093
-0.2677675823302963
1.064448574376039e-12
1.064448574376039e-12
-0.1411013933059312
-0.2759306053387749
1.152289028188278e-12
1.152289028188278e-12
-0.1483432408415845
-0.2843424820131327
1.199358200197363e-12
1.199358200197363e-12
-0.1559567668881986
-0.2930107987765168
1.200482563068556e-12
1.200482563068556e-12
-0.1639610473673342
-0.3019433733278405
1.151950494219518e-12
1.151950494219518e-12
-0.1723761372476847
-0.3111482616923404
1.05187178344389e-12
1.05187178344389e-12
-0.1812231207934098
-0.3206337654870737
9.005841838683942e-13
9.005841838683942e-13
-0.1905241643913991
-0.3304084394079067
7.009884142892939e-13
7.009884142892939e-13
-0.2003025720898294
-0.3404810989447458
4.588230150206383e-13
4.588230150206383e-13
-0.2105828439871657
-0.3508608283319714
1.82840548071079e-13
1.82840548071079e-13
-0.2213907376179038
-0.3615569887412402
-1.151552751118332e-13
-1.151552751118332e-13
-0.232753332488858
-0.3725792267240484
-4.204498703626314e-13
-4.204498703626314e-13
-0.2446990979276903
-0.3839374829116666
-7.157863277623986e-13
-7.157863277623986e-13
-0.2572579644136814
-0.3956420009802915
-9.819730009411769e-13
-9.819730009411769e-13
-0.2704613985694605
-0.4077033368895039
-1.198822570839189e-12
-1.198822570839189e-12
-0.2843424820015925
-0.4201323684023566
-1.346380916718538e-12
-1.346380916718538e-12
-0.2989359941875556
-0.4329403048956862
-1.406520587451478e-12
-1.406520587451478e-12
-0.3142784996167917
-0.4461386974694916
-1.364823571290008e-12
-1.364823571290008e-12
-0.3304084394041555
-0.4597394493644967
-1.21276689201735e-12
-1.21276689201735e-12
-0.3473662276053115
-0.4737548266972994
-9.500472394080034e-13
-9.500472394080034e-13
-0.3651943524753922
-0.4881974695227846
-5.869101339435885e-13
-5.869101339435885e-13
-0.3839374829246281
-0.5030804032337862
-1.461869072051061e-13
-1.461869072051061e-13
-0.403642580437672
-0.5184170503082854
3.353491103637346e-13
3.353491103637346e-13
-0.4243590167370381
-0.5342212424147436
8.068768518307887e-13
8.068768518307887e-13
-0.4461386974854583
-0.5505072328865038
1.205448904304587e-12
1.205448904304587e-12
-0.4690361923370918
-0.5672897095765244
1.461034782945933e-12
1.461034782945933e-12
-0.4931088716634349
-0.5845838081040593
1.506034329121852e-12
1.506034329121852e-12
-0.5184170502964902
-0.6024051255052567
1.29116913021878e-12
1.29116913021878e-12
-0.5450241386493414
-0.6207697343000298
8.101436875390703e-13
8.101436875390703e-13
-0.5729968015927578
-0.6396941969879192
1.361089302390348e-13
1.361089302390348e-13
-0.602405125485889
-0.6591955809860958
-5.260085372616483e-13
-5.260085372616483e-13
-0.6333227937795222
-0.6792914740230305
-7.664892972946737e-13
-7.664892972946737e-13
-0.6658272716318672
-0.7000000000018262
1.292997896209315e-13
1.292997896209315e-13
-0.6999999999993909
