-16.6504  0  0  0.0132428  0.056176
-7.22566  0  0  0.0536704  0.103849
-5.34071  0  0  0.0806958  0.118888
-4.08407  0  0  0.109357  0.126957
-2.82743  0  0  0.151103  0.126829
-2.19911  0  0  0.177606  0.119405
-1.5708  0  0  0.206705  0.103101
-0.942478  0  0  0.234802  0.0742747
-0.314159  0  0  0.254805  0.0301903
0.314159  0  0  0.254805  -0.0301903
0.942478  0  0  0.234802  -0.0742747
1.5708  0  0  0.206705  -0.103101
2.19911  0  0  0.177606  -0.119405
2.82743  0  0  0.151103  -0.126829
4.08407  0  0  0.109357  -0.126957
7.22566  0  0  0.0536704  -0.103849
14.7655  0  0  0.0164886  -0.0622981
-16.6504  0  0.628319  0.0120946  0.0567189
-7.22566  0  0.628319  0.0504863  0.107989
-5.34071  0  0.628319  0.0774348  0.126127
-4.08407  0  0.628319  0.107204  0.137636
-2.82743  0  0.628319  0.152927  0.142059
-2.19911  0  0.628319  0.183561  0.136654
-1.5708  0  0.628319  0.218841  0.120878
-0.942478  0  0.628319  0.254666  0.0890721
-0.314159  0  0.628319  0.280042  0.0405881
0.314159  0  0.628319  0.280042  -0.0405881
0.942478  0  0.628319  0.254666  -0.0890721
1.5708  0  0.628319  0.218841  -0.120878
2.19911  0  0.628319  0.183561  -0.136654
2.82743  0  0.628319  0.152927  -0.142059
4.08407  0  0.628319  0.107204  -0.137636
7.22566  0  0.628319  0.0504863  -0.107989
14.7655  0  0.628319  0.0150946  -0.0630485
-16.6504  0  1.25664  0.00893764  0.0579191
-7.22566  0  1.25664  0.0399547  0.11809
-5.34071  0  1.25664  0.0644344  0.145071
-4.08407  0  1.25664  0.0945196  0.167888
-2.82743  0  1.25664  0.148292  0.191085
-2.19911  0  1.25664  0.190736  0.19756
-1.5708  0  1.25664  0.247942  0.191654
-0.942478  0  1.25664  0.318584  0.157663
-0.314159  0  1.25664  0.383418  0.0718391
0.314159  0  1.25664  0.383418  -0.0718391
0.942478  0  1.25664  0.318584  -0.157663
1.5708  0  1.25664  0.247942  -0.191654
2.19911  0  1.25664  0.190736  -0.19756
2.82743  0  1.25664  0.148292  -0.191085
4.08407  0  1.25664  0.0945196  -0.167888
7.22566  0  1.25664  0.0399547  -0.11809
14.7655  0  1.25664  0.0112133  -0.0647202
-16.6504  0  1.88496  0.00479876  0.0589078
-7.22566  0  1.88496  0.0227838  0.127559
-5.34071  0  1.88496  0.0385953  0.164681
-4.08407  0  1.88496  0.0602941  0.203204
-2.82743  0  1.88496  0.106825  0.262122
-2.19911  0  1.88496  0.152948  0.302901
-1.5708  0  1.88496  0.235041  0.349843
-0.942478  0  1.88496  0.392775  0.378986
-0.314159  0  1.88496  0.649291  0.268319
0.314159  0  1.88496  0.649291  -0.268319
0.942478  0  1.88496  0.392775  -0.378986
1.5708  0  1.88496  0.235041  -0.349843
2.19911  0  1.88496  0.152948  -0.302901
2.82743  0  1.88496  0.106825  -0.262122
4.08407  0  1.88496  0.0602941  -0.203204
7.22566  0  1.88496  0.0227838  -0.127559
14.7655  0  1.88496  0.00604682  -0.0661107
-16.6504  0  2.51327  0.00133455  0.059269
-7.22566  0  2.51327  0.00648368  0.131327
-5.34071  0  2.51327  0.0112057  0.17304
-4.08407  0  2.51327  0.0179925  0.219655
-2.82743  0  2.51327  0.0338323  0.301603
-2.19911  0  2.51327  0.0514788  0.371867
-1.5708  0  2.51327  0.0887472  0.486607
-0.942478  0  2.51327  0.192863  0.706765
-0.314159  0  2.51327  0.784753  1.2595
0.314159  0  2.51327  0.784753  -1.2595
0.942478  0  2.51327  0.192863  -0.706765
1.5708  0  2.51327  0.0887472  -0.486607
2.19911  0  2.51327  0.0514788  -0.371867
2.82743  0  2.51327  0.0338323  -0.301603
4.08407  0  2.51327  0.0179924  -0.219655
7.22566  0  2.51327  0.00648368  -0.131327
14.7655  0  2.51327  0.00168434  -0.0666219
-16.6504  0  3.14159  4.80204e-10  0.0592992
-7.22566  0  3.14159  -8.5844e-10  0.131654
-5.34071  0  3.14159  7.79271e-09  0.173784
-4.08407  0  3.14159  5.28398e-09  0.221155
-2.82743  0  3.14159  -1.3433e-10  0.3054
-2.19911  0  3.14159  -1.49055e-09  0.378924
-1.5708  0  3.14159  -4.07514e-09  0.502586
-0.942478  0  3.14159  -1.15899e-08  0.757567
-0.314159  0  3.14159  -4.83289e-08  1.43998
0.314159  0  3.14159  -5.3757e-08  -1.43998
0.942478  0  3.14159  -1.62364e-08  -0.757566
1.5708  0  3.14159  -7.71705e-09  -0.502586
2.19911  0  3.14159  -4.70366e-09  -0.378924
2.82743  0  3.14159  -3.26148e-09  -0.3054
4.08407  0  3.14159  -4.88622e-09  -0.221155
7.22566  0  3.14159  -7.85857e-11  -0.131654
14.7655  0  3.14159  -4.80675e-11  -0.0666648
-16.6504  0  3.76991  0.00133455  0.059269
-7.22566  0  3.76991  0.00648368  0.131327
-5.34071  0  3.76991  0.0112057  0.17304
-4.08407  0  3.76991  0.0179925  0.219655
-2.82743  0  3.76991  0.0338323  0.301603
-2.19911  0  3.76991  0.0514788  0.371867
-1.5708  0  3.76991  0.0887472  0.486607
-0.942478  0  3.76991  0.192863  0.706765
-0.314159  0  3.76991  0.784753  1.2595
0.314159  0  3.76991  0.784753  -1.2595
0.942478  0  3.76991  0.192863  -0.706765
1.5708  0  3.76991  0.0887472  -0.486607
2.19911  0  3.76991  0.0514788  -0.371867
2.82743  0  3.76991  0.0338323  -0.301603
4.08407  0  3.76991  0.0179924  -0.219655
7.22566  0  3.76991  0.00648368  -0.131327
14.7655  0  3.76991  0.00168434  -0.0666219
-16.6504  0  4.39823  0.00479876  0.0589078
-7.22566  0  4.39823  0.0227838  0.127559
-5.34071  0  4.39823  0.0385953  0.164681
-4.08407  0  4.39823  0.0602941  0.203204
-2.82743  0  4.39823  0.106825  0.262122
-2.19911  0  4.39823  0.152948  0.302901
-1.5708  0  4.39823  0.235041  0.349843
-0.942478  0  4.39823  0.392775  0.378986
-0.314159  0  4.39823  0.649291  0.268319
0.314159  0  4.39823  0.649291  -0.268319
0.942478  0  4.39823  0.392775  -0.378986
1.5708  0  4.39823  0.235041  -0.349843
2.19911  0  4.39823  0.152948  -0.302901
2.82743  0  4.39823  0.106825  -0.262122
4.08407  0  4.39823  0.0602941  -0.203204
7.22566  0  4.39823  0.0227838  -0.127559
14.7655  0  4.39823  0.00604682  -0.0661107
-16.6504  0  5.02655  0.00893764  0.0579191
-7.22566  0  5.02655  0.0399547  0.11809
-5.34071  0  5.02655  0.0644344  0.145071
-4.08407  0  5.02655  0.0945196  0.167888
-2.82743  0  5.02655  0.148292  0.191085
-2.19911  0  5.02655  0.190736  0.19756
-1.5708  0  5.02655  0.247942  0.191654
-0.942478  0  5.02655  0.318584  0.157663
-0.314159  0  5.02655  0.383418  0.0718391
0.314159  0  5.02655  0.383418  -0.0718391
0.942478  0  5.02655  0.318584  -0.157663
1.5708  0  5.02655  0.247942  -0.191654
2.19911  0  5.02655  0.190736  -0.19756
2.82743  0  5.02655  0.148292  -0.191085
4.08407  0  5.02655  0.0945196  -0.167888
7.22566  0  5.02655  0.0399547  -0.11809
14.7655  0  5.02655  0.0112133  -0.0647202
-16.6504  0  5.65487  0.0120946  0.0567189
-7.22566  0  5.65487  0.0504863  0.107989
-5.34071  0  5.65487  0.0774348  0.126127
-4.08407  0  5.65487  0.107204  0.137636
-2.82743  0  5.65487  0.152927  0.142059
-2.19911  0  5.65487  0.183561  0.136654
-1.5708  0  5.65487  0.218841  0.120878
-0.942478  0  5.65487  0.254666  0.0890721
-0.314159  0  5.65487  0.280042  0.0405881
0.314159  0  5.65487  0.280042  -0.0405881
0.942478  0  5.65487  0.254666  -0.0890721
1.5708  0  5.65487  0.218841  -0.120878
2.19911  0  5.65487  0.183561  -0.136654
2.82743  0  5.65487  0.152927  -0.142059
4.08407  0  5.65487  0.107204  -0.137636
7.22566  0  5.65487  0.0504863  -0.107989
14.7655  0  5.65487  0.0150946  -0.0630485
-16.6504  0  6.28319  0.0132428  0.056176
-7.22566  0  6.28319  0.0536704  0.103849
-5.34071  0  6.28319  0.0806958  0.118888
-4.08407  0  6.28319  0.109357  0.126957
-2.82743  0  6.28319  0.151103  0.126829
-2.19911  0  6.28319  0.177606  0.119405
-1.5708  0  6.28319  0.206705  0.103101
-0.942478  0  6.28319  0.234802  0.0742747
-0.314159  0  6.28319  0.254805  0.0301903
0.314159  0  6.28319  0.254805  -0.0301903
0.942478  0  6.28319  0.234802  -0.0742747
1.5708  0  6.28319  0.206705  -0.103101
2.19911  0  6.28319  0.177606  -0.119405
2.82743  0  6.28319  0.151103  -0.126829
4.08407  0  6.28319  0.109357  -0.126957
7.22566  0  6.28319  0.0536704  -0.103849
14.7655  0  6.28319  0.0164886  -0.0622981
-16.6504  0.628319  0  0.0120946  0.0567189
-7.22566  0.628319  0  0.0504863  0.107989
-5.34071  0.628319  0  0.0774348  0.126127
-4.08407  0.628319  0  0.107204  0.137636
-2.82743  0.628319  0  0.152927  0.142059
-2.19911  0.628319  0  0.183561  0.136654
-1.5708  0.628319  0  0.218841  0.120878
-0.942478  0.628319  0  0.254666  0.0890721
-0.314159  0.628319  0  0.280042  0.0405881
0.314159  0.628319  0  0.280042  -0.0405881
0.942478  0.628319  0  0.254666  -0.0890721
1.5708  0.628319  0  0.218841  -0.120878
2.19911  0.628319  0  0.183561  -0.136654
2.82743  0.628319  0  0.152927  -0.142059
4.08407  0.628319  0  0.107204  -0.137636
7.22566  0.628319  0  0.0504863  -0.107989
14.7655  0.628319  0  0.0150946  -0.0630485
-16.6504  0.628319  0.628319  0.010913  0.0572166
-7.22566  0.628319  0.628319  0.04684  0.11201
-5.34071  0.628319  0.628319  0.0732724  0.133441
-4.08407  0.628319  0.628319  0.103703  0.148903
-2.82743  0.628319  0.628319  0.153136  0.159231
-2.19911  0.628319  0.628319  0.188219  0.157024
-1.5708  0.628319  0.628319  0.230731  0.143216
-0.942478  0.628319  0.628319  0.276635  0.109402
-0.314159  0.628319  0.628319  0.313096  0.0466193
0.314159  0.628319  0.628319  0.313096  -0.0466193
0.942478  0.628319  0.628319  0.276635  -0.109402
1.5708  0.628319  0.628319  0.230731  -0.143216
2.19911  0.628319  0.628319  0.188219  -0.157024
2.82743  0.628319  0.628319  0.153136  -0.159231
4.08407  0.628319  0.628319  0.103703  -0.148903
7.22566  0.628319  0.628319  0.04684  -0.11201
14.7655  0.628319  0.628319  0.0136495  -0.0637395
-16.6504  0.628319  1.25664  0.00768206  0.0582858
-7.22566  0.628319  1.25664  0.0351019  0.121467
-5.34071  0.628319  1.25664  0.0576026  0.151846
-4.08407  0.628319  1.25664  0.0863505  0.1796
-2.82743  0.628319  1.25664  0.140971  0.212774
-2.19911  0.628319  1.25664  0.187315  0.227332
-1.5708  0.628319  1.25664  0.25494  0.23096
-0.942478  0.628319  1.25664  0.347799  0.201806
-0.314159  0.628319  1.25664  0.439013  0.107369
0.314159  0.628319  1.25664  0.439013  -0.107369
0.942478  0.628319  1.25664  0.347799  -0.201806
1.5708  0.628319  1.25664  0.25494  -0.23096
2.19911  0.628319  1.25664  0.187315  -0.227332
2.82743  0.628319  1.25664  0.140971  -0.212774
4.08407  0.628319  1.25664  0.0863505  -0.1796
7.22566  0.628319  1.25664  0.0351019  -0.121467
14.7655  0.628319  1.25664  0.0096535  -0.0652344
-16.6504  0.628319  1.88496  0.00348334  0.0590933
-7.22566  0.628319  1.88496  0.016733  0.129465
-5.34071  0.628319  1.88496  0.0286405  0.168871
-4.08407  0.628319  1.88496  0.0453919  0.211367
-2.82743  0.628319  1.88496  0.0829992  0.281289
-2.19911  0.628319  1.88496  0.122666  0.335483
-1.5708  0.628319  1.88496  0.19954  0.410553
-0.942478  0.628319  1.88496  0.373533  0.501883
-0.314159  0.628319  1.88496  0.807721  0.442426
0.314159  0.628319  1.88496  0.807721  -0.442426
0.942478  0.628319  1.88496  0.373533  -0.501883
1.5708  0.628319  1.88496  0.19954  -0.410553
2.19911  0.628319  1.88496  0.122666  -0.335483
2.82743  0.628319  1.88496  0.0829992  -0.281289
4.08407  0.628319  1.88496  0.0453919  -0.211367
7.22566  0.628319  1.88496  0.016733  -0.129465
14.7655  0.628319  1.88496  0.00439287  -0.0663729
-16.6504  0.628319  2.51327  4.87193e-10  0.0592989
-7.22566  0.628319  2.51327  -8.10712e-10  0.131641
-5.34071  0.628319  2.51327  9.01413e-09  0.173755
-4.08407  0.628319  2.51327  5.25069e-09  0.221124
-2.82743  0.628319  2.51327  -1.08993e-09  0.305527
-2.19911  0.628319  2.51327  -2.08282e-09  0.379523
-1.5708  0.628319  2.51327  -4.54054e-09  0.505145
-0.942478  0.628319  2.51327  -1.2425e-08  0.771464
-0.314159  0.628319  2.51327  -6.15087e-08  1.61453
0.314159  0.628319  2.51327  -6.78598e-08  -1.61453
0.942478  0.628319  2.51327  -1.68102e-08  -0.771464
1.5708  0.628319  2.51327  -7.70517e-09  -0.505145
2.19911  0.628319  2.51327  -4.54228e-09  -0.379523
2.82743  0.628319  2.51327  -2.87368e-09  -0.305527
4.08407  0.628319  2.51327  -4.84186e-09  -0.221124
7.22566  0.628319  2.51327  -1.04178e-10  -0.131641
14.7655  0.628319  2.51327  -4.35474e-11  -0.0666643
-16.6504  0.628319  3.14159  -0.00133455  0.059269
-7.22566  0.628319  3.14159  -0.00648369  0.131327
-5.34071  0.628319  3.14159  -0.0112056  0.17304
-4.08407  0.628319  3.14159  -0.0179924  0.219655
-2.82743  0.628319  3.14159  -0.0338323  0.301603
-2.19911  0.628319  3.14159  -0.0514788  0.371867
-1.5708  0.628319  3.14159  -0.0887472  0.486607
-0.942478  0.628319  3.14159  -0.192863  0.706765
-0.314159  0.628319  3.14159  -0.784753  1.2595
0.314159  0.628319  3.14159  -0.784753  -1.2595
0.942478  0.628319  3.14159  -0.192863  -0.706765
1.5708  0.628319  3.14159  -0.0887472  -0.486607
2.19911  0.628319  3.14159  -0.0514788  -0.371867
2.82743  0.628319  3.14159  -0.0338323  -0.301603
4.08407  0.628319  3.14159  -0.0179925  -0.219655
7.22566  0.628319  3.14159  -0.00648368  -0.131327
14.7655  0.628319  3.14159  -0.00168434  -0.0666219
-16.6504  0.628319  3.76991  4.87193e-10  0.0592989
-7.22566  0.628319  3.76991  -8.10712e-10  0.131641
-5.34071  0.628319  3.76991  9.01413e-09  0.173755
-4.08407  0.628319  3.76991  5.25069e-09  0.221124
-2.82743  0.628319  3.76991  -1.08993e-09  0.305527
-2.19911  0.628319  3.76991  -2.08282e-09  0.379523
-1.5708  0.628319  3.76991  -4.54054e-09  0.505145
-0.942478  0.628319  3.76991  -1.2425e-08  0.771464
-0.314159  0.628319  3.76991  -6.15087e-08  1.61453
0.314159  0.628319  3.76991  -6.78598e-08  -1.61453
0.942478  0.628319  3.76991  -1.68102e-08  -0.771464
1.5708  0.628319  3.76991  -7.70517e-09  -0.505145
2.19911  0.628319  3.76991  -4.54228e-09  -0.379523
2.82743  0.628319  3.76991  -2.87368e-09  -0.305527
4.08407  0.628319  3.76991  -4.84186e-09  -0.221124
7.22566  0.628319  3.76991  -1.04178e-10  -0.131641
14.7655  0.628319  3.76991  -4.35474e-11  -0.0666643
-16.6504  0.628319  4.39823  0.00348334  0.0590933
-7.22566  0.628319  4.39823  0.016733  0.129465
-5.34071  0.628319  4.39823  0.0286405  0.168871
-4.08407  0.628319  4.39823  0.0453919  0.211367
-2.82743  0.628319  4.39823  0.0829992  0.281289
-2.19911  0.628319  4.39823  0.122666  0.335483
-1.5708  0.628319  4.39823  0.19954  0.410553
-0.942478  0.628319  4.39823  0.373533  0.501883
-0.314159  0.628319  4.39823  0.807721  0.442426
0.314159  0.628319  4.39823  0.807721  -0.442426
0.942478  0.628319  4.39823  0.373533  -0.501883
1.5708  0.628319  4.39823  0.19954  -0.410553
2.19911  0.628319  4.39823  0.122666  -0.335483
2.82743  0.628319  4.39823  0.0829992  -0.281289
4.08407  0.628319  4.39823  0.0453919  -0.211367
7.22566  0.628319  4.39823  0.016733  -0.129465
14.7655  0.628319  4.39823  0.00439287  -0.0663729
-16.6504  0.628319  5.02655  0.00768206  0.0582858
-7.22566  0.628319  5.02655  0.0351019  0.121467
-5.34071  0.628319  5.02655  0.0576026  0.151846
-4.08407  0.628319  5.02655  0.0863505  0.1796
-2.82743  0.628319  5.02655  0.140971  0.212774
-2.19911  0.628319  5.02655  0.187315  0.227332
-1.5708  0.628319  5.02655  0.25494  0.23096
-0.942478  0.628319  5.02655  0.347799  0.201806
-0.314159  0.628319  5.02655  0.439013  0.107369
0.314159  0.628319  5.02655  0.439013  -0.107369
0.942478  0.628319  5.02655  0.347799  -0.201806
1.5708  0.628319  5.02655  0.25494  -0.23096
2.19911  0.628319  5.02655  0.187315  -0.227332
2.82743  0.628319  5.02655  0.140971  -0.212774
4.08407  0.628319  5.02655  0.0863505  -0.1796
7.22566  0.628319  5.02655  0.0351019  -0.121467
14.7655  0.628319  5.02655  0.0096535  -0.0652344
-16.6504  0.628319  5.65487  0.010913  0.0572166
-7.22566  0.628319  5.65487  0.04684  0.11201
-5.34071  0.628319  5.65487  0.0732724  0.133441
-4.08407  0.628319  5.65487  0.103703  0.148903
-2.82743  0.628319  5.65487  0.153136  0.159231
-2.19911  0.628319  5.65487  0.188219  0.157024
-1.5708  0.628319  5.65487  0.230731  0.143216
-0.942478  0.628319  5.65487  0.276635  0.109402
-0.314159  0.628319  5.65487  0.313096  0.0466193
0.314159  0.628319  5.65487  0.313096  -0.0466193
0.942478  0.628319  5.65487  0.276635  -0.109402
1.5708  0.628319  5.65487  0.230731  -0.143216
2.19911  0.628319  5.65487  0.188219  -0.157024
2.82743  0.628319  5.65487  0.153136  -0.159231
4.08407  0.628319  5.65487  0.103703  -0.148903
7.22566  0.628319  5.65487  0.04684  -0.11201
14.7655  0.628319  5.65487  0.0136495  -0.0637395
-16.6504  0.628319  6.28319  0.0120946  0.0567189
-7.22566  0.628319  6.28319  0.0504863  0.107989
-5.34071  0.628319  6.28319  0.0774348  0.126127
-4.08407  0.628319  6.28319  0.107204  0.137636
-2.82743  0.628319  6.28319  0.152927  0.142059
-2.19911  0.628319  6.28319  0.183561  0.136654
-1.5708  0.628319  6.28319  0.218841  0.120878
-0.942478  0.628319  6.28319  0.254666  0.0890721
-0.314159  0.628319  6.28319  0.280042  0.0405881
0.314159  0.628319  6.28319  0.280042  -0.0405881
0.942478  0.628319  6.28319  0.254666  -0.0890721
1.5708  0.628319  6.28319  0.218841  -0.120878
2.19911  0.628319  6.28319  0.183561  -0.136654
2.82743  0.628319  6.28319  0.152927  -0.142059
4.08407  0.628319  6.28319  0.107204  -0.137636
7.22566  0.628319  6.28319  0.0504863  -0.107989
14.7655  0.628319  6.28319  0.0150946  -0.0630485
-16.6504  1.25664  0  0.00893764  0.0579191
-7.22566  1.25664  0  0.0399547  0.11809
-5.34071  1.25664  0  0.0644344  0.145071
-4.08407  1.25664  0  0.0945196  0.167888
-2.82743  1.25664  0  0.148292  0.191085
-2.19911  1.25664  0  0.190736  0.19756
-1.5708  1.25664  0  0.247942  0.191654
-0.942478  1.25664  0  0.318584  0.157663
-0.314159  1.25664  0  0.383418  0.0718391
0.314159  1.25664  0  0.383418  -0.0718391
0.942478  1.25664  0  0.318584  -0.157663
1.5708  1.25664  0  0.247942  -0.191654
2.19911  1.25664  0  0.190736  -0.19756
2.82743  1.25664  0  0.148292  -0.191085
4.08407  1.25664  0  0.0945196  -0.167888
7.22566  1.25664  0  0.0399547  -0.11809
14.7655  1.25664  0  0.0112133  -0.0647202
-16.6504  1.25664  0.628319  0.00768206  0.0582858
-7.22566  1.25664  0.628319  0.0351019  0.121467
-5.34071  1.25664  0.628319  0.0576026  0.151846
-4.08407  1.25664  0.628319  0.0863505  0.1796
-2.82743  1.25664  0.628319  0.140971  0.212774
-2.19911  1.25664  0.628319  0.187315  0.227332
-1.5708  1.25664  0.628319  0.25494  0.23096
-0.942478  1.25664  0.628319  0.347799  0.201806
-0.314159  1.25664  0.628319  0.439013  0.107369
0.314159  1.25664  0.628319  0.439013  -0.107369
0.942478  1.25664  0.628319  0.347799  -0.201806
1.5708  1.25664  0.628319  0.25494  -0.23096
2.19911  1.25664  0.628319  0.187315  -0.227332
2.82743  1.25664  0.628319  0.140971  -0.212774
4.08407  1.25664  0.628319  0.0863505  -0.1796
7.22566  1.25664  0.628319  0.0351019  -0.121467
14.7655  1.25664  0.628319  0.0096535  -0.0652344
-16.6504  1.25664  1.25664  0.00429759  0.0589852
-7.22566  1.25664  1.25664  0.0205026  0.128341
-5.34071  1.25664  1.25664  0.0348907  0.166398
-4.08407  1.25664  1.25664  0.0548796  0.206563
-2.82743  1.25664  1.25664  0.0987514  0.270006
-2.19911  1.25664  1.25664  0.143544  0.31607
-1.5708  1.25664  1.25664  0.22602  0.373095
-0.942478  1.25664  1.25664  0.392597  0.420867
-0.314159  1.25664  1.25664  0.710603  0.308753
0.314159  1.25664  1.25664  0.710603  -0.308753
0.942478  1.25664  1.25664  0.392597  -0.420867
1.5708  1.25664  1.25664  0.22602  -0.373095
2.19911  1.25664  1.25664  0.143544  -0.31607
2.82743  1.25664  1.25664  0.0987514  -0.270006
4.08407  1.25664  1.25664  0.0548796  -0.206563
7.22566  1.25664  1.25664  0.0205026  -0.128341
14.7655  1.25664  1.25664  0.00541708  -0.06622
-16.6504  1.25664  1.88496  4.9876e-10  0.0592985
-7.22566  1.25664  1.88496  -7.40933e-10  0.131623
-5.34071  1.25664  1.88496  1.08527e-08  0.173727
-4.08407  1.25664  1.88496  5.16508e-09  0.221151
-2.82743  1.25664  1.88496  -2.17119e-09  0.306058
-2.19911  1.25664  1.88496  -2.90576e-09  0.381094
-1.5708  1.25664  1.88496  -5.33547e-09  0.509766
-0.942478  1.25664  1.88496  -1.37443e-08  0.786019
-0.314159  1.25664  1.88496  -6.69477e-08  1.66105
0.314159  1.25664  1.88496  -7.24513e-08  -1.66105
0.942478  1.25664  1.88496  -1.73326e-08  -0.786019
1.5708  1.25664  1.88496  -7.64389e-09  -0.509766
2.19911  1.25664  1.88496  -4.31866e-09  -0.381094
2.82743  1.25664  1.88496  -2.53848e-09  -0.306058
4.08407  1.25664  1.88496  -4.88623e-09  -0.221151
7.22566  1.25664  1.88496  -1.73835e-10  -0.131623
14.7655  1.25664  1.88496  -3.65535e-11  -0.0666634
-16.6504  1.25664  2.51327  -0.00348334  0.0590933
-7.22566  1.25664  2.51327  -0.016733  0.129465
-5.34071  1.25664  2.51327  -0.0286405  0.168871
-4.08407  1.25664  2.51327  -0.0453919  0.211367
-2.82743  1.25664  2.51327  -0.0829992  0.281289
-2.19911  1.25664  2.51327  -0.122666  0.335483
-1.5708  1.25664  2.51327  -0.19954  0.410553
-0.942478  1.25664  2.51327  -0.373533  0.501883
-0.314159  1.25664  2.51327  -0.807721  0.442426
0.314159  1.25664  2.51327  -0.807721  -0.442426
0.942478  1.25664  2.51327  -0.373533  -0.501883
1.5708  1.25664  2.51327  -0.19954  -0.410553
2.19911  1.25664  2.51327  -0.122666  -0.335483
2.82743  1.25664  2.51327  -0.0829992  -0.281289
4.08407  1.25664  2.51327  -0.0453919  -0.211367
7.22566  1.25664  2.51327  -0.016733  -0.129465
14.7655  1.25664  2.51327  -0.00439287  -0.0663729
-16.6504  1.25664  3.14159  -0.00479875  0.0589078
-7.22566  1.25664  3.14159  -0.0227838  0.127559
-5.34071  1.25664  3.14159  -0.0385953  0.164681
-4.08407  1.25664  3.14159  -0.0602941  0.203204
-2.82743  1.25664  3.14159  -0.106825  0.262122
-2.19911  1.25664  3.14159  -0.152948  0.302901
-1.5708  1.25664  3.14159  -0.235041  0.349843
-0.942478  1.25664  3.14159  -0.392775  0.378986
-0.314159  1.25664  3.14159  -0.649291  0.268319
0.314159  1.25664  3.14159  -0.649291  -0.268319
0.942478  1.25664  3.14159  -0.392775  -0.378986
1.5708  1.25664  3.14159  -0.235041  -0.349843
2.19911  1.25664  3.14159  -0.152948  -0.302901
2.82743  1.25664  3.14159  -0.106825  -0.262122
4.08407  1.25664  3.14159  -0.0602941  -0.203204
7.22566  1.25664  3.14159  -0.0227838  -0.127559
14.7655  1.25664  3.14159  -0.00604682  -0.0661107
-16.6504  1.25664  3.76991  -0.00348334  0.0590933
-7.22566  1.25664  3.76991  -0.016733  0.129465
-5.34071  1.25664  3.76991  -0.0286405  0.168871
-4.08407  1.25664  3.76991  -0.0453919  0.211367
-2.82743  1.25664  3.76991  -0.0829992  0.281289
-2.19911  1.25664  3.76991  -0.122666  0.335483
-1.5708  1.25664  3.76991  -0.19954  0.410553
-0.942478  1.25664  3.76991  -0.373533  0.501883
-0.314159  1.25664  3.76991  -0.807721  0.442426
0.314159  1.25664  3.76991  -0.807721  -0.442426
0.942478  1.25664  3.76991  -0.373533  -0.501883
1.5708  1.25664  3.76991  -0.19954  -0.410553
2.19911  1.25664  3.76991  -0.122666  -0.335483
2.82743  1.25664  3.76991  -0.0829992  -0.281289
4.08407  1.25664  3.76991  -0.0453919  -0.211367
7.22566  1.25664  3.76991  -0.016733  -0.129465
14.7655  1.25664  3.76991  -0.00439287  -0.0663729
-16.6504  1.25664  4.39823  4.9876e-10  0.0592985
-7.22566  1.25664  4.39823  -7.40934e-10  0.131623
-5.34071  1.25664  4.39823  1.08527e-08  0.173727
-4.08407  1.25664  4.39823  5.16508e-09  0.221151
-2.82743  1.25664  4.39823  -2.17119e-09  0.306058
-2.19911  1.25664  4.39823  -2.90576e-09  0.381094
-1.5708  1.25664  4.39823  -5.33547e-09  0.509766
-0.942478  1.25664  4.39823  -1.37443e-08  0.786019
-0.314159  1.25664  4.39823  -6.69477e-08  1.66105
0.314159  1.25664  4.39823  -7.24513e-08  -1.66105
0.942478  1.25664  4.39823  -1.73326e-08  -0.786019
1.5708  1.25664  4.39823  -7.64389e-09  -0.509766
2.19911  1.25664  4.39823  -4.31866e-09  -0.381094
2.82743  1.25664  4.39823  -2.53848e-09  -0.306058
4.08407  1.25664  4.39823  -4.88623e-09  -0.221151
7.22566  1.25664  4.39823  -1.73835e-10  -0.131623
14.7655  1.25664  4.39823  -3.65535e-11  -0.0666634
-16.6504  1.25664  5.02655  0.00429759  0.0589852
-7.22566  1.25664  5.02655  0.0205026  0.128341
-5.34071  1.25664  5.02655  0.0348907  0.166398
-4.08407  1.25664  5.02655  0.0548796  0.206563
-2.82743  1.25664  5.02655  0.0987514  0.270006
-2.19911  1.25664  5.02655  0.143544  0.31607
-1.5708  1.25664  5.02655  0.22602  0.373095
-0.942478  1.25664  5.02655  0.392597  0.420867
-0.314159  1.25664  5.02655  0.710603  0.308753
0.314159  1.25664  5.02655  0.710603  -0.308753
0.942478  1.25664  5.02655  0.392597  -0.420867
1.5708  1.25664  5.02655  0.22602  -0.373095
2.19911  1.25664  5.02655  0.143544  -0.31607
2.82743  1.25664  5.02655  0.0987514  -0.270006
4.08407  1.25664  5.02655  0.0548796  -0.206563
7.22566  1.25664  5.02655  0.0205026  -0.128341
14.7655  1.25664  5.02655  0.00541708  -0.06622
-16.6504  1.25664  5.65487  0.00768206  0.0582858
-7.22566  1.25664  5.65487  0.0351019  0.121467
-5.34071  1.25664  5.65487  0.0576026  0.151846
-4.08407  1.25664  5.65487  0.0863505  0.1796
-2.82743  1.25664  5.65487  0.140971  0.212774
-2.19911  1.25664  5.65487  0.187315  0.227332
-1.5708  1.25664  5.65487  0.25494  0.23096
-0.942478  1.25664  5.65487  0.347799  0.201806
-0.314159  1.25664  5.65487  0.439013  0.107369
0.314159  1.25664  5.65487  0.439013  -0.107369
0.942478  1.25664  5.65487  0.347799  -0.201806
1.5708  1.25664  5.65487  0.25494  -0.23096
2.19911  1.25664  5.65487  0.187315  -0.227332
2.82743  1.25664  5.65487  0.140971  -0.212774
4.08407  1.25664  5.65487  0.0863505  -0.1796
7.22566  1.25664  5.65487  0.0351019  -0.121467
14.7655  1.25664  5.65487  0.0096535  -0.0652344
-16.6504  1.25664  6.28319  0.00893764  0.0579191
-7.22566  1.25664  6.28319  0.0399547  0.11809
-5.34071  1.25664  6.28319  0.0644344  0.145071
-4.08407  1.25664  6.28319  0.0945196  0.167888
-2.82743  1.25664  6.28319  0.148292  0.191085
-2.19911  1.25664  6.28319  0.190736  0.19756
-1.5708  1.25664  6.28319  0.247942  0.191654
-0.942478  1.25664  6.28319  0.318584  0.157663
-0.314159  1.25664  6.28319  0.383418  0.0718391
0.314159  1.25664  6.28319  0.383418  -0.0718391
0.942478  1.25664  6.28319  0.318584  -0.157663
1.5708  1.25664  6.28319  0.247942  -0.191654
2.19911  1.25664  6.28319  0.190736  -0.19756
2.82743  1.25664  6.28319  0.148292  -0.191085
4.08407  1.25664  6.28319  0.0945196  -0.167888
7.22566  1.25664  6.28319  0.0399547  -0.11809
14.7655  1.25664  6.28319  0.0112133  -0.0647202
-16.6504  1.88496  0  0.00479876  0.0589078
-7.22566  1.88496  0  0.0227838  0.127559
-5.34071  1.88496  0  0.0385953  0.164681
-4.08407  1.88496  0  0.0602941  0.203204
-2.82743  1.88496  0  0.106825  0.262122
-2.19911  1.88496  0  0.152948  0.302901
-1.5708  1.88496  0  0.235041  0.349843
-0.942478  1.88496  0  0.392775  0.378986
-0.314159  1.88496  0  0.649291  0.268319
0.314159  1.88496  0  0.649291  -0.268319
0.942478  1.88496  0  0.392775  -0.378986
1.5708  1.88496  0  0.235041  -0.349843
2.19911  1.88496  0  0.152948  -0.302901
2.82743  1.88496  0  0.106825  -0.262122
4.08407  1.88496  0  0.0602941  -0.203204
7.22566  1.88496  0  0.0227838  -0.127559
14.7655  1.88496  0  0.00604682  -0.0661107
-16.6504  1.88496  0.628319  0.00348334  0.0590933
-7.22566  1.88496  0.628319  0.016733  0.129465
-5.34071  1.88496  0.628319  0.0286405  0.168871
-4.08407  1.88496  0.628319  0.0453919  0.211367
-2.82743  1.88496  0.628319  0.0829992  0.281289
-2.19911  1.88496  0.628319  0.122666  0.335483
-1.5708  1.88496  0.628319  0.19954  0.410553
-0.942478  1.88496  0.628319  0.373533  0.501883
-0.314159  1.88496  0.628319  0.807721  0.442426
0.314159  1.88496  0.628319  0.807721  -0.442426
0.942478  1.88496  0.628319  0.373533  -0.501883
1.5708  1.88496  0.628319  0.19954  -0.410553
2.19911  1.88496  0.628319  0.122666  -0.335483
2.82743  1.88496  0.628319  0.0829992  -0.281289
4.08407  1.88496  0.628319  0.0453919  -0.211367
7.22566  1.88496  0.628319  0.016733  -0.129465
14.7655  1.88496  0.628319  0.00439287  -0.0663729
-16.6504  1.88496  1.25664  4.9876e-10  0.0592985
-7.22566  1.88496  1.25664  -7.40933e-10  0.131623
-5.34071  1.88496  1.25664  1.08527e-08  0.173727
-4.08407  1.88496  1.25664  5.16508e-09  0.221151
-2.82743  1.88496  1.25664  -2.17119e-09  0.306058
-2.19911  1.88496  1.25664  -2.90576e-09  0.381094
-1.5708  1.88496  1.25664  -5.33547e-09  0.509766
-0.942478  1.88496  1.25664  -1.37443e-08  0.786019
-0.314159  1.88496  1.25664  -6.69477e-08  1.66105
0.314159  1.88496  1.25664  -7.24513e-08  -1.66105
0.942478  1.88496  1.25664  -1.73326e-08  -0.786019
1.5708  1.88496  1.25664  -7.64389e-09  -0.509766
2.19911  1.88496  1.25664  -4.31866e-09  -0.381094
2.82743  1.88496  1.25664  -2.53848e-09  -0.306058
4.08407  1.88496  1.25664  -4.88623e-09  -0.221151
7.22566  1.88496  1.25664  -1.73835e-10  -0.131623
14.7655  1.88496  1.25664  -3.65535e-11  -0.0666634
-16.6504  1.88496  1.88496  -0.00429759  0.0589852
-7.22566  1.88496  1.88496  -0.0205026  0.128341
-5.34071  1.88496  1.88496  -0.0348907  0.166398
-4.08407  1.88496  1.88496  -0.0548796  0.206563
-2.82743  1.88496  1.88496  -0.0987514  0.270006
-2.19911  1.88496  1.88496  -0.143544  0.31607
-1.5708  1.88496  1.88496  -0.22602  0.373095
-0.942478  1.88496  1.88496  -0.392597  0.420867
-0.314159  1.88496  1.88496  -0.710603  0.308753
0.314159  1.88496  1.88496  -0.710603  -0.308753
0.942478  1.88496  1.88496  -0.392597  -0.420867
1.5708  1.88496  1.88496  -0.22602  -0.373095
2.19911  1.88496  1.88496  -0.143544  -0.31607
2.82743  1.88496  1.88496  -0.0987514  -0.270006
4.08407  1.88496  1.88496  -0.0548796  -0.206563
7.22566  1.88496  1.88496  -0.0205026  -0.128341
14.7655  1.88496  1.88496  -0.00541708  -0.06622
-16.6504  1.88496  2.51327  -0.00768206  0.0582858
-7.22566  1.88496  2.51327  -0.0351019  0.121467
-5.34071  1.88496  2.51327  -0.0576026  0.151846
-4.08407  1.88496  2.51327  -0.0863505  0.1796
-2.82743  1.88496  2.51327  -0.140971  0.212774
-2.19911  1.88496  2.51327  -0.187315  0.227332
-1.5708  1.88496  2.51327  -0.25494  0.23096
-0.942478  1.88496  2.51327  -0.347799  0.201806
-0.314159  1.88496  2.51327  -0.439013  0.107369
0.314159  1.88496  2.51327  -0.439013  -0.107369
0.942478  1.88496  2.51327  -0.347799  -0.201806
1.5708  1.88496  2.51327  -0.25494  -0.23096
2.19911  1.88496  2.51327  -0.187315  -0.227332
2.82743  1.88496  2.51327  -0.140971  -0.212774
4.08407  1.88496  2.51327  -0.0863505  -0.1796
7.22566  1.88496  2.51327  -0.0351019  -0.121467
14.7655  1.88496  2.51327  -0.0096535  -0.0652344
-16.6504  1.88496  3.14159  -0.00893764  0.0579191
-7.22566  1.88496  3.14159  -0.0399547  0.11809
-5.34071  1.88496  3.14159  -0.0644344  0.145071
-4.08407  1.88496  3.14159  -0.0945196  0.167888
-2.82743  1.88496  3.14159  -0.148292  0.191085
-2.19911  1.88496  3.14159  -0.190736  0.19756
-1.5708  1.88496  3.14159  -0.247942  0.191654
-0.942478  1.88496  3.14159  -0.318584  0.157663
-0.314159  1.88496  3.14159  -0.383418  0.0718391
0.314159  1.88496  3.14159  -0.383418  -0.0718391
0.942478  1.88496  3.14159  -0.318584  -0.157663
1.5708  1.88496  3.14159  -0.247942  -0.191654
2.19911  1.88496  3.14159  -0.190736  -0.19756
2.82743  1.88496  3.14159  -0.148292  -0.191085
4.08407  1.88496  3.14159  -0.0945196  -0.167888
7.22566  1.88496  3.14159  -0.0399547  -0.11809
14.7655  1.88496  3.14159  -0.0112133  -0.0647202
-16.6504  1.88496  3.76991  -0.00768206  0.0582858
-7.22566  1.88496  3.76991  -0.0351019  0.121467
-5.34071  1.88496  3.76991  -0.0576026  0.151846
-4.08407  1.88496  3.76991  -0.0863505  0.1796
-2.82743  1.88496  3.76991  -0.140971  0.212774
-2.19911  1.88496  3.76991  -0.187315  0.227332
-1.5708  1.88496  3.76991  -0.25494  0.23096
-0.942478  1.88496  3.76991  -0.347799  0.201806
-0.314159  1.88496  3.76991  -0.439013  0.107369
0.314159  1.88496  3.76991  -0.439013  -0.107369
0.942478  1.88496  3.76991  -0.347799  -0.201806
1.5708  1.88496  3.76991  -0.25494  -0.23096
2.19911  1.88496  3.76991  -0.187315  -0.227332
2.82743  1.88496  3.76991  -0.140971  -0.212774
4.08407  1.88496  3.76991  -0.0863505  -0.1796
7.22566  1.88496  3.76991  -0.0351019  -0.121467
14.7655  1.88496  3.76991  -0.0096535  -0.0652344
-16.6504  1.88496  4.39823  -0.00429759  0.0589852
-7.22566  1.88496  4.39823  -0.0205026  0.128341
-5.34071  1.88496  4.39823  -0.0348907  0.166398
-4.08407  1.88496  4.39823  -0.0548796  0.206563
-2.82743  1.88496  4.39823  -0.0987514  0.270006
-2.19911  1.88496  4.39823  -0.143544  0.31607
-1.5708  1.88496  4.39823  -0.22602  0.373095
-0.942478  1.88496  4.39823  -0.392597  0.420867
-0.314159  1.88496  4.39823  -0.710603  0.308753
0.314159  1.88496  4.39823  -0.710603  -0.308753
0.942478  1.88496  4.39823  -0.392597  -0.420867
1.5708  1.88496  4.39823  -0.22602  -0.373095
2.19911  1.88496  4.39823  -0.143544  -0.31607
2.82743  1.88496  4.39823  -0.0987514  -0.270006
4.08407  1.88496  4.39823  -0.0548796  -0.206563
7.22566  1.88496  4.39823  -0.0205026  -0.128341
14.7655  1.88496  4.39823  -0.00541708  -0.06622
-16.6504  1.88496  5.02655  4.9876e-10  0.0592985
-7.22566  1.88496  5.02655  -7.40934e-10  0.131623
-5.34071  1.88496  5.02655  1.08527e-08  0.173727
-4.08407  1.88496  5.02655  5.16508e-09  0.221151
-2.82743  1.88496  5.02655  -2.17119e-09  0.306058
-2.19911  1.88496  5.02655  -2.90576e-09  0.381094
-1.5708  1.88496  5.02655  -5.33547e-09  0.509766
-0.942478  1.88496  5.02655  -1.37443e-08  0.786019
-0.314159  1.88496  5.02655  -6.69477e-08  1.66105
0.314159  1.88496  5.02655  -7.24513e-08  -1.66105
0.942478  1.88496  5.02655  -1.73326e-08  -0.786019
1.5708  1.88496  5.02655  -7.64389e-09  -0.509766
2.19911  1.88496  5.02655  -4.31866e-09  -0.381094
2.82743  1.88496  5.02655  -2.53848e-09  -0.306058
4.08407  1.88496  5.02655  -4.88623e-09  -0.221151
7.22566  1.88496  5.02655  -1.73835e-10  -0.131623
14.7655  1.88496  5.02655  -3.65535e-11  -0.0666634
-16.6504  1.88496  5.65487  0.00348334  0.0590933
-7.22566  1.88496  5.65487  0.016733  0.129465
-5.34071  1.88496  5.65487  0.0286405  0.168871
-4.08407  1.88496  5.65487  0.0453919  0.211367
-2.82743  1.88496  5.65487  0.0829992  0.281289
-2.19911  1.88496  5.65487  0.122666  0.335483
-1.5708  1.88496  5.65487  0.19954  0.410553
-0.942478  1.88496  5.65487  0.373533  0.501883
-0.314159  1.88496  5.65487  0.807721  0.442426
0.314159  1.88496  5.65487  0.807721  -0.442426
0.942478  1.88496  5.65487  0.373533  -0.501883
1.5708  1.88496  5.65487  0.19954  -0.410553
2.19911  1.88496  5.65487  0.122666  -0.335483
2.82743  1.88496  5.65487  0.0829992  -0.281289
4.08407  1.88496  5.65487  0.0453919  -0.211367
7.22566  1.88496  5.65487  0.016733  -0.129465
14.7655  1.88496  5.65487  0.00439287  -0.0663729
-16.6504  1.88496  6.28319  0.00479876  0.0589078
-7.22566  1.88496  6.28319  0.0227838  0.127559
-5.34071  1.88496  6.28319  0.0385953  0.164681
-4.08407  1.88496  6.28319  0.0602941  0.203204
-2.82743  1.88496  6.28319  0.106825  0.262122
-2.19911  1.88496  6.28319  0.152948  0.302901
-1.5708  1.88496  6.28319  0.235041  0.349843
-0.942478  1.88496  6.28319  0.392775  0.378986
-0.314159  1.88496  6.28319  0.649291  0.268319
0.314159  1.88496  6.28319  0.649291  -0.268319
0.942478  1.88496  6.28319  0.392775  -0.378986
1.5708  1.88496  6.28319  0.235041  -0.349843
2.19911  1.88496  6.28319  0.152948  -0.302901
2.82743  1.88496  6.28319  0.106825  -0.262122
4.08407  1.88496  6.28319  0.0602941  -0.203204
7.22566  1.88496  6.28319  0.0227838  -0.127559
14.7655  1.88496  6.28319  0.00604682  -0.0661107
-16.6504  2.51327  0  0.00133455  0.059269
-7.22566  2.51327  0  0.00648368  0.131327
-5.34071  2.51327  0  0.0112057  0.17304
-4.08407  2.51327  0  0.0179925  0.219655
-2.82743  2.51327  0  0.0338323  0.301603
-2.19911  2.51327  0  0.0514788  0.371867
-1.5708  2.51327  0  0.0887472  0.486607
-0.942478  2.51327  0  0.192863  0.706765
-0.314159  2.51327  0  0.784753  1.2595
0.314159  2.51327  0  0.784753  -1.2595
0.942478  2.51327  0  0.192863  -0.706765
1.5708  2.51327  0  0.0887472  -0.486607
2.19911  2.51327  0  0.0514788  -0.371867
2.82743  2.51327  0  0.0338323  -0.301603
4.08407  2.51327  0  0.0179924  -0.219655
7.22566  2.51327  0  0.00648368  -0.131327
14.7655  2.51327  0  0.00168434  -0.0666219
-16.6504  2.51327  0.628319  4.87193e-10  0.0592989
-7.22566  2.51327  0.628319  -8.10712e-10  0.131641
-5.34071  2.51327  0.628319  9.01413e-09  0.173755
-4.08407  2.51327  0.628319  5.25069e-09  0.221124
-2.82743  2.51327  0.628319  -1.08993e-09  0.305527
-2.19911  2.51327  0.628319  -2.08282e-09  0.379523
-1.5708  2.51327  0.628319  -4.54054e-09  0.505145
-0.942478  2.51327  0.628319  -1.2425e-08  0.771464
-0.314159  2.51327  0.628319  -6.15087e-08  1.61453
0.314159  2.51327  0.628319  -6.78598e-08  -1.61453
0.942478  2.51327  0.628319  -1.68102e-08  -0.771464
1.5708  2.51327  0.628319  -7.70517e-09  -0.505145
2.19911  2.51327  0.628319  -4.54228e-09  -0.379523
2.82743  2.51327  0.628319  -2.87368e-09  -0.305527
4.08407  2.51327  0.628319  -4.84186e-09  -0.221124
7.22566  2.51327  0.628319  -1.04178e-10  -0.131641
14.7655  2.51327  0.628319  -4.35474e-11  -0.0666643
-16.6504  2.51327  1.25664  -0.00348334  0.0590933
-7.22566  2.51327  1.25664  -0.016733  0.129465
-5.34071  2.51327  1.25664  -0.0286405  0.168871
-4.08407  2.51327  1.25664  -0.0453919  0.211367
-2.82743  2.51327  1.25664  -0.0829992  0.281289
-2.19911  2.51327  1.25664  -0.122666  0.335483
-1.5708  2.51327  1.25664  -0.19954  0.410553
-0.942478  2.51327  1.25664  -0.373533  0.501883
-0.314159  2.51327  1.25664  -0.807721  0.442426
0.314159  2.51327  1.25664  -0.807721  -0.442426
0.942478  2.51327  1.25664  -0.373533  -0.501883
1.5708  2.51327  1.25664  -0.19954  -0.410553
2.19911  2.51327  1.25664  -0.122666  -0.335483
2.82743  2.51327  1.25664  -0.0829992  -0.281289
4.08407  2.51327  1.25664  -0.0453919  -0.211367
7.22566  2.51327  1.25664  -0.016733  -0.129465
14.7655  2.51327  1.25664  -0.00439287  -0.0663729
-16.6504  2.51327  1.88496  -0.00768206  0.0582858
-7.22566  2.51327  1.88496  -0.0351019  0.121467
-5.34071  2.51327  1.88496  -0.0576026  0.151846
-4.08407  2.51327  1.88496  -0.0863505  0.1796
-2.82743  2.51327  1.88496  -0.140971  0.212774
-2.19911  2.51327  1.88496  -0.187315  0.227332
-1.5708  2.51327  1.88496  -0.25494  0.23096
-0.942478  2.51327  1.88496  -0.347799  0.201806
-0.314159  2.51327  1.88496  -0.439013  0.107369
0.314159  2.51327  1.88496  -0.439013  -0.107369
0.942478  2.51327  1.88496  -0.347799  -0.201806
1.5708  2.51327  1.88496  -0.25494  -0.23096
2.19911  2.51327  1.88496  -0.187315  -0.227332
2.82743  2.51327  1.88496  -0.140971  -0.212774
4.08407  2.51327  1.88496  -0.0863505  -0.1796
7.22566  2.51327  1.88496  -0.0351019  -0.121467
14.7655  2.51327  1.88496  -0.0096535  -0.0652344
-16.6504  2.51327  2.51327  -0.010913  0.0572166
-7.22566  2.51327  2.51327  -0.04684  0.11201
-5.34071  2.51327  2.51327  -0.0732724  0.133441
-4.08407  2.51327  2.51327  -0.103703  0.148903
-2.82743  2.51327  2.51327  -0.153136  0.159231
-2.19911  2.51327  2.51327  -0.188219  0.157024
-1.5708  2.51327  2.51327  -0.230731  0.143216
-0.942478  2.51327  2.51327  -0.276635  0.109402
-0.314159  2.51327  2.51327  -0.313096  0.0466193
0.314159  2.51327  2.51327  -0.313096  -0.0466193
0.942478  2.51327  2.51327  -0.276635  -0.109402
1.5708  2.51327  2.51327  -0.230731  -0.143216
2.19911  2.51327  2.51327  -0.188219  -0.157024
2.82743  2.51327  2.51327  -0.153136  -0.159231
4.08407  2.51327  2.51327  -0.103703  -0.148903
7.22566  2.51327  2.51327  -0.04684  -0.11201
14.7655  2.51327  2.51327  -0.0136495  -0.0637395
-16.6504  2.51327  3.14159  -0.0120946  0.0567189
-7.22566  2.51327  3.14159  -0.0504863  0.107989
-5.34071  2.51327  3.14159  -0.0774347  0.126127
-4.08407  2.51327  3.14159  -0.107204  0.137636
-2.82743  2.51327  3.14159  -0.152927  0.142059
-2.19911  2.51327  3.14159  -0.183561  0.136654
-1.5708  2.51327  3.14159  -0.218841  0.120878
-0.942478  2.51327  3.14159  -0.254666  0.0890721
-0.314159  2.51327  3.14159  -0.280042  0.0405881
0.314159  2.51327  3.14159  -0.280042  -0.0405881
0.942478  2.51327  3.14159  -0.254666  -0.0890721
1.5708  2.51327  3.14159  -0.218841  -0.120878
2.19911  2.51327  3.14159  -0.183561  -0.136654
2.82743  2.51327  3.14159  -0.152927  -0.142059
4.08407  2.51327  3.14159  -0.107204  -0.137636
7.22566  2.51327  3.14159  -0.0504863  -0.107989
14.7655  2.51327  3.14159  -0.0150946  -0.0630485
-16.6504  2.51327  3.76991  -0.010913  0.0572166
-7.22566  2.51327  3.76991  -0.04684  0.11201
-5.34071  2.51327  3.76991  -0.0732724  0.133441
-4.08407  2.51327  3.76991  -0.103703  0.148903
-2.82743  2.51327  3.76991  -0.153136  0.159231
-2.19911  2.51327  3.76991  -0.188219  0.157024
-1.5708  2.51327  3.76991  -0.230731  0.143216
-0.942478  2.51327  3.76991  -0.276635  0.109402
-0.314159  2.51327  3.76991  -0.313096  0.0466193
0.314159  2.51327  3.76991  -0.313096  -0.0466193
0.942478  2.51327  3.76991  -0.276635  -0.109402
1.5708  2.51327  3.76991  -0.230731  -0.143216
2.19911  2.51327  3.76991  -0.188219  -0.157024
2.82743  2.51327  3.76991  -0.153136  -0.159231
4.08407  2.51327  3.76991  -0.103703  -0.148903
7.22566  2.51327  3.76991  -0.04684  -0.11201
14.7655  2.51327  3.76991  -0.0136495  -0.0637395
-16.6504  2.51327  4.39823  -0.00768206  0.0582858
-7.22566  2.51327  4.39823  -0.0351019  0.121467
-5.34071  2.51327  4.39823  -0.0576026  0.151846
-4.08407  2.51327  4.39823  -0.0863505  0.1796
-2.82743  2.51327  4.39823  -0.140971  0.212774
-2.19911  2.51327  4.39823  -0.187315  0.227332
-1.5708  2.51327  4.39823  -0.25494  0.23096
-0.942478  2.51327  4.39823  -0.347799  0.201806
-0.314159  2.51327  4.39823  -0.439013  0.107369
0.314159  2.51327  4.39823  -0.439013  -0.107369
0.942478  2.51327  4.39823  -0.347799  -0.201806
1.5708  2.51327  4.39823  -0.25494  -0.23096
2.19911  2.51327  4.39823  -0.187315  -0.227332
2.82743  2.51327  4.39823  -0.140971  -0.212774
4.08407  2.51327  4.39823  -0.0863505  -0.1796
7.22566  2.51327  4.39823  -0.0351019  -0.121467
14.7655  2.51327  4.39823  -0.0096535  -0.0652344
-16.6504  2.51327  5.02655  -0.00348334  0.0590933
-7.22566  2.51327  5.02655  -0.016733  0.129465
-5.34071  2.51327  5.02655  -0.0286405  0.168871
-4.08407  2.51327  5.02655  -0.0453919  0.211367
-2.82743  2.51327  5.02655  -0.0829992  0.281289
-2.19911  2.51327  5.02655  -0.122666  0.335483
-1.5708  2.51327  5.02655  -0.19954  0.410553
-0.942478  2.51327  5.02655  -0.373533  0.501883
-0.314159  2.51327  5.02655  -0.807721  0.442426
0.314159  2.51327  5.02655  -0.807721  -0.442426
0.942478  2.51327  5.02655  -0.373533  -0.501883
1.5708  2.51327  5.02655  -0.19954  -0.410553
2.19911  2.51327  5.02655  -0.122666  -0.335483
2.82743  2.51327  5.02655  -0.0829992  -0.281289
4.08407  2.51327  5.02655  -0.0453919  -0.211367
7.22566  2.51327  5.02655  -0.016733  -0.129465
14.7655  2.51327  5.02655  -0.00439287  -0.0663729
-16.6504  2.51327  5.65487  4.87193e-10  0.0592989
-7.22566  2.51327  5.65487  -8.10712e-10  0.131641
-5.34071  2.51327  5.65487  9.01413e-09  0.173755
-4.08407  2.51327  5.65487  5.25069e-09  0.221124
-2.82743  2.51327  5.65487  -1.08993e-09  0.305527
-2.19911  2.51327  5.65487  -2.08282e-09  0.379523
-1.5708  2.51327  5.65487  -4.54054e-09  0.505145
-0.942478  2.51327  5.65487  -1.2425e-08  0.771464
-0.314159  2.51327  5.65487  -6.15087e-08  1.61453
0.314159  2.51327  5.65487  -6.78598e-08  -1.61453
0.942478  2.51327  5.65487  -1.68102e-08  -0.771464
1.5708  2.51327  5.65487  -7.70517e-09  -0.505145
2.19911  2.51327  5.65487  -4.54228e-09  -0.379523
2.82743  2.51327  5.65487  -2.87368e-09  -0.305527
4.08407  2.51327  5.65487  -4.84186e-09  -0.221124
7.22566  2.51327  5.65487  -1.04178e-10  -0.131641
14.7655  2.51327  5.65487  -4.35474e-11  -0.0666643
-16.6504  2.51327  6.28319  0.00133455  0.059269
-7.22566  2.51327  6.28319  0.00648368  0.131327
-5.34071  2.51327  6.28319  0.0112057  0.17304
-4.08407  2.51327  6.28319  0.0179925  0.219655
-2.82743  2.51327  6.28319  0.0338323  0.301603
-2.19911  2.51327  6.28319  0.0514788  0.371867
-1.5708  2.51327  6.28319  0.0887472  0.486607
-0.942478  2.51327  6.28319  0.192863  0.706765
-0.314159  2.51327  6.28319  0.784753  1.2595
0.314159  2.51327  6.28319  0.784753  -1.2595
0.942478  2.51327  6.28319  0.192863  -0.706765
1.5708  2.51327  6.28319  0.0887472  -0.486607
2.19911  2.51327  6.28319  0.0514788  -0.371867
2.82743  2.51327  6.28319  0.0338323  -0.301603
4.08407  2.51327  6.28319  0.0179924  -0.219655
7.22566  2.51327  6.28319  0.00648368  -0.131327
14.7655  2.51327  6.28319  0.00168434  -0.0666219
-16.6504  3.14159  0  4.80204e-10  0.0592992
-7.22566  3.14159  0  -8.5844e-10  0.131654
-5.34071  3.14159  0  7.79271e-09  0.173784
-4.08407  3.14159  0  5.28398e-09  0.221155
-2.82743  3.14159  0  -1.3433e-10  0.3054
-2.19911  3.14159  0  -1.49055e-09  0.378924
-1.5708  3.14159  0  -4.07514e-09  0.502586
-0.942478  3.14159  0  -1.15899e-08  0.757567
-0.314159  3.14159  0  -4.83289e-08  1.43998
0.314159  3.14159  0  -5.3757e-08  -1.43998
0.942478  3.14159  0  -1.62364e-08  -0.757566
1.5708  3.14159  0  -7.71705e-09  -0.502586
2.19911  3.14159  0  -4.70366e-09  -0.378924
2.82743  3.14159  0  -3.26148e-09  -0.3054
4.08407  3.14159  0  -4.88622e-09  -0.221155
7.22566  3.14159  0  -7.85857e-11  -0.131654
14.7655  3.14159  0  -4.80675e-11  -0.0666648
-16.6504  3.14159  0.628319  -0.00133455  0.059269
-7.22566  3.14159  0.628319  -0.00648369  0.131327
-5.34071  3.14159  0.628319  -0.0112056  0.17304
-4.08407  3.14159  0.628319  -0.0179924  0.219655
-2.82743  3.14159  0.628319  -0.0338323  0.301603
-2.19911  3.14159  0.628319  -0.0514788  0.371867
-1.5708  3.14159  0.628319  -0.0887472  0.486607
-0.942478  3.14159  0.628319  -0.192863  0.706765
-0.314159  3.14159  0.628319  -0.784753  1.2595
0.314159  3.14159  0.628319  -0.784753  -1.2595
0.942478  3.14159  0.628319  -0.192863  -0.706765
1.5708  3.14159  0.628319  -0.0887472  -0.486607
2.19911  3.14159  0.628319  -0.0514788  -0.371867
2.82743  3.14159  0.628319  -0.0338323  -0.301603
4.08407  3.14159  0.628319  -0.0179925  -0.219655
7.22566  3.14159  0.628319  -0.00648368  -0.131327
14.7655  3.14159  0.628319  -0.00168434  -0.0666219
-16.6504  3.14159  1.25664  -0.00479875  0.0589078
-7.22566  3.14159  1.25664  -0.0227838  0.127559
-5.34071  3.14159  1.25664  -0.0385953  0.164681
-4.08407  3.14159  1.25664  -0.0602941  0.203204
-2.82743  3.14159  1.25664  -0.106825  0.262122
-2.19911  3.14159  1.25664  -0.152948  0.302901
-1.5708  3.14159  1.25664  -0.235041  0.349843
-0.942478  3.14159  1.25664  -0.392775  0.378986
-0.314159  3.14159  1.25664  -0.649291  0.268319
0.314159  3.14159  1.25664  -0.649291  -0.268319
0.942478  3.14159  1.25664  -0.392775  -0.378986
1.5708  3.14159  1.25664  -0.235041  -0.349843
2.19911  3.14159  1.25664  -0.152948  -0.302901
2.82743  3.14159  1.25664  -0.106825  -0.262122
4.08407  3.14159  1.25664  -0.0602941  -0.203204
7.22566  3.14159  1.25664  -0.0227838  -0.127559
14.7655  3.14159  1.25664  -0.00604682  -0.0661107
-16.6504  3.14159  1.88496  -0.00893764  0.0579191
-7.22566  3.14159  1.88496  -0.0399547  0.11809
-5.34071  3.14159  1.88496  -0.0644344  0.145071
-4.08407  3.14159  1.88496  -0.0945196  0.167888
-2.82743  3.14159  1.88496  -0.148292  0.191085
-2.19911  3.14159  1.88496  -0.190736  0.19756
-1.5708  3.14159  1.88496  -0.247942  0.191654
-0.942478  3.14159  1.88496  -0.318584  0.157663
-0.314159  3.14159  1.88496  -0.383418  0.0718391
0.314159  3.14159  1.88496  -0.383418  -0.0718391
0.942478  3.14159  1.88496  -0.318584  -0.157663
1.5708  3.14159  1.88496  -0.247942  -0.191654
2.19911  3.14159  1.88496  -0.190736  -0.19756
2.82743  3.14159  1.88496  -0.148292  -0.191085
4.08407  3.14159  1.88496  -0.0945196  -0.167888
7.22566  3.14159  1.88496  -0.0399547  -0.11809
14.7655  3.14159  1.88496  -0.0112133  -0.0647202
-16.6504  3.14159  2.51327  -0.0120946  0.0567189
-7.22566  3.14159  2.51327  -0.0504863  0.107989
-5.34071  3.14159  2.51327  -0.0774347  0.126127
-4.08407  3.14159  2.51327  -0.107204  0.137636
-2.82743  3.14159  2.51327  -0.152927  0.142059
-2.19911  3.14159  2.51327  -0.183561  0.136654
-1.5708  3.14159  2.51327  -0.218841  0.120878
-0.942478  3.14159  2.51327  -0.254666  0.0890721
-0.314159  3.14159  2.51327  -0.280042  0.0405881
0.314159  3.14159  2.51327  -0.280042  -0.0405881
0.942478  3.14159  2.51327  -0.254666  -0.0890721
1.5708  3.14159  2.51327  -0.218841  -0.120878
2.19911  3.14159  2.51327  -0.183561  -0.136654
2.82743  3.14159  2.51327  -0.152927  -0.142059
4.08407  3.14159  2.51327  -0.107204  -0.137636
7.22566  3.14159  2.51327  -0.0504863  -0.107989
14.7655  3.14159  2.51327  -0.0150946  -0.0630485
-16.6504  3.14159  3.14159  -0.0132428  0.056176
-7.22566  3.14159  3.14159  -0.0536704  0.103849
-5.34071  3.14159  3.14159  -0.0806958  0.118888
-4.08407  3.14159  3.14159  -0.109357  0.126957
-2.82743  3.14159  3.14159  -0.151103  0.126829
-2.19911  3.14159  3.14159  -0.177606  0.119405
-1.5708  3.14159  3.14159  -0.206705  0.103101
-0.942478  3.14159  3.14159  -0.234802  0.0742747
-0.314159  3.14159  3.14159  -0.254805  0.0301903
0.314159  3.14159  3.14159  -0.254805  -0.0301903
0.942478  3.14159  3.14159  -0.234802  -0.0742747
1.5708  3.14159  3.14159  -0.206705  -0.103101
2.19911  3.14159  3.14159  -0.177606  -0.119405
2.82743  3.14159  3.14159  -0.151103  -0.126829
4.08407  3.14159  3.14159  -0.109357  -0.126957
7.22566  3.14159  3.14159  -0.0536704  -0.103849
14.7655  3.14159  3.14159  -0.0164886  -0.0622981
-16.6504  3.14159  3.76991  -0.0120946  0.0567189
-7.22566  3.14159  3.76991  -0.0504863  0.107989
-5.34071  3.14159  3.76991  -0.0774347  0.126127
-4.08407  3.14159  3.76991  -0.107204  0.137636
-2.82743  3.14159  3.76991  -0.152927  0.142059
-2.19911  3.14159  3.76991  -0.183561  0.136654
-1.5708  3.14159  3.76991  -0.218841  0.120878
-0.942478  3.14159  3.76991  -0.254666  0.0890721
-0.314159  3.14159  3.76991  -0.280042  0.0405881
0.314159  3.14159  3.76991  -0.280042  -0.0405881
0.942478  3.14159  3.76991  -0.254666  -0.0890721
1.5708  3.14159  3.76991  -0.218841  -0.120878
2.19911  3.14159  3.76991  -0.183561  -0.136654
2.82743  3.14159  3.76991  -0.152927  -0.142059
4.08407  3.14159  3.76991  -0.107204  -0.137636
7.22566  3.14159  3.76991  -0.0504863  -0.107989
14.7655  3.14159  3.76991  -0.0150946  -0.0630485
-16.6504  3.14159  4.39823  -0.00893764  0.0579191
-7.22566  3.14159  4.39823  -0.0399547  0.11809
-5.34071  3.14159  4.39823  -0.0644344  0.145071
-4.08407  3.14159  4.39823  -0.0945196  0.167888
-2.82743  3.14159  4.39823  -0.148292  0.191085
-2.19911  3.14159  4.39823  -0.190736  0.19756
-1.5708  3.14159  4.39823  -0.247942  0.191654
-0.942478  3.14159  4.39823  -0.318584  0.157663
-0.314159  3.14159  4.39823  -0.383418  0.0718391
0.314159  3.14159  4.39823  -0.383418  -0.0718391
0.942478  3.14159  4.39823  -0.318584  -0.157663
1.5708  3.14159  4.39823  -0.247942  -0.191654
2.19911  3.14159  4.39823  -0.190736  -0.19756
2.82743  3.14159  4.39823  -0.148292  -0.191085
4.08407  3.14159  4.39823  -0.0945196  -0.167888
7.22566  3.14159  4.39823  -0.0399547  -0.11809
14.7655  3.14159  4.39823  -0.0112133  -0.0647202
-16.6504  3.14159  5.02655  -0.00479875  0.0589078
-7.22566  3.14159  5.02655  -0.0227838  0.127559
-5.34071  3.14159  5.02655  -0.0385953  0.164681
-4.08407  3.14159  5.02655  -0.0602941  0.203204
-2.82743  3.14159  5.02655  -0.106825  0.262122
-2.19911  3.14159  5.02655  -0.152948  0.302901
-1.5708  3.14159  5.02655  -0.235041  0.349843
-0.942478  3.14159  5.02655  -0.392775  0.378986
-0.314159  3.14159  5.02655  -0.649291  0.268319
0.314159  3.14159  5.02655  -0.649291  -0.268319
0.942478  3.14159  5.02655  -0.392775  -0.378986
1.5708  3.14159  5.02655  -0.235041  -0.349843
2.19911  3.14159  5.02655  -0.152948  -0.302901
2.82743  3.14159  5.02655  -0.106825  -0.262122
4.08407  3.14159  5.02655  -0.0602941  -0.203204
7.22566  3.14159  5.02655  -0.0227838  -0.127559
14.7655  3.14159  5.02655  -0.00604682  -0.0661107
-16.6504  3.14159  5.65487  -0.00133455  0.059269
-7.22566  3.14159  5.65487  -0.00648369  0.131327
-5.34071  3.14159  5.65487  -0.0112056  0.17304
-4.08407  3.14159  5.65487  -0.0179924  0.219655
-2.82743  3.14159  5.65487  -0.0338323  0.301603
-2.19911  3.14159  5.65487  -0.0514788  0.371867
-1.5708  3.14159  5.65487  -0.0887472  0.486607
-0.942478  3.14159  5.65487  -0.192863  0.706765
-0.314159  3.14159  5.65487  -0.784753  1.2595
0.314159  3.14159  5.65487  -0.784753  -1.2595
0.942478  3.14159  5.65487  -0.192863  -0.706765
1.5708  3.14159  5.65487  -0.0887472  -0.486607
2.19911  3.14159  5.65487  -0.0514788  -0.371867
2.82743  3.14159  5.65487  -0.0338323  -0.301603
4.08407  3.14159  5.65487  -0.0179925  -0.219655
7.22566  3.14159  5.65487  -0.00648368  -0.131327
14.7655  3.14159  5.65487  -0.00168434  -0.0666219
-16.6504  3.14159  6.28319  4.80204e-10  0.0592992
-7.22566  3.14159  6.28319  -8.5844e-10  0.131654
-5.34071  3.14159  6.28319  7.79271e-09  0.173784
-4.08407  3.14159  6.28319  5.28398e-09  0.221155
-2.82743  3.14159  6.28319  -1.3433e-10  0.3054
-2.19911  3.14159  6.28319  -1.49055e-09  0.378924
-1.5708  3.14159  6.28319  -4.07514e-09  0.502586
-0.942478  3.14159  6.28319  -1.15899e-08  0.757567
-0.314159  3.14159  6.28319  -4.83289e-08  1.43998
0.314159  3.14159  6.28319  -5.3757e-08  -1.43998
0.942478  3.14159  6.28319  -1.62364e-08  -0.757566
1.5708  3.14159  6.28319  -7.71705e-09  -0.502586
2.19911  3.14159  6.28319  -4.70366e-09  -0.378924
2.82743  3.14159  6.28319  -3.26148e-09  -0.3054
4.08407  3.14159  6.28319  -4.88622e-09  -0.221155
7.22566  3.14159  6.28319  -7.85857e-11  -0.131654
14.7655  3.14159  6.28319  -4.80675e-11  -0.0666648
-16.6504  3.76991  0  0.00133455  0.059269
-7.22566  3.76991  0  0.00648368  0.131327
-5.34071  3.76991  0  0.0112057  0.17304
-4.08407  3.76991  0  0.0179925  0.219655
-2.82743  3.76991  0  0.0338323  0.301603
-2.19911  3.76991  0  0.0514788  0.371867
-1.5708  3.76991  0  0.0887472  0.486607
-0.942478  3.76991  0  0.192863  0.706765
-0.314159  3.76991  0  0.784753  1.2595
0.314159  3.76991  0  0.784753  -1.2595
0.942478  3.76991  0  0.192863  -0.706765
1.5708  3.76991  0  0.0887472  -0.486607
2.19911  3.76991  0  0.0514788  -0.371867
2.82743  3.76991  0  0.0338323  -0.301603
4.08407  3.76991  0  0.0179924  -0.219655
7.22566  3.76991  0  0.00648368  -0.131327
14.7655  3.76991  0  0.00168434  -0.0666219
-16.6504  3.76991  0.628319  4.87193e-10  0.0592989
-7.22566  3.76991  0.628319  -8.10712e-10  0.131641
-5.34071  3.76991  0.628319  9.01413e-09  0.173755
-4.08407  3.76991  0.628319  5.25069e-09  0.221124
-2.82743  3.76991  0.628319  -1.08993e-09  0.305527
-2.19911  3.76991  0.628319  -2.08282e-09  0.379523
-1.5708  3.76991  0.628319  -4.54054e-09  0.505145
-0.942478  3.76991  0.628319  -1.2425e-08  0.771464
-0.314159  3.76991  0.628319  -6.15087e-08  1.61453
0.314159  3.76991  0.628319  -6.78598e-08  -1.61453
0.942478  3.76991  0.628319  -1.68102e-08  -0.771464
1.5708  3.76991  0.628319  -7.70517e-09  -0.505145
2.19911  3.76991  0.628319  -4.54228e-09  -0.379523
2.82743  3.76991  0.628319  -2.87368e-09  -0.305527
4.08407  3.76991  0.628319  -4.84186e-09  -0.221124
7.22566  3.76991  0.628319  -1.04178e-10  -0.131641
14.7655  3.76991  0.628319  -4.35474e-11  -0.0666643
-16.6504  3.76991  1.25664  -0.00348334  0.0590933
-7.22566  3.76991  1.25664  -0.016733  0.129465
-5.34071  3.76991  1.25664  -0.0286405  0.168871
-4.08407  3.76991  1.25664  -0.0453919  0.211367
-2.82743  3.76991  1.25664  -0.0829992  0.281289
-2.19911  3.76991  1.25664  -0.122666  0.335483
-1.5708  3.76991  1.25664  -0.19954  0.410553
-0.942478  3.76991  1.25664  -0.373533  0.501883
-0.314159  3.76991  1.25664  -0.807721  0.442426
0.314159  3.76991  1.25664  -0.807721  -0.442426
0.942478  3.76991  1.25664  -0.373533  -0.501883
1.5708  3.76991  1.25664  -0.19954  -0.410553
2.19911  3.76991  1.25664  -0.122666  -0.335483
2.82743  3.76991  1.25664  -0.0829992  -0.281289
4.08407  3.76991  1.25664  -0.0453919  -0.211367
7.22566  3.76991  1.25664  -0.016733  -0.129465
14.7655  3.76991  1.25664  -0.00439287  -0.0663729
-16.6504  3.76991  1.88496  -0.00768206  0.0582858
-7.22566  3.76991  1.88496  -0.0351019  0.121467
-5.34071  3.76991  1.88496  -0.0576026  0.151846
-4.08407  3.76991  1.88496  -0.0863505  0.1796
-2.82743  3.76991  1.88496  -0.140971  0.212774
-2.19911  3.76991  1.88496  -0.187315  0.227332
-1.5708  3.76991  1.88496  -0.25494  0.23096
-0.942478  3.76991  1.88496  -0.347799  0.201806
-0.314159  3.76991  1.88496  -0.439013  0.107369
0.314159  3.76991  1.88496  -0.439013  -0.107369
0.942478  3.76991  1.88496  -0.347799  -0.201806
1.5708  3.76991  1.88496  -0.25494  -0.23096
2.19911  3.76991  1.88496  -0.187315  -0.227332
2.82743  3.76991  1.88496  -0.140971  -0.212774
4.08407  3.76991  1.88496  -0.0863505  -0.1796
7.22566  3.76991  1.88496  -0.0351019  -0.121467
14.7655  3.76991  1.88496  -0.0096535  -0.0652344
-16.6504  3.76991  2.51327  -0.010913  0.0572166
-7.22566  3.76991  2.51327  -0.04684  0.11201
-5.34071  3.76991  2.51327  -0.0732724  0.133441
-4.08407  3.76991  2.51327  -0.103703  0.148903
-2.82743  3.76991  2.51327  -0.153136  0.159231
-2.19911  3.76991  2.51327  -0.188219  0.157024
-1.5708  3.76991  2.51327  -0.230731  0.143216
-0.942478  3.76991  2.51327  -0.276635  0.109402
-0.314159  3.76991  2.51327  -0.313096  0.0466193
0.314159  3.76991  2.51327  -0.313096  -0.0466193
0.942478  3.76991  2.51327  -0.276635  -0.109402
1.5708  3.76991  2.51327  -0.230731  -0.143216
2.19911  3.76991  2.51327  -0.188219  -0.157024
2.82743  3.76991  2.51327  -0.153136  -0.159231
4.08407  3.76991  2.51327  -0.103703  -0.148903
7.22566  3.76991  2.51327  -0.04684  -0.11201
14.7655  3.76991  2.51327  -0.0136495  -0.0637395
-16.6504  3.76991  3.14159  -0.0120946  0.0567189
-7.22566  3.76991  3.14159  -0.0504863  0.107989
-5.34071  3.76991  3.14159  -0.0774347  0.126127
-4.08407  3.76991  3.14159  -0.107204  0.137636
-2.82743  3.76991  3.14159  -0.152927  0.142059
-2.19911  3.76991  3.14159  -0.183561  0.136654
-1.5708  3.76991  3.14159  -0.218841  0.120878
-0.942478  3.76991  3.14159  -0.254666  0.0890721
-0.314159  3.76991  3.14159  -0.280042  0.0405881
0.314159  3.76991  3.14159  -0.280042  -0.0405881
0.942478  3.76991  3.14159  -0.254666  -0.0890721
1.5708  3.76991  3.14159  -0.218841  -0.120878
2.19911  3.76991  3.14159  -0.183561  -0.136654
2.82743  3.76991  3.14159  -0.152927  -0.142059
4.08407  3.76991  3.14159  -0.107204  -0.137636
7.22566  3.76991  3.14159  -0.0504863  -0.107989
14.7655  3.76991  3.14159  -0.0150946  -0.0630485
-16.6504  3.76991  3.76991  -0.010913  0.0572166
-7.22566  3.76991  3.76991  -0.04684  0.11201
-5.34071  3.76991  3.76991  -0.0732724  0.133441
-4.08407  3.76991  3.76991  -0.103703  0.148903
-2.82743  3.76991  3.76991  -0.153136  0.159231
-2.19911  3.76991  3.76991  -0.188219  0.157024
-1.5708  3.76991  3.76991  -0.230731  0.143216
-0.942478  3.76991  3.76991  -0.276635  0.109402
-0.314159  3.76991  3.76991  -0.313096  0.0466193
0.314159  3.76991  3.76991  -0.313096  -0.0466193
0.942478  3.76991  3.76991  -0.276635  -0.109402
1.5708  3.76991  3.76991  -0.230731  -0.143216
2.19911  3.76991  3.76991  -0.188219  -0.157024
2.82743  3.76991  3.76991  -0.153136  -0.159231
4.08407  3.76991  3.76991  -0.103703  -0.148903
7.22566  3.76991  3.76991  -0.04684  -0.11201
14.7655  3.76991  3.76991  -0.0136495  -0.0637395
-16.6504  3.76991  4.39823  -0.00768206  0.0582858
-7.22566  3.76991  4.39823  -0.0351019  0.121467
-5.34071  3.76991  4.39823  -0.0576026  0.151846
-4.08407  3.76991  4.39823  -0.0863505  0.1796
-2.82743  3.76991  4.39823  -0.140971  0.212774
-2.19911  3.76991  4.39823  -0.187315  0.227332
-1.5708  3.76991  4.39823  -0.25494  0.23096
-0.942478  3.76991  4.39823  -0.347799  0.201806
-0.314159  3.76991  4.39823  -0.439013  0.107369
0.314159  3.76991  4.39823  -0.439013  -0.107369
0.942478  3.76991  4.39823  -0.347799  -0.201806
1.5708  3.76991  4.39823  -0.25494  -0.23096
2.19911  3.76991  4.39823  -0.187315  -0.227332
2.82743  3.76991  4.39823  -0.140971  -0.212774
4.08407  3.76991  4.39823  -0.0863505  -0.1796
7.22566  3.76991  4.39823  -0.0351019  -0.121467
14.7655  3.76991  4.39823  -0.0096535  -0.0652344
-16.6504  3.76991  5.02655  -0.00348334  0.0590933
-7.22566  3.76991  5.02655  -0.016733  0.129465
-5.34071  3.76991  5.02655  -0.0286405  0.168871
-4.08407  3.76991  5.02655  -0.0453919  0.211367
-2.82743  3.76991  5.02655  -0.0829992  0.281289
-2.19911  3.76991  5.02655  -0.122666  0.335483
-1.5708  3.76991  5.02655  -0.19954  0.410553
-0.942478  3.76991  5.02655  -0.373533  0.501883
-0.314159  3.76991  5.02655  -0.807721  0.442426
0.314159  3.76991  5.02655  -0.807721  -0.442426
0.942478  3.76991  5.02655  -0.373533  -0.501883
1.5708  3.76991  5.02655  -0.19954  -0.410553
2.19911  3.76991  5.02655  -0.122666  -0.335483
2.82743  3.76991  5.02655  -0.0829992  -0.281289
4.08407  3.76991  5.02655  -0.0453919  -0.211367
7.22566  3.76991  5.02655  -0.016733  -0.129465
14.7655  3.76991  5.02655  -0.00439287  -0.0663729
-16.6504  3.76991  5.65487  4.87193e-10  0.0592989
-7.22566  3.76991  5.65487  -8.10712e-10  0.131641
-5.34071  3.76991  5.65487  9.01413e-09  0.173755
-4.08407  3.76991  5.65487  5.25069e-09  0.221124
-2.82743  3.76991  5.65487  -1.08993e-09  0.305527
-2.19911  3.76991  5.65487  -2.08282e-09  0.379523
-1.5708  3.76991  5.65487  -4.54054e-09  0.505145
-0.942478  3.76991  5.65487  -1.2425e-08  0.771464
-0.314159  3.76991  5.65487  -6.15087e-08  1.61453
0.314159  3.76991  5.65487  -6.78598e-08  -1.61453
0.942478  3.76991  5.65487  -1.68102e-08  -0.771464
1.5708  3.76991  5.65487  -7.70517e-09  -0.505145
2.19911  3.76991  5.65487  -4.54228e-09  -0.379523
2.82743  3.76991  5.65487  -2.87368e-09  -0.305527
4.08407  3.76991  5.65487  -4.84186e-09  -0.221124
7.22566  3.76991  5.65487  -1.04178e-10  -0.131641
14.7655  3.76991  5.65487  -4.35474e-11  -0.0666643
-16.6504  3.76991  6.28319  0.00133455  0.059269
-7.22566  3.76991  6.28319  0.00648368  0.131327
-5.34071  3.76991  6.28319  0.0112057  0.17304
-4.08407  3.76991  6.28319  0.0179925  0.219655
-2.82743  3.76991  6.28319  0.0338323  0.301603
-2.19911  3.76991  6.28319  0.0514788  0.371867
-1.5708  3.76991  6.28319  0.0887472  0.486607
-0.942478  3.76991  6.28319  0.192863  0.706765
-0.314159  3.76991  6.28319  0.784753  1.2595
0.314159  3.76991  6.28319  0.784753  -1.2595
0.942478  3.76991  6.28319  0.192863  -0.706765
1.5708  3.76991  6.28319  0.0887472  -0.486607
2.19911  3.76991  6.28319  0.0514788  -0.371867
2.82743  3.76991  6.28319  0.0338323  -0.301603
4.08407  3.76991  6.28319  0.0179924  -0.219655
7.22566  3.76991  6.28319  0.00648368  -0.131327
14.7655  3.76991  6.28319  0.00168434  -0.0666219
-16.6504  4.39823  0  0.00479876  0.0589078
-7.22566  4.39823  0  0.0227838  0.127559
-5.34071  4.39823  0  0.0385953  0.164681
-4.08407  4.39823  0  0.0602941  0.203204
-2.82743  4.39823  0  0.106825  0.262122
-2.19911  4.39823  0  0.152948  0.302901
-1.5708  4.39823  0  0.235041  0.349843
-0.942478  4.39823  0  0.392775  0.378986
-0.314159  4.39823  0  0.649291  0.268319
0.314159  4.39823  0  0.649291  -0.268319
0.942478  4.39823  0  0.392775  -0.378986
1.5708  4.39823  0  0.235041  -0.349843
2.19911  4.39823  0  0.152948  -0.302901
2.82743  4.39823  0  0.106825  -0.262122
4.08407  4.39823  0  0.0602941  -0.203204
7.22566  4.39823  0  0.0227838  -0.127559
14.7655  4.39823  0  0.00604682  -0.0661107
-16.6504  4.39823  0.628319  0.00348334  0.0590933
-7.22566  4.39823  0.628319  0.016733  0.129465
-5.34071  4.39823  0.628319  0.0286405  0.168871
-4.08407  4.39823  0.628319  0.0453919  0.211367
-2.82743  4.39823  0.628319  0.0829992  0.281289
-2.19911  4.39823  0.628319  0.122666  0.335483
-1.5708  4.39823  0.628319  0.19954  0.410553
-0.942478  4.39823  0.628319  0.373533  0.501883
-0.314159  4.39823  0.628319  0.807721  0.442426
0.314159  4.39823  0.628319  0.807721  -0.442426
0.942478  4.39823  0.628319  0.373533  -0.501883
1.5708  4.39823  0.628319  0.19954  -0.410553
2.19911  4.39823  0.628319  0.122666  -0.335483
2.82743  4.39823  0.628319  0.0829992  -0.281289
4.08407  4.39823  0.628319  0.0453919  -0.211367
7.22566  4.39823  0.628319  0.016733  -0.129465
14.7655  4.39823  0.628319  0.00439287  -0.0663729
-16.6504  4.39823  1.25664  4.9876e-10  0.0592985
-7.22566  4.39823  1.25664  -7.40934e-10  0.131623
-5.34071  4.39823  1.25664  1.08527e-08  0.173727
-4.08407  4.39823  1.25664  5.16508e-09  0.221151
-2.82743  4.39823  1.25664  -2.17119e-09  0.306058
-2.19911  4.39823  1.25664  -2.90576e-09  0.381094
-1.5708  4.39823  1.25664  -5.33547e-09  0.509766
-0.942478  4.39823  1.25664  -1.37443e-08  0.786019
-0.314159  4.39823  1.25664  -6.69477e-08  1.66105
0.314159  4.39823  1.25664  -7.24513e-08  -1.66105
0.942478  4.39823  1.25664  -1.73326e-08  -0.786019
1.5708  4.39823  1.25664  -7.64389e-09  -0.509766
2.19911  4.39823  1.25664  -4.31866e-09  -0.381094
2.82743  4.39823  1.25664  -2.53848e-09  -0.306058
4.08407  4.39823  1.25664  -4.88623e-09  -0.221151
7.22566  4.39823  1.25664  -1.73835e-10  -0.131623
14.7655  4.39823  1.25664  -3.65535e-11  -0.0666634
-16.6504  4.39823  1.88496  -0.00429759  0.0589852
-7.22566  4.39823  1.88496  -0.0205026  0.128341
-5.34071  4.39823  1.88496  -0.0348907  0.166398
-4.08407  4.39823  1.88496  -0.0548796  0.206563
-2.82743  4.39823  1.88496  -0.0987514  0.270006
-2.19911  4.39823  1.88496  -0.143544  0.31607
-1.5708  4.39823  1.88496  -0.22602  0.373095
-0.942478  4.39823  1.88496  -0.392597  0.420867
-0.314159  4.39823  1.88496  -0.710603  0.308753
0.314159  4.39823  1.88496  -0.710603  -0.308753
0.942478  4.39823  1.88496  -0.392597  -0.420867
1.5708  4.39823  1.88496  -0.22602  -0.373095
2.19911  4.39823  1.88496  -0.143544  -0.31607
2.82743  4.39823  1.88496  -0.0987514  -0.270006
4.08407  4.39823  1.88496  -0.0548796  -0.206563
7.22566  4.39823  1.88496  -0.0205026  -0.128341
14.7655  4.39823  1.88496  -0.00541708  -0.06622
-16.6504  4.39823  2.51327  -0.00768206  0.0582858
-7.22566  4.39823  2.51327  -0.0351019  0.121467
-5.34071  4.39823  2.51327  -0.0576026  0.151846
-4.08407  4.39823  2.51327  -0.0863505  0.1796
-2.82743  4.39823  2.51327  -0.140971  0.212774
-2.19911  4.39823  2.51327  -0.187315  0.227332
-1.5708  4.39823  2.51327  -0.25494  0.23096
-0.942478  4.39823  2.51327  -0.347799  0.201806
-0.314159  4.39823  2.51327  -0.439013  0.107369
0.314159  4.39823  2.51327  -0.439013  -0.107369
0.942478  4.39823  2.51327  -0.347799  -0.201806
1.5708  4.39823  2.51327  -0.25494  -0.23096
2.19911  4.39823  2.51327  -0.187315  -0.227332
2.82743  4.39823  2.51327  -0.140971  -0.212774
4.08407  4.39823  2.51327  -0.0863505  -0.1796
7.22566  4.39823  2.51327  -0.0351019  -0.121467
14.7655  4.39823  2.51327  -0.0096535  -0.0652344
-16.6504  4.39823  3.14159  -0.00893764  0.0579191
-7.22566  4.39823  3.14159  -0.0399547  0.11809
-5.34071  4.39823  3.14159  -0.0644344  0.145071
-4.08407  4.39823  3.14159  -0.0945196  0.167888
-2.82743  4.39823  3.14159  -0.148292  0.191085
-2.19911  4.39823  3.14159  -0.190736  0.19756
-1.5708  4.39823  3.14159  -0.247942  0.191654
-0.942478  4.39823  3.14159  -0.318584  0.157663
-0.314159  4.39823  3.14159  -0.383418  0.0718391
0.314159  4.39823  3.14159  -0.383418  -0.0718391
0.942478  4.39823  3.14159  -0.318584  -0.157663
1.5708  4.39823  3.14159  -0.247942  -0.191654
2.19911  4.39823  3.14159  -0.190736  -0.19756
2.82743  4.39823  3.14159  -0.148292  -0.191085
4.08407  4.39823  3.14159  -0.0945196  -0.167888
7.22566  4.39823  3.14159  -0.0399547  -0.11809
14.7655  4.39823  3.14159  -0.0112133  -0.0647202
-16.6504  4.39823  3.76991  -0.00768206  0.0582858
-7.22566  4.39823  3.76991  -0.0351019  0.121467
-5.34071  4.39823  3.76991  -0.0576026  0.151846
-4.08407  4.39823  3.76991  -0.0863505  0.1796
-2.82743  4.39823  3.76991  -0.140971  0.212774
-2.19911  4.39823  3.76991  -0.187315  0.227332
-1.5708  4.39823  3.76991  -0.25494  0.23096
-0.942478  4.39823  3.76991  -0.347799  0.201806
-0.314159  4.39823  3.76991  -0.439013  0.107369
0.314159  4.39823  3.76991  -0.439013  -0.107369
0.942478  4.39823  3.76991  -0.347799  -0.201806
1.5708  4.39823  3.76991  -0.25494  -0.23096
2.19911  4.39823  3.76991  -0.187315  -0.227332
2.82743  4.39823  3.76991  -0.140971  -0.212774
4.08407  4.39823  3.76991  -0.0863505  -0.1796
7.22566  4.39823  3.76991  -0.0351019  -0.121467
14.7655  4.39823  3.76991  -0.0096535  -0.0652344
-16.6504  4.39823  4.39823  -0.00429759  0.0589852
-7.22566  4.39823  4.39823  -0.0205026  0.128341
-5.34071  4.39823  4.39823  -0.0348907  0.166398
-4.08407  4.39823  4.39823  -0.0548796  0.206563
-2.82743  4.39823  4.39823  -0.0987514  0.270006
-2.19911  4.39823  4.39823  -0.143544  0.31607
-1.5708  4.39823  4.39823  -0.22602  0.373095
-0.942478  4.39823  4.39823  -0.392597  0.420867
-0.314159  4.39823  4.39823  -0.710603  0.308753
0.314159  4.39823  4.39823  -0.710603  -0.308753
0.942478  4.39823  4.39823  -0.392597  -0.420867
1.5708  4.39823  4.39823  -0.22602  -0.373095
2.19911  4.39823  4.39823  -0.143544  -0.31607
2.82743  4.39823  4.39823  -0.0987514  -0.270006
4.08407  4.39823  4.39823  -0.0548796  -0.206563
7.22566  4.39823  4.39823  -0.0205026  -0.128341
14.7655  4.39823  4.39823  -0.00541708  -0.06622
-16.6504  4.39823  5.02655  4.9876e-10  0.0592985
-7.22566  4.39823  5.02655  -7.40934e-10  0.131623
-5.34071  4.39823  5.02655  1.08527e-08  0.173727
-4.08407  4.39823  5.02655  5.16508e-09  0.221151
-2.82743  4.39823  5.02655  -2.17119e-09  0.306058
-2.19911  4.39823  5.02655  -2.90576e-09  0.381094
-1.5708  4.39823  5.02655  -5.33547e-09  0.509766
-0.942478  4.39823  5.02655  -1.37443e-08  0.786019
-0.314159  4.39823  5.02655  -6.69477e-08  1.66105
0.314159  4.39823  5.02655  -7.24513e-08  -1.66105
0.942478  4.39823  5.02655  -1.73326e-08  -0.786019
1.5708  4.39823  5.02655  -7.64389e-09  -0.509766
2.19911  4.39823  5.02655  -4.31866e-09  -0.381094
2.82743  4.39823  5.02655  -2.53848e-09  -0.306058
4.08407  4.39823  5.02655  -4.88623e-09  -0.221151
7.22566  4.39823  5.02655  -1.73835e-10  -0.131623
14.7655  4.39823  5.02655  -3.65535e-11  -0.0666634
-16.6504  4.39823  5.65487  0.00348334  0.0590933
-7.22566  4.39823  5.65487  0.016733  0.129465
-5.34071  4.39823  5.65487  0.0286405  0.168871
-4.08407  4.39823  5.65487  0.0453919  0.211367
-2.82743  4.39823  5.65487  0.0829992  0.281289
-2.19911  4.39823  5.65487  0.122666  0.335483
-1.5708  4.39823  5.65487  0.19954  0.410553
-0.942478  4.39823  5.65487  0.373533  0.501883
-0.314159  4.39823  5.65487  0.807721  0.442426
0.314159  4.39823  5.65487  0.807721  -0.442426
0.942478  4.39823  5.65487  0.373533  -0.501883
1.5708  4.39823  5.65487  0.19954  -0.410553
2.19911  4.39823  5.65487  0.122666  -0.335483
2.82743  4.39823  5.65487  0.0829992  -0.281289
4.08407  4.39823  5.65487  0.0453919  -0.211367
7.22566  4.39823  5.65487  0.016733  -0.129465
14.7655  4.39823  5.65487  0.00439287  -0.0663729
-16.6504  4.39823  6.28319  0.00479876  0.0589078
-7.22566  4.39823  6.28319  0.0227838  0.127559
-5.34071  4.39823  6.28319  0.0385953  0.164681
-4.08407  4.39823  6.28319  0.0602941  0.203204
-2.82743  4.39823  6.28319  0.106825  0.262122
-2.19911  4.39823  6.28319  0.152948  0.302901
-1.5708  4.39823  6.28319  0.235041  0.349843
-0.942478  4.39823  6.28319  0.392775  0.378986
-0.314159  4.39823  6.28319  0.649291  0.268319
0.314159  4.39823  6.28319  0.649291  -0.268319
0.942478  4.39823  6.28319  0.392775  -0.378986
1.5708  4.39823  6.28319  0.235041  -0.349843
2.19911  4.39823  6.28319  0.152948  -0.302901
2.82743  4.39823  6.28319  0.106825  -0.262122
4.08407  4.39823  6.28319  0.0602941  -0.203204
7.22566  4.39823  6.28319  0.0227838  -0.127559
14.7655  4.39823  6.28319  0.00604682  -0.0661107
-16.6504  5.02655  0  0.00893764  0.0579191
-7.22566  5.02655  0  0.0399547  0.11809
-5.34071  5.02655  0  0.0644344  0.145071
-4.08407  5.02655  0  0.0945196  0.167888
-2.82743  5.02655  0  0.148292  0.191085
-2.19911  5.02655  0  0.190736  0.19756
-1.5708  5.02655  0  0.247942  0.191654
-0.942478  5.02655  0  0.318584  0.157663
-0.314159  5.02655  0  0.383418  0.0718391
0.314159  5.02655  0  0.383418  -0.0718391
0.942478  5.02655  0  0.318584  -0.157663
1.5708  5.02655  0  0.247942  -0.191654
2.19911  5.02655  0  0.190736  -0.19756
2.82743  5.02655  0  0.148292  -0.191085
4.08407  5.02655  0  0.0945196  -0.167888
7.22566  5.02655  0  0.0399547  -0.11809
14.7655  5.02655  0  0.0112133  -0.0647202
-16.6504  5.02655  0.628319  0.00768206  0.0582858
-7.22566  5.02655  0.628319  0.0351019  0.121467
-5.34071  5.02655  0.628319  0.0576026  0.151846
-4.08407  5.02655  0.628319  0.0863505  0.1796
-2.82743  5.02655  0.628319  0.140971  0.212774
-2.19911  5.02655  0.628319  0.187315  0.227332
-1.5708  5.02655  0.628319  0.25494  0.23096
-0.942478  5.02655  0.628319  0.347799  0.201806
-0.314159  5.02655  0.628319  0.439013  0.107369
0.314159  5.02655  0.628319  0.439013  -0.107369
0.942478  5.02655  0.628319  0.347799  -0.201806
1.5708  5.02655  0.628319  0.25494  -0.23096
2.19911  5.02655  0.628319  0.187315  -0.227332
2.82743  5.02655  0.628319  0.140971  -0.212774
4.08407  5.02655  0.628319  0.0863505  -0.1796
7.22566  5.02655  0.628319  0.0351019  -0.121467
14.7655  5.02655  0.628319  0.0096535  -0.0652344
-16.6504  5.02655  1.25664  0.00429759  0.0589852
-7.22566  5.02655  1.25664  0.0205026  0.128341
-5.34071  5.02655  1.25664  0.0348907  0.166398
-4.08407  5.02655  1.25664  0.0548796  0.206563
-2.82743  5.02655  1.25664  0.0987514  0.270006
-2.19911  5.02655  1.25664  0.143544  0.31607
-1.5708  5.02655  1.25664  0.22602  0.373095
-0.942478  5.02655  1.25664  0.392597  0.420867
-0.314159  5.02655  1.25664  0.710603  0.308753
0.314159  5.02655  1.25664  0.710603  -0.308753
0.942478  5.02655  1.25664  0.392597  -0.420867
1.5708  5.02655  1.25664  0.22602  -0.373095
2.19911  5.02655  1.25664  0.143544  -0.31607
2.82743  5.02655  1.25664  0.0987514  -0.270006
4.08407  5.02655  1.25664  0.0548796  -0.206563
7.22566  5.02655  1.25664  0.0205026  -0.128341
14.7655  5.02655  1.25664  0.00541708  -0.06622
-16.6504  5.02655  1.88496  4.9876e-10  0.0592985
-7.22566  5.02655  1.88496  -7.40934e-10  0.131623
-5.34071  5.02655  1.88496  1.08527e-08  0.173727
-4.08407  5.02655  1.88496  5.16508e-09  0.221151
-2.82743  5.02655  1.88496  -2.17119e-09  0.306058
-2.19911  5.02655  1.88496  -2.90576e-09  0.381094
-1.5708  5.02655  1.88496  -5.33547e-09  0.509766
-0.942478  5.02655  1.88496  -1.37443e-08  0.786019
-0.314159  5.02655  1.88496  -6.69477e-08  1.66105
0.314159  5.02655  1.88496  -7.24513e-08  -1.66105
0.942478  5.02655  1.88496  -1.73326e-08  -0.786019
1.5708  5.02655  1.88496  -7.64389e-09  -0.509766
2.19911  5.02655  1.88496  -4.31866e-09  -0.381094
2.82743  5.02655  1.88496  -2.53848e-09  -0.306058
4.08407  5.02655  1.88496  -4.88623e-09  -0.221151
7.22566  5.02655  1.88496  -1.73835e-10  -0.131623
14.7655  5.02655  1.88496  -3.65535e-11  -0.0666634
-16.6504  5.02655  2.51327  -0.00348334  0.0590933
-7.22566  5.02655  2.51327  -0.016733  0.129465
-5.34071  5.02655  2.51327  -0.0286405  0.168871
-4.08407  5.02655  2.51327  -0.0453919  0.211367
-2.82743  5.02655  2.51327  -0.0829992  0.281289
-2.19911  5.02655  2.51327  -0.122666  0.335483
-1.5708  5.02655  2.51327  -0.19954  0.410553
-0.942478  5.02655  2.51327  -0.373533  0.501883
-0.314159  5.02655  2.51327  -0.807721  0.442426
0.314159  5.02655  2.51327  -0.807721  -0.442426
0.942478  5.02655  2.51327  -0.373533  -0.501883
1.5708  5.02655  2.51327  -0.19954  -0.410553
2.19911  5.02655  2.51327  -0.122666  -0.335483
2.82743  5.02655  2.51327  -0.0829992  -0.281289
4.08407  5.02655  2.51327  -0.0453919  -0.211367
7.22566  5.02655  2.51327  -0.016733  -0.129465
14.7655  5.02655  2.51327  -0.00439287  -0.0663729
-16.6504  5.02655  3.14159  -0.00479875  0.0589078
-7.22566  5.02655  3.14159  -0.0227838  0.127559
-5.34071  5.02655  3.14159  -0.0385953  0.164681
-4.08407  5.02655  3.14159  -0.0602941  0.203204
-2.82743  5.02655  3.14159  -0.106825  0.262122
-2.19911  5.02655  3.14159  -0.152948  0.302901
-1.5708  5.02655  3.14159  -0.235041  0.349843
-0.942478  5.02655  3.14159  -0.392775  0.378986
-0.314159  5.02655  3.14159  -0.649291  0.268319
0.314159  5.02655  3.14159  -0.649291  -0.268319
0.942478  5.02655  3.14159  -0.392775  -0.378986
1.5708  5.02655  3.14159  -0.235041  -0.349843
2.19911  5.02655  3.14159  -0.152948  -0.302901
2.82743  5.02655  3.14159  -0.106825  -0.262122
4.08407  5.02655  3.14159  -0.0602941  -0.203204
7.22566  5.02655  3.14159  -0.0227838  -0.127559
14.7655  5.02655  3.14159  -0.00604682  -0.0661107
-16.6504  5.02655  3.76991  -0.00348334  0.0590933
-7.22566  5.02655  3.76991  -0.016733  0.129465
-5.34071  5.02655  3.76991  -0.0286405  0.168871
-4.08407  5.02655  3.76991  -0.0453919  0.211367
-2.82743  5.02655  3.76991  -0.0829992  0.281289
-2.19911  5.02655  3.76991  -0.122666  0.335483
-1.5708  5.02655  3.76991  -0.19954  0.410553
-0.942478  5.02655  3.76991  -0.373533  0.501883
-0.314159  5.02655  3.76991  -0.807721  0.442426
0.314159  5.02655  3.76991  -0.807721  -0.442426
0.942478  5.02655  3.76991  -0.373533  -0.501883
1.5708  5.02655  3.76991  -0.19954  -0.410553
2.19911  5.02655  3.76991  -0.122666  -0.335483
2.82743  5.02655  3.76991  -0.0829992  -0.281289
4.08407  5.02655  3.76991  -0.0453919  -0.211367
7.22566  5.02655  3.76991  -0.016733  -0.129465
14.7655  5.02655  3.76991  -0.00439287  -0.0663729
-16.6504  5.02655  4.39823  4.9876e-10  0.0592985
-7.22566  5.02655  4.39823  -7.40934e-10  0.131623
-5.34071  5.02655  4.39823  1.08527e-08  0.173727
-4.08407  5.02655  4.39823  5.16508e-09  0.221151
-2.82743  5.02655  4.39823  -2.17119e-09  0.306058
-2.19911  5.02655  4.39823  -2.90576e-09  0.381094
-1.5708  5.02655  4.39823  -5.33547e-09  0.509766
-0.942478  5.02655  4.39823  -1.37443e-08  0.786019
-0.314159  5.02655  4.39823  -6.69477e-08  1.66105
0.314159  5.02655  4.39823  -7.24513e-08  -1.66105
0.942478  5.02655  4.39823  -1.73326e-08  -0.786019
1.5708  5.02655  4.39823  -7.64389e-09  -0.509766
2.19911  5.02655  4.39823  -4.31866e-09  -0.381094
2.82743  5.02655  4.39823  -2.53848e-09  -0.306058
4.08407  5.02655  4.39823  -4.88623e-09  -0.221151
7.22566  5.02655  4.39823  -1.73835e-10  -0.131623
14.7655  5.02655  4.39823  -3.65535e-11  -0.0666634
-16.6504  5.02655  5.02655  0.00429759  0.0589852
-7.22566  5.02655  5.02655  0.0205026  0.128341
-5.34071  5.02655  5.02655  0.0348907  0.166398
-4.08407  5.02655  5.02655  0.0548796  0.206563
-2.82743  5.02655  5.02655  0.0987514  0.270006
-2.19911  5.02655  5.02655  0.143544  0.31607
-1.5708  5.02655  5.02655  0.22602  0.373095
-0.942478  5.02655  5.02655  0.392597  0.420867
-0.314159  5.02655  5.02655  0.710603  0.308753
0.314159  5.02655  5.02655  0.710603  -0.308753
0.942478  5.02655  5.02655  0.392597  -0.420867
1.5708  5.02655  5.02655  0.22602  -0.373095
2.19911  5.02655  5.02655  0.143544  -0.31607
2.82743  5.02655  5.02655  0.0987514  -0.270006
4.08407  5.02655  5.02655  0.0548796  -0.206563
7.22566  5.02655  5.02655  0.0205026  -0.128341
14.7655  5.02655  5.02655  0.00541708  -0.06622
-16.6504  5.02655  5.65487  0.00768206  0.0582858
-7.22566  5.02655  5.65487  0.0351019  0.121467
-5.34071  5.02655  5.65487  0.0576026  0.151846
-4.08407  5.02655  5.65487  0.0863505  0.1796
-2.82743  5.02655  5.65487  0.140971  0.212774
-2.19911  5.02655  5.65487  0.187315  0.227332
-1.5708  5.02655  5.65487  0.25494  0.23096
-0.942478  5.02655  5.65487  0.347799  0.201806
-0.314159  5.02655  5.65487  0.439013  0.107369
0.314159  5.02655  5.65487  0.439013  -0.107369
0.942478  5.02655  5.65487  0.347799  -0.201806
1.5708  5.02655  5.65487  0.25494  -0.23096
2.19911  5.02655  5.65487  0.187315  -0.227332
2.82743  5.02655  5.65487  0.140971  -0.212774
4.08407  5.02655  5.65487  0.0863505  -0.1796
7.22566  5.02655  5.65487  0.0351019  -0.121467
14.7655  5.02655  5.65487  0.0096535  -0.0652344
-16.6504  5.02655  6.28319  0.00893764  0.0579191
-7.22566  5.02655  6.28319  0.0399547  0.11809
-5.34071  5.02655  6.28319  0.0644344  0.145071
-4.08407  5.02655  6.28319  0.0945196  0.167888
-2.82743  5.02655  6.28319  0.148292  0.191085
-2.19911  5.02655  6.28319  0.190736  0.19756
-1.5708  5.02655  6.28319  0.247942  0.191654
-0.942478  5.02655  6.28319  0.318584  0.157663
-0.314159  5.02655  6.28319  0.383418  0.0718391
0.314159  5.02655  6.28319  0.383418  -0.0718391
0.942478  5.02655  6.28319  0.318584  -0.157663
1.5708  5.02655  6.28319  0.247942  -0.191654
2.19911  5.02655  6.28319  0.190736  -0.19756
2.82743  5.02655  6.28319  0.148292  -0.191085
4.08407  5.02655  6.28319  0.0945196  -0.167888
7.22566  5.02655  6.28319  0.0399547  -0.11809
14.7655  5.02655  6.28319  0.0112133  -0.0647202
-16.6504  5.65487  0  0.0120946  0.0567189
-7.22566  5.65487  0  0.0504863  0.107989
-5.34071  5.65487  0  0.0774348  0.126127
-4.08407  5.65487  0  0.107204  0.137636
-2.82743  5.65487  0  0.152927  0.142059
-2.19911  5.65487  0  0.183561  0.136654
-1.5708  5.65487  0  0.218841  0.120878
-0.942478  5.65487  0  0.254666  0.0890721
-0.314159  5.65487  0  0.280042  0.0405881
0.314159  5.65487  0  0.280042  -0.0405881
0.942478  5.65487  0  0.254666  -0.0890721
1.5708  5.65487  0  0.218841  -0.120878
2.19911  5.65487  0  0.183561  -0.136654
2.82743  5.65487  0  0.152927  -0.142059
4.08407  5.65487  0  0.107204  -0.137636
7.22566  5.65487  0  0.0504863  -0.107989
14.7655  5.65487  0  0.0150946  -0.0630485
-16.6504  5.65487  0.628319  0.010913  0.0572166
-7.22566  5.65487  0.628319  0.04684  0.11201
-5.34071  5.65487  0.628319  0.0732724  0.133441
-4.08407  5.65487  0.628319  0.103703  0.148903
-2.82743  5.65487  0.628319  0.153136  0.159231
-2.19911  5.65487  0.628319  0.188219  0.157024
-1.5708  5.65487  0.628319  0.230731  0.143216
-0.942478  5.65487  0.628319  0.276635  0.109402
-0.314159  5.65487  0.628319  0.313096  0.0466193
0.314159  5.65487  0.628319  0.313096  -0.0466193
0.942478  5.65487  0.628319  0.276635  -0.109402
1.5708  5.65487  0.628319  0.230731  -0.143216
2.19911  5.65487  0.628319  0.188219  -0.157024
2.82743  5.65487  0.628319  0.153136  -0.159231
4.08407  5.65487  0.628319  0.103703  -0.148903
7.22566  5.65487  0.628319  0.04684  -0.11201
14.7655  5.65487  0.628319  0.0136495  -0.0637395
-16.6504  5.65487  1.25664  0.00768206  0.0582858
-7.22566  5.65487  1.25664  0.0351019  0.121467
-5.34071  5.65487  1.25664  0.0576026  0.151846
-4.08407  5.65487  1.25664  0.0863505  0.1796
-2.82743  5.65487  1.25664  0.140971  0.212774
-2.19911  5.65487  1.25664  0.187315  0.227332
-1.5708  5.65487  1.25664  0.25494  0.23096
-0.942478  5.65487  1.25664  0.347799  0.201806
-0.314159  5.65487  1.25664  0.439013  0.107369
0.314159  5.65487  1.25664  0.439013  -0.107369
0.942478  5.65487  1.25664  0.347799  -0.201806
1.5708  5.65487  1.25664  0.25494  -0.23096
2.19911  5.65487  1.25664  0.187315  -0.227332
2.82743  5.65487  1.25664  0.140971  -0.212774
4.08407  5.65487  1.25664  0.0863505  -0.1796
7.22566  5.65487  1.25664  0.0351019  -0.121467
14.7655  5.65487  1.25664  0.0096535  -0.0652344
-16.6504  5.65487  1.88496  0.00348334  0.0590933
-7.22566  5.65487  1.88496  0.016733  0.129465
-5.34071  5.65487  1.88496  0.0286405  0.168871
-4.08407  5.65487  1.88496  0.0453919  0.211367
-2.82743  5.65487  1.88496  0.0829992  0.281289
-2.19911  5.65487  1.88496  0.122666  0.335483
-1.5708  5.65487  1.88496  0.19954  0.410553
-0.942478  5.65487  1.88496  0.373533  0.501883
-0.314159  5.65487  1.88496  0.807721  0.442426
0.314159  5.65487  1.88496  0.807721  -0.442426
0.942478  5.65487  1.88496  0.373533  -0.501883
1.5708  5.65487  1.88496  0.19954  -0.410553
2.19911  5.65487  1.88496  0.122666  -0.335483
2.82743  5.65487  1.88496  0.0829992  -0.281289
4.08407  5.65487  1.88496  0.0453919  -0.211367
7.22566  5.65487  1.88496  0.016733  -0.129465
14.7655  5.65487  1.88496  0.00439287  -0.0663729
-16.6504  5.65487  2.51327  4.87193e-10  0.0592989
-7.22566  5.65487  2.51327  -8.10712e-10  0.131641
-5.34071  5.65487  2.51327  9.01413e-09  0.173755
-4.08407  5.65487  2.51327  5.25069e-09  0.221124
-2.82743  5.65487  2.51327  -1.08993e-09  0.305527
-2.19911  5.65487  2.51327  -2.08282e-09  0.379523
-1.5708  5.65487  2.51327  -4.54054e-09  0.505145
-0.942478  5.65487  2.51327  -1.2425e-08  0.771464
-0.314159  5.65487  2.51327  -6.15087e-08  1.61453
0.314159  5.65487  2.51327  -6.78598e-08  -1.61453
0.942478  5.65487  2.51327  -1.68102e-08  -0.771464
1.5708  5.65487  2.51327  -7.70517e-09  -0.505145
2.19911  5.65487  2.51327  -4.54228e-09  -0.379523
2.82743  5.65487  2.51327  -2.87368e-09  -0.305527
4.08407  5.65487  2.51327  -4.84186e-09  -0.221124
7.22566  5.65487  2.51327  -1.04178e-10  -0.131641
14.7655  5.65487  2.51327  -4.35474e-11  -0.0666643
-16.6504  5.65487  3.14159  -0.00133455  0.059269
-7.22566  5.65487  3.14159  -0.00648369  0.131327
-5.34071  5.65487  3.14159  -0.0112056  0.17304
-4.08407  5.65487  3.14159  -0.0179924  0.219655
-2.82743  5.65487  3.14159  -0.0338323  0.301603
-2.19911  5.65487  3.14159  -0.0514788  0.371867
-1.5708  5.65487  3.14159  -0.0887472  0.486607
-0.942478  5.65487  3.14159  -0.192863  0.706765
-0.314159  5.65487  3.14159  -0.784753  1.2595
0.314159  5.65487  3.14159  -0.784753  -1.2595
0.942478  5.65487  3.14159  -0.192863  -0.706765
1.5708  5.65487  3.14159  -0.0887472  -0.486607
2.19911  5.65487  3.14159  -0.0514788  -0.371867
2.82743  5.65487  3.14159  -0.0338323  -0.301603
4.08407  5.65487  3.14159  -0.0179925  -0.219655
7.22566  5.65487  3.14159  -0.00648368  -0.131327
14.7655  5.65487  3.14159  -0.00168434  -0.0666219
-16.6504  5.65487  3.76991  4.87193e-10  0.0592989
-7.22566  5.65487  3.76991  -8.10712e-10  0.131641
-5.34071  5.65487  3.76991  9.01413e-09  0.173755
-4.08407  5.65487  3.76991  5.25069e-09  0.221124
-2.82743  5.65487  3.76991  -1.08993e-09  0.305527
-2.19911  5.65487  3.76991  -2.08282e-09  0.379523
-1.5708  5.65487  3.76991  -4.54054e-09  0.505145
-0.942478  5.65487  3.76991  -1.2425e-08  0.771464
-0.314159  5.65487  3.76991  -6.15087e-08  1.61453
0.314159  5.65487  3.76991  -6.78598e-08  -1.61453
0.942478  5.65487  3.76991  -1.68102e-08  -0.771464
1.5708  5.65487  3.76991  -7.70517e-09  -0.505145
2.19911  5.65487  3.76991  -4.54228e-09  -0.379523
2.82743  5.65487  3.76991  -2.87368e-09  -0.305527
4.08407  5.65487  3.76991  -4.84186e-09  -0.221124
7.22566  5.65487  3.76991  -1.04178e-10  -0.131641
14.7655  5.65487  3.76991  -4.35474e-11  -0.0666643
-16.6504  5.65487  4.39823  0.00348334  0.0590933
-7.22566  5.65487  4.39823  0.016733  0.129465
-5.34071  5.65487  4.39823  0.0286405  0.168871
-4.08407  5.65487  4.39823  0.0453919  0.211367
-2.82743  5.65487  4.39823  0.0829992  0.281289
-2.19911  5.65487  4.39823  0.122666  0.335483
-1.5708  5.65487  4.39823  0.19954  0.410553
-0.942478  5.65487  4.39823  0.373533  0.501883
-0.314159  5.65487  4.39823  0.807721  0.442426
0.314159  5.65487  4.39823  0.807721  -0.442426
0.942478  5.65487  4.39823  0.373533  -0.501883
1.5708  5.65487  4.39823  0.19954  -0.410553
2.19911  5.65487  4.39823  0.122666  -0.335483
2.82743  5.65487  4.39823  0.0829992  -0.281289
4.08407  5.65487  4.39823  0.0453919  -0.211367
7.22566  5.65487  4.39823  0.016733  -0.129465
14.7655  5.65487  4.39823  0.00439287  -0.0663729
-16.6504  5.65487  5.02655  0.00768206  0.0582858
-7.22566  5.65487  5.02655  0.0351019  0.121467
-5.34071  5.65487  5.02655  0.0576026  0.151846
-4.08407  5.65487  5.02655  0.0863505  0.1796
-2.82743  5.65487  5.02655  0.140971  0.212774
-2.19911  5.65487  5.02655  0.187315  0.227332
-1.5708  5.65487  5.02655  0.25494  0.23096
-0.942478  5.65487  5.02655  0.347799  0.201806
-0.314159  5.65487  5.02655  0.439013  0.107369
0.314159  5.65487  5.02655  0.439013  -0.107369
0.942478  5.65487  5.02655  0.347799  -0.201806
1.5708  5.65487  5.02655  0.25494  -0.23096
2.19911  5.65487  5.02655  0.187315  -0.227332
2.82743  5.65487  5.02655  0.140971  -0.212774
4.08407  5.65487  5.02655  0.0863505  -0.1796
7.22566  5.65487  5.02655  0.0351019  -0.121467
14.7655  5.65487  5.02655  0.0096535  -0.0652344
-16.6504  5.65487  5.65487  0.010913  0.0572166
-7.22566  5.65487  5.65487  0.04684  0.11201
-5.34071  5.65487  5.65487  0.0732724  0.133441
-4.08407  5.65487  5.65487  0.103703  0.148903
-2.82743  5.65487  5.65487  0.153136  0.159231
-2.19911  5.65487  5.65487  0.188219  0.157024
-1.5708  5.65487  5.65487  0.230731  0.143216
-0.942478  5.65487  5.65487  0.276635  0.109402
-0.314159  5.65487  5.65487  0.313096  0.0466193
0.314159  5.65487  5.65487  0.313096  -0.0466193
0.942478  5.65487  5.65487  0.276635  -0.109402
1.5708  5.65487  5.65487  0.230731  -0.143216
2.19911  5.65487  5.65487  0.188219  -0.157024
2.82743  5.65487  5.65487  0.153136  -0.159231
4.08407  5.65487  5.65487  0.103703  -0.148903
7.22566  5.65487  5.65487  0.04684  -0.11201
14.7655  5.65487  5.65487  0.0136495  -0.0637395
-16.6504  5.65487  6.28319  0.0120946  0.0567189
-7.22566  5.65487  6.28319  0.0504863  0.107989
-5.34071  5.65487  6.28319  0.0774348  0.126127
-4.08407  5.65487  6.28319  0.107204  0.137636
-2.82743  5.65487  6.28319  0.152927  0.142059
-2.19911  5.65487  6.28319  0.183561  0.136654
-1.5708  5.65487  6.28319  0.218841  0.120878
-0.942478  5.65487  6.28319  0.254666  0.0890721
-0.314159  5.65487  6.28319  0.280042  0.0405881
0.314159  5.65487  6.28319  0.280042  -0.0405881
0.942478  5.65487  6.28319  0.254666  -0.0890721
1.5708  5.65487  6.28319  0.218841  -0.120878
2.19911  5.65487  6.28319  0.183561  -0.136654
2.82743  5.65487  6.28319  0.152927  -0.142059
4.08407  5.65487  6.28319  0.107204  -0.137636
7.22566  5.65487  6.28319  0.0504863  -0.107989
14.7655  5.65487  6.28319  0.0150946  -0.0630485
-16.6504  6.28319  0  0.0132428  0.056176
-7.22566  6.28319  0  0.0536704  0.103849
-5.34071  6.28319  0  0.0806958  0.118888
-4.08407  6.28319  0  0.109357  0.126957
-2.82743  6.28319  0  0.151103  0.126829
-2.19911  6.28319  0  0.177606  0.119405
-1.5708  6.28319  0  0.206705  0.103101
-0.942478  6.28319  0  0.234802  0.0742747
-0.314159  6.28319  0  0.254805  0.0301903
0.314159  6.28319  0  0.254805  -0.0301903
0.942478  6.28319  0  0.234802  -0.0742747
1.5708  6.28319  0  0.206705  -0.103101
2.19911  6.28319  0  0.177606  -0.119405
2.82743  6.28319  0  0.151103  -0.126829
4.08407  6.28319  0  0.109357  -0.126957
7.22566  6.28319  0  0.0536704  -0.103849
14.7655  6.28319  0  0.0164886  -0.0622981
-16.6504  6.28319  0.628319  0.0120946  0.0567189
-7.22566  6.28319  0.628319  0.0504863  0.107989
-5.34071  6.28319  0.628319  0.0774348  0.126127
-4.08407  6.28319  0.628319  0.107204  0.137636
-2.82743  6.28319  0.628319  0.152927  0.142059
-2.19911  6.28319  0.628319  0.183561  0.136654
-1.5708  6.28319  0.628319  0.218841  0.120878
-0.942478  6.28319  0.628319  0.254666  0.0890721
-0.314159  6.28319  0.628319  0.280042  0.0405881
0.314159  6.28319  0.628319  0.280042  -0.0405881
0.942478  6.28319  0.628319  0.254666  -0.0890721
1.5708  6.28319  0.628319  0.218841  -0.120878
2.19911  6.28319  0.628319  0.183561  -0.136654
2.82743  6.28319  0.628319  0.152927  -0.142059
4.08407  6.28319  0.628319  0.107204  -0.137636
7.22566  6.28319  0.628319  0.0504863  -0.107989
14.7655  6.28319  0.628319  0.0150946  -0.0630485
-16.6504  6.28319  1.25664  0.00893764  0.0579191
-7.22566  6.28319  1.25664  0.0399547  0.11809
-5.34071  6.28319  1.25664  0.0644344  0.145071
-4.08407  6.28319  1.25664  0.0945196  0.167888
-2.82743  6.28319  1.25664  0.148292  0.191085
-2.19911  6.28319  1.25664  0.190736  0.19756
-1.5708  6.28319  1.25664  0.247942  0.191654
-0.942478  6.28319  1.25664  0.318584  0.157663
-0.314159  6.28319  1.25664  0.383418  0.0718391
0.314159  6.28319  1.25664  0.383418  -0.0718391
0.942478  6.28319  1.25664  0.318584  -0.157663
1.5708  6.28319  1.25664  0.247942  -0.191654
2.19911  6.28319  1.25664  0.190736  -0.19756
2.82743  6.28319  1.25664  0.148292  -0.191085
4.08407  6.28319  1.25664  0.0945196  -0.167888
7.22566  6.28319  1.25664  0.0399547  -0.11809
14.7655  6.28319  1.25664  0.0112133  -0.0647202
-16.6504  6.28319  1.88496  0.00479876  0.0589078
-7.22566  6.28319  1.88496  0.0227838  0.127559
-5.34071  6.28319  1.88496  0.0385953  0.164681
-4.08407  6.28319  1.88496  0.0602941  0.203204
-2.82743  6.28319  1.88496  0.106825  0.262122
-2.19911  6.28319  1.88496  0.152948  0.302901
-1.5708  6.28319  1.88496  0.235041  0.349843
-0.942478  6.28319  1.88496  0.392775  0.378986
-0.314159  6.28319  1.88496  0.649291  0.268319
0.314159  6.28319  1.88496  0.649291  -0.268319
0.942478  6.28319  1.88496  0.392775  -0.378986
1.5708  6.28319  1.88496  0.235041  -0.349843
2.19911  6.28319  1.88496  0.152948  -0.302901
2.82743  6.28319  1.88496  0.106825  -0.262122
4.08407  6.28319  1.88496  0.0602941  -0.203204
7.22566  6.28319  1.88496  0.0227838  -0.127559
14.7655  6.28319  1.88496  0.00604682  -0.0661107
-16.6504  6.28319  2.51327  0.00133455  0.059269
-7.22566  6.28319  2.51327  0.00648368  0.131327
-5.34071  6.28319  2.51327  0.0112057  0.17304
-4.08407  6.28319  2.51327  0.0179925  0.219655
-2.82743  6.28319  2.51327  0.0338323  0.301603
-2.19911  6.28319  2.51327  0.0514788  0.371867
-1.5708  6.28319  2.51327  0.0887472  0.486607
-0.942478  6.28319  2.51327  0.192863  0.706765
-0.314159  6.28319  2.51327  0.784753  1.2595
0.314159  6.28319  2.51327  0.784753  -1.2595
0.942478  6.28319  2.51327  0.192863  -0.706765
1.5708  6.28319  2.51327  0.0887472  -0.486607
2.19911  6.28319  2.51327  0.0514788  -0.371867
2.82743  6.28319  2.51327  0.0338323  -0.301603
4.08407  6.28319  2.51327  0.0179924  -0.219655
7.22566  6.28319  2.51327  0.00648368  -0.131327
14.7655  6.28319  2.51327  0.00168434  -0.0666219
-16.6504  6.28319  3.14159  4.80204e-10  0.0592992
-7.22566  6.28319  3.14159  -8.5844e-10  0.131654
-5.34071  6.28319  3.14159  7.79271e-09  0.173784
-4.08407  6.28319  3.14159  5.28398e-09  0.221155
-2.82743  6.28319  3.14159  -1.3433e-10  0.3054
-2.19911  6.28319  3.14159  -1.49055e-09  0.378924
-1.5708  6.28319  3.14159  -4.07514e-09  0.502586
-0.942478  6.28319  3.14159  -1.15899e-08  0.757567
-0.314159  6.28319  3.14159  -4.83289e-08  1.43998
0.314159  6.28319  3.14159  -5.3757e-08  -1.43998
0.942478  6.28319  3.14159  -1.62364e-08  -0.757566
1.5708  6.28319  3.14159  -7.71705e-09  -0.502586
2.19911  6.28319  3.14159  -4.70366e-09  -0.378924
2.82743  6.28319  3.14159  -3.26148e-09  -0.3054
4.08407  6.28319  3.14159  -4.88622e-09  -0.221155
7.22566  6.28319  3.14159  -7.85857e-11  -0.131654
14.7655  6.28319  3.14159  -4.80675e-11  -0.0666648
-16.6504  6.28319  3.76991  0.00133455  0.059269
-7.22566  6.28319  3.76991  0.00648368  0.131327
-5.34071  6.28319  3.76991  0.0112057  0.17304
-4.08407  6.28319  3.76991  0.0179925  0.219655
-2.82743  6.28319  3.76991  0.0338323  0.301603
-2.19911  6.28319  3.76991  0.0514788  0.371867
-1.5708  6.28319  3.76991  0.0887472  0.486607
-0.942478  6.28319  3.76991  0.192863  0.706765
-0.314159  6.28319  3.76991  0.784753  1.2595
0.314159  6.28319  3.76991  0.784753  -1.2595
0.942478  6.28319  3.76991  0.192863  -0.706765
1.5708  6.28319  3.76991  0.0887472  -0.486607
2.19911  6.28319  3.76991  0.0514788  -0.371867
2.82743  6.28319  3.76991  0.0338323  -0.301603
4.08407  6.28319  3.76991  0.0179924  -0.219655
7.22566  6.28319  3.76991  0.00648368  -0.131327
14.7655  6.28319  3.76991  0.00168434  -0.0666219
-16.6504  6.28319  4.39823  0.00479876  0.0589078
-7.22566  6.28319  4.39823  0.0227838  0.127559
-5.34071  6.28319  4.39823  0.0385953  0.164681
-4.08407  6.28319  4.39823  0.0602941  0.203204
-2.82743  6.28319  4.39823  0.106825  0.262122
-2.19911  6.28319  4.39823  0.152948  0.302901
-1.5708  6.28319  4.39823  0.235041  0.349843
-0.942478  6.28319  4.39823  0.392775  0.378986
-0.314159  6.28319  4.39823  0.649291  0.268319
0.314159  6.28319  4.39823  0.649291  -0.268319
0.942478  6.28319  4.39823  0.392775  -0.378986
1.5708  6.28319  4.39823  0.235041  -0.349843
2.19911  6.28319  4.39823  0.152948  -0.302901
2.82743  6.28319  4.39823  0.106825  -0.262122
4.08407  6.28319  4.39823  0.0602941  -0.203204
7.22566  6.28319  4.39823  0.0227838  -0.127559
14.7655  6.28319  4.39823  0.00604682  -0.0661107
-16.6504  6.28319  5.02655  0.00893764  0.0579191
-7.22566  6.28319  5.02655  0.0399547  0.11809
-5.34071  6.28319  5.02655  0.0644344  0.145071
-4.08407  6.28319  5.02655  0.0945196  0.167888
-2.82743  6.28319  5.02655  0.148292  0.191085
-2.19911  6.28319  5.02655  0.190736  0.19756
-1.5708  6.28319  5.02655  0.247942  0.191654
-0.942478  6.28319  5.02655  0.318584  0.157663
-0.314159  6.28319  5.02655  0.383418  0.0718391
0.314159  6.28319  5.02655  0.383418  -0.0718391
0.942478  6.28319  5.02655  0.318584  -0.157663
1.5708  6.28319  5.02655  0.247942  -0.191654
2.19911  6.28319  5.02655  0.190736  -0.19756
2.82743  6.28319  5.02655  0.148292  -0.191085
4.08407  6.28319  5.02655  0.0945196  -0.167888
7.22566  6.28319  5.02655  0.0399547  -0.11809
14.7655  6.28319  5.02655  0.0112133  -0.0647202
-16.6504  6.28319  5.65487  0.0120946  0.0567189
-7.22566  6.28319  5.65487  0.0504863  0.107989
-5.34071  6.28319  5.65487  0.0774348  0.126127
-4.08407  6.28319  5.65487  0.107204  0.137636
-2.82743  6.28319  5.65487  0.152927  0.142059
-2.19911  6.28319  5.65487  0.183561  0.136654
-1.5708  6.28319  5.65487  0.218841  0.120878
-0.942478  6.28319  5.65487  0.254666  0.0890721
-0.314159  6.28319  5.65487  0.280042  0.0405881
0.314159  6.28319  5.65487  0.280042  -0.0405881
0.942478  6.28319  5.65487  0.254666  -0.0890721
1.5708  6.28319  5.65487  0.218841  -0.120878
2.19911  6.28319  5.65487  0.183561  -0.136654
2.82743  6.28319  5.65487  0.152927  -0.142059
4.08407  6.28319  5.65487  0.107204  -0.137636
7.22566  6.28319  5.65487  0.0504863  -0.107989
14.7655  6.28319  5.65487  0.0150946  -0.0630485
-16.6504  6.28319  6.28319  0.0132428  0.056176
-7.22566  6.28319  6.28319  0.0536704  0.103849
-5.34071  6.28319  6.28319  0.0806958  0.118888
-4.08407  6.28319  6.28319  0.109357  0.126957
-2.82743  6.28319  6.28319  0.151103  0.126829
-2.19911  6.28319  6.28319  0.177606  0.119405
-1.5708  6.28319  6.28319  0.206705  0.103101
-0.942478  6.28319  6.28319  0.234802  0.0742747
-0.314159  6.28319  6.28319  0.254805  0.0301903
0.314159  6.28319  6.28319  0.254805  -0.0301903
0.942478  6.28319  6.28319  0.234802  -0.0742747
1.5708  6.28319  6.28319  0.206705  -0.103101
2.19911  6.28319  6.28319  0.177606  -0.119405
2.82743  6.28319  6.28319  0.151103  -0.126829
4.08407  6.28319  6.28319  0.109357  -0.126957
7.22566  6.28319  6.28319  0.0536704  -0.103849
14.7655  6.28319  6.28319  0.0164886  -0.0622981
