-16.6504  0  0  0.0245041  0.213573
-7.22566  0  0  0.072472  0.373884
-5.34071  0  0  0.0914989  0.417642
-4.08407  0  0  0.105097  0.437676
-2.82743  0  0  0.117373  0.431474
-2.19911  0  0  0.122256  0.407887
-1.5708  0  0  0.125989  0.361494
-0.942478  0  0  0.128494  0.282191
-0.314159  0  0  0.129759  0.144403
0.314159  0  0  0.129759  -0.144403
0.942478  0  0  0.128494  -0.282191
1.5708  0  0  0.125989  -0.361494
2.19911  0  0  0.122256  -0.407887
2.82743  0  0  0.117373  -0.431475
4.08407  0  0  0.105097  -0.437676
7.22566  0  0  0.072472  -0.373884
14.7655  0  0  0.0296418  -0.235534
-16.6504  0  0.628319  0.0220063  0.213546
-7.22566  0  0.628319  0.0653129  0.373563
-5.34071  0  0.628319  0.0828866  0.417415
-4.08407  0  0.628319  0.0958032  0.438013
-2.82743  0  0.628319  0.107907  0.433244
-2.19911  0  0.628319  0.11288  0.410325
-1.5708  0  0.628319  0.116737  0.363158
-0.942478  0  0.628319  0.119325  0.281232
-0.314159  0  0.628319  0.120615  0.192741
0.314159  0  0.628319  0.120615  -0.192741
0.942478  0  0.628319  0.119325  -0.281232
1.5708  0  0.628319  0.116737  -0.363158
2.19911  0  0.628319  0.11288  -0.410325
2.82743  0  0.628319  0.107907  -0.433245
4.08407  0  0.628319  0.0958034  -0.438013
7.22566  0  0.628319  0.0653129  -0.373563
14.7655  0  0.628319  0.0266204  -0.235489
-16.6504  0  1.25664  0.0157203  0.213463
-7.22566  0  1.25664  0.0471965  0.372662
-5.34071  0  1.25664  0.0608437  0.416681
-4.08407  0  1.25664  0.071741  0.438726
-2.82743  0  1.25664  0.083295  0.438754
-2.19911  0  1.25664  0.0887172  0.420687
-1.5708  0  1.25664  0.0933341  0.380747
-0.942478  0  1.25664  0.096661  0.305314
-0.314159  0  1.25664  0.0983685  0.157938
0.314159  0  1.25664  0.0983685  -0.157938
0.942478  0  1.25664  0.096661  -0.305315
1.5708  0  1.25664  0.0933341  -0.380747
2.19911  0  1.25664  0.0887172  -0.420687
2.82743  0  1.25664  0.083295  -0.438754
4.08407  0  1.25664  0.0717412  -0.438727
7.22566  0  1.25664  0.0471964  -0.372662
14.7655  0  1.25664  0.0190198  -0.235353
-16.6504  0  1.88496  0.00820494  0.213344
-7.22566  0  1.88496  0.0250168  0.37146
-5.34071  0  1.88496  0.032932  0.415456
-4.08407  0  1.88496  0.0399288  0.438883
-2.82743  0  1.88496  0.0486437  0.444203
-2.19911  0  1.88496  0.053628  0.431557
-1.5708  0  1.88496  0.0587935  0.398661
-0.942478  0  1.88496  0.063499  0.329704
-0.314159  0  1.88496  0.0664772  0.229465
0.314159  0  1.88496  0.0664772  -0.229465
0.942478  0  1.88496  0.063499  -0.329704
1.5708  0  1.88496  0.0587936  -0.398661
2.19911  0  1.88496  0.053628  -0.431558
2.82743  0  1.88496  0.0486437  -0.444203
4.08407  0  1.88496  0.039929  -0.438883
7.22566  0  1.88496  0.0250167  -0.37146
14.7655  0  1.88496  0.00993014  -0.235166
-16.6504  0  2.51327  0.00224956  0.213237
-7.22566  0  2.51327  0.00694317  0.370413
-5.34071  0  2.51327  0.00929602  0.414155
-4.08407  0  2.51327  0.0115373  0.438184
-2.82743  0  2.51327  0.0146594  0.446976
-2.19911  0  2.51327  0.0167003  0.439452
-1.5708  0  2.51327  0.0192326  0.418095
-0.942478  0  2.51327  0.0226254  0.374362
-0.314159  0  2.51327  0.0256112  0.257775
0.314159  0  2.51327  0.0256112  -0.257775
0.942478  0  2.51327  0.0226254  -0.374362
1.5708  0  2.51327  0.0192326  -0.418095
2.19911  0  2.51327  0.0167003  -0.439452
2.82743  0  2.51327  0.0146594  -0.446976
4.08407  0  2.51327  0.0115375  -0.438185
7.22566  0  2.51327  0.00694312  -0.370413
14.7655  0  2.51327  0.00272328  -0.235003
-16.6504  0  3.14159  -1.36562e-07  0.213195
-7.22566  0  3.14159  4.95268e-08  0.369996
-5.34071  0  3.14159  -2.5803e-07  0.413571
-4.08407  0  3.14159  -1.08036e-07  0.437646
-2.82743  0  3.14159  1.44024e-09  0.446964
-2.19911  0  3.14159  1.0381e-08  0.439934
-1.5708  0  3.14159  1.61332e-08  0.418913
-0.942478  0  3.14159  2.01947e-08  0.377538
-0.314159  0  3.14159  2.33075e-08  0.380295
0.314159  0  3.14159  2.59253e-08  -0.380295
0.942478  0  3.14159  2.8291e-08  -0.377538
1.5708  0  3.14159  3.05513e-08  -0.418913
2.19911  0  3.14159  3.2759e-08  -0.439934
2.82743  0  3.14159  3.49685e-08  -0.446965
4.08407  0  3.14159  9.99032e-08  -0.437646
7.22566  0  3.14159  4.53393e-09  -0.369996
14.7655  0  3.14159  1.08158e-08  -0.234939
-16.6504  0  3.76991  0.00224956  0.213237
-7.22566  0  3.76991  0.00694317  0.370413
-5.34071  0  3.76991  0.00929602  0.414155
-4.08407  0  3.76991  0.0115373  0.438184
-2.82743  0  3.76991  0.0146594  0.446976
-2.19911  0  3.76991  0.0167003  0.439452
-1.5708  0  3.76991  0.0192326  0.418095
-0.942478  0  3.76991  0.0226254  0.374362
-0.314159  0  3.76991  0.0256112  0.257775
0.314159  0  3.76991  0.0256112  -0.257775
0.942478  0  3.76991  0.0226254  -0.374362
1.5708  0  3.76991  0.0192326  -0.418095
2.19911  0  3.76991  0.0167003  -0.439452
2.82743  0  3.76991  0.0146594  -0.446976
4.08407  0  3.76991  0.0115375  -0.438185
7.22566  0  3.76991  0.00694312  -0.370413
14.7655  0  3.76991  0.00272328  -0.235003
-16.6504  0  4.39823  0.00820494  0.213344
-7.22566  0  4.39823  0.0250168  0.37146
-5.34071  0  4.39823  0.032932  0.415456
-4.08407  0  4.39823  0.0399288  0.438883
-2.82743  0  4.39823  0.0486437  0.444203
-2.19911  0  4.39823  0.053628  0.431557
-1.5708  0  4.39823  0.0587935  0.398661
-0.942478  0  4.39823  0.063499  0.329704
-0.314159  0  4.39823  0.0664772  0.229465
0.314159  0  4.39823  0.0664772  -0.229465
0.942478  0  4.39823  0.063499  -0.329704
1.5708  0  4.39823  0.0587936  -0.398661
2.19911  0  4.39823  0.053628  -0.431558
2.82743  0  4.39823  0.0486437  -0.444203
4.08407  0  4.39823  0.039929  -0.438883
7.22566  0  4.39823  0.0250167  -0.37146
14.7655  0  4.39823  0.00993014  -0.235166
-16.6504  0  5.02655  0.0157203  0.213463
-7.22566  0  5.02655  0.0471965  0.372662
-5.34071  0  5.02655  0.0608437  0.416681
-4.08407  0  5.02655  0.071741  0.438726
-2.82743  0  5.02655  0.083295  0.438754
-2.19911  0  5.02655  0.0887172  0.420687
-1.5708  0  5.02655  0.0933341  0.380747
-0.942478  0  5.02655  0.096661  0.305314
-0.314159  0  5.02655  0.0983685  0.157938
0.314159  0  5.02655  0.0983685  -0.157938
0.942478  0  5.02655  0.096661  -0.305315
1.5708  0  5.02655  0.0933341  -0.380747
2.19911  0  5.02655  0.0887172  -0.420687
2.82743  0  5.02655  0.083295  -0.438754
4.08407  0  5.02655  0.0717412  -0.438727
7.22566  0  5.02655  0.0471964  -0.372662
14.7655  0  5.02655  0.0190198  -0.235353
-16.6504  0  5.65487  0.0220063  0.213546
-7.22566  0  5.65487  0.0653129  0.373563
-5.34071  0  5.65487  0.0828866  0.417415
-4.08407  0  5.65487  0.0958032  0.438013
-2.82743  0  5.65487  0.107907  0.433244
-2.19911  0  5.65487  0.11288  0.410325
-1.5708  0  5.65487  0.116737  0.363158
-0.942478  0  5.65487  0.119325  0.281232
-0.314159  0  5.65487  0.120615  0.192741
0.314159  0  5.65487  0.120615  -0.192741
0.942478  0  5.65487  0.119325  -0.281232
1.5708  0  5.65487  0.116737  -0.363158
2.19911  0  5.65487  0.11288  -0.410325
2.82743  0  5.65487  0.107907  -0.433245
4.08407  0  5.65487  0.0958034  -0.438013
7.22566  0  5.65487  0.0653129  -0.373563
14.7655  0  5.65487  0.0266204  -0.235489
-16.6504  0  6.28319  0.0245041  0.213573
-7.22566  0  6.28319  0.072472  0.373884
-5.34071  0  6.28319  0.0914989  0.417642
-4.08407  0  6.28319  0.105097  0.437676
-2.82743  0  6.28319  0.117373  0.431474
-2.19911  0  6.28319  0.122256  0.407887
-1.5708  0  6.28319  0.125989  0.361494
-0.942478  0  6.28319  0.128494  0.282191
-0.314159  0  6.28319  0.129759  0.144403
0.314159  0  6.28319  0.129759  -0.144403
0.942478  0  6.28319  0.128494  -0.282191
1.5708  0  6.28319  0.125989  -0.361494
2.19911  0  6.28319  0.122256  -0.407887
2.82743  0  6.28319  0.117373  -0.431475
4.08407  0  6.28319  0.105097  -0.437676
7.22566  0  6.28319  0.072472  -0.373884
14.7655  0  6.28319  0.0296418  -0.235534
-16.6504  0.628319  0  0.0220063  0.213546
-7.22566  0.628319  0  0.0653129  0.373563
-5.34071  0.628319  0  0.0828866  0.417415
-4.08407  0.628319  0  0.0958032  0.438013
-2.82743  0.628319  0  0.107907  0.433244
-2.19911  0.628319  0  0.11288  0.410325
-1.5708  0.628319  0  0.116737  0.363158
-0.942478  0.628319  0  0.119325  0.281232
-0.314159  0.628319  0  0.120615  0.192741
0.314159  0.628319  0  0.120615  -0.192741
0.942478  0.628319  0  0.119325  -0.281232
1.5708  0.628319  0  0.116737  -0.363158
2.19911  0.628319  0  0.11288  -0.410325
2.82743  0.628319  0  0.107907  -0.433245
4.08407  0.628319  0  0.0958034  -0.438013
7.22566  0.628319  0  0.0653129  -0.373563
14.7655  0.628319  0  0.0266204  -0.235489
-16.6504  0.628319  0.628319  0.0195928  0.213526
-7.22566  0.628319  0.628319  0.0583501  0.373291
-5.34071  0.628319  0.628319  0.074409  0.417182
-4.08407  0.628319  0.628319  0.0865376  0.438224
-2.82743  0.628319  0.628319  0.0983657  0.435147
-2.19911  0.628319  0.628319  0.103415  0.414332
-1.5708  0.628319  0.628319  0.107406  0.371175
-0.942478  0.628319  0.628319  0.1101  0.293767
-0.314159  0.628319  0.628319  0.111438  0.151091
0.314159  0.628319  0.628319  0.111438  -0.151091
0.942478  0.628319  0.628319  0.1101  -0.293767
1.5708  0.628319  0.628319  0.107406  -0.371175
2.19911  0.628319  0.628319  0.103415  -0.414332
2.82743  0.628319  0.628319  0.0983657  -0.435147
4.08407  0.628319  0.628319  0.0865378  -0.438224
7.22566  0.628319  0.628319  0.0583501  -0.373291
14.7655  0.628319  0.628319  0.023702  -0.235453
-16.6504  0.628319  1.25664  0.0134068  0.213459
-7.22566  0.628319  1.25664  0.0403154  0.372522
-5.34071  0.628319  1.25664  0.0521037  0.416432
-4.08407  0.628319  1.25664  0.061675  0.438431
-2.82743  0.628319  1.25664  0.072137  0.438695
-2.19911  0.628319  1.25664  0.0772325  0.420916
-1.5708  0.628319  1.25664  0.0817138  0.380921
-0.942478  0.628319  1.25664  0.0850405  0.305628
-0.314159  0.628319  1.25664  0.0867876  0.211489
0.314159  0.628319  1.25664  0.0867876  -0.211489
0.942478  0.628319  1.25664  0.0850405  -0.305629
1.5708  0.628319  1.25664  0.0817138  -0.380921
2.19911  0.628319  1.25664  0.0772325  -0.420917
2.82743  0.628319  1.25664  0.072137  -0.438695
4.08407  0.628319  1.25664  0.0616752  -0.438431
7.22566  0.628319  1.25664  0.0403154  -0.372522
14.7655  0.628319  1.25664  0.0162213  -0.235344
-16.6504  0.628319  1.88496  0.00593788  0.213362
-7.22566  0.628319  1.88496  0.0180757  0.371545
-5.34071  0.628319  1.88496  0.023758  0.415417
-4.08407  0.628319  1.88496  0.0287702  0.438456
-2.82743  0.628319  1.88496  0.0350297  0.442901
-2.19911  0.628319  1.88496  0.0386329  0.430148
-1.5708  0.628319  1.88496  0.0423784  0.39951
-0.942478  0.628319  1.88496  0.0456808  0.339754
-0.314159  0.628319  1.88496  0.0476718  0.207475
0.314159  0.628319  1.88496  0.0476718  -0.207475
0.942478  0.628319  1.88496  0.0456808  -0.339754
1.5708  0.628319  1.88496  0.0423784  -0.39951
2.19911  0.628319  1.88496  0.0386329  -0.430148
2.82743  0.628319  1.88496  0.0350297  -0.442901
4.08407  0.628319  1.88496  0.0287704  -0.438456
7.22566  0.628319  1.88496  0.0180756  -0.371545
14.7655  0.628319  1.88496  0.00718612  -0.235192
-16.6504  0.628319  2.51327  -1.3855e-07  0.213274
-7.22566  0.628319  2.51327  4.67823e-08  0.370732
-5.34071  0.628319  2.51327  -2.98572e-07  0.414518
-4.08407  0.628319  2.51327  -1.07385e-07  0.438273
-2.82743  0.628319  2.51327  1.16762e-08  0.445603
-2.19911  0.628319  2.51327  1.44602e-08  0.435773
-1.5708  0.628319  2.51327  1.77941e-08  0.408833
-0.942478  0.628319  2.51327  2.08768e-08  0.35376
-0.314159  0.628319  2.51327  2.35963e-08  0.305216
0.314159  0.628319  2.51327  2.60327e-08  -0.305216
0.942478  0.628319  2.51327  2.82451e-08  -0.35376
1.5708  0.628319  2.51327  3.01961e-08  -0.408834
2.19911  0.628319  2.51327  3.15354e-08  -0.435773
2.82743  0.628319  2.51327  3.07851e-08  -0.445603
4.08407  0.628319  2.51327  9.90237e-08  -0.438273
7.22566  0.628319  2.51327  6.01163e-09  -0.370732
14.7655  0.628319  2.51327  9.79886e-09  -0.235058
-16.6504  0.628319  3.14159  -0.00224983  0.213237
-7.22566  0.628319  3.14159  -0.00694308  0.370413
-5.34071  0.628319  3.14159  -0.00929659  0.414155
-4.08407  0.628319  3.14159  -0.0115375  0.438184
-2.82743  0.628319  3.14159  -0.0146594  0.446976
-2.19911  0.628319  3.14159  -0.0167003  0.439452
-1.5708  0.628319  3.14159  -0.0192326  0.418095
-0.942478  0.628319  3.14159  -0.0226254  0.374362
-0.314159  0.628319  3.14159  -0.0256112  0.257775
0.314159  0.628319  3.14159  -0.0256112  -0.257775
0.942478  0.628319  3.14159  -0.0226254  -0.374362
1.5708  0.628319  3.14159  -0.0192325  -0.418095
2.19911  0.628319  3.14159  -0.0167003  -0.439452
2.82743  0.628319  3.14159  -0.0146593  -0.446976
4.08407  0.628319  3.14159  -0.0115373  -0.438185
7.22566  0.628319  3.14159  -0.00694311  -0.370413
14.7655  0.628319  3.14159  -0.00272325  -0.235003
-16.6504  0.628319  3.76991  -1.3855e-07  0.213274
-7.22566  0.628319  3.76991  4.67823e-08  0.370732
-5.34071  0.628319  3.76991  -2.98572e-07  0.414518
-4.08407  0.628319  3.76991  -1.07385e-07  0.438273
-2.82743  0.628319  3.76991  1.16762e-08  0.445603
-2.19911  0.628319  3.76991  1.44602e-08  0.435773
-1.5708  0.628319  3.76991  1.77941e-08  0.408833
-0.942478  0.628319  3.76991  2.08768e-08  0.35376
-0.314159  0.628319  3.76991  2.35963e-08  0.305216
0.314159  0.628319  3.76991  2.60327e-08  -0.305216
0.942478  0.628319  3.76991  2.82451e-08  -0.35376
1.5708  0.628319  3.76991  3.01961e-08  -0.408834
2.19911  0.628319  3.76991  3.15354e-08  -0.435773
2.82743  0.628319  3.76991  3.07851e-08  -0.445603
4.08407  0.628319  3.76991  9.90237e-08  -0.438273
7.22566  0.628319  3.76991  6.01163e-09  -0.370732
14.7655  0.628319  3.76991  9.79886e-09  -0.235058
-16.6504  0.628319  4.39823  0.00593788  0.213362
-7.22566  0.628319  4.39823  0.0180757  0.371545
-5.34071  0.628319  4.39823  0.023758  0.415417
-4.08407  0.628319  4.39823  0.0287702  0.438456
-2.82743  0.628319  4.39823  0.0350297  0.442901
-2.19911  0.628319  4.39823  0.0386329  0.430148
-1.5708  0.628319  4.39823  0.0423784  0.39951
-0.942478  0.628319  4.39823  0.0456808  0.339754
-0.314159  0.628319  4.39823  0.0476718  0.207475
0.314159  0.628319  4.39823  0.0476718  -0.207475
0.942478  0.628319  4.39823  0.0456808  -0.339754
1.5708  0.628319  4.39823  0.0423784  -0.39951
2.19911  0.628319  4.39823  0.0386329  -0.430148
2.82743  0.628319  4.39823  0.0350297  -0.442901
4.08407  0.628319  4.39823  0.0287704  -0.438456
7.22566  0.628319  4.39823  0.0180756  -0.371545
14.7655  0.628319  4.39823  0.00718612  -0.235192
-16.6504  0.628319  5.02655  0.0134068  0.213459
-7.22566  0.628319  5.02655  0.0403154  0.372522
-5.34071  0.628319  5.02655  0.0521037  0.416432
-4.08407  0.628319  5.02655  0.061675  0.438431
-2.82743  0.628319  5.02655  0.072137  0.438695
-2.19911  0.628319  5.02655  0.0772325  0.420916
-1.5708  0.628319  5.02655  0.0817138  0.380921
-0.942478  0.628319  5.02655  0.0850405  0.305628
-0.314159  0.628319  5.02655  0.0867876  0.211489
0.314159  0.628319  5.02655  0.0867876  -0.211489
0.942478  0.628319  5.02655  0.0850405  -0.305629
1.5708  0.628319  5.02655  0.0817138  -0.380921
2.19911  0.628319  5.02655  0.0772325  -0.420917
2.82743  0.628319  5.02655  0.072137  -0.438695
4.08407  0.628319  5.02655  0.0616752  -0.438431
7.22566  0.628319  5.02655  0.0403154  -0.372522
14.7655  0.628319  5.02655  0.0162213  -0.235344
-16.6504  0.628319  5.65487  0.0195928  0.213526
-7.22566  0.628319  5.65487  0.0583501  0.373291
-5.34071  0.628319  5.65487  0.074409  0.417182
-4.08407  0.628319  5.65487  0.0865376  0.438224
-2.82743  0.628319  5.65487  0.0983657  0.435147
-2.19911  0.628319  5.65487  0.103415  0.414332
-1.5708  0.628319  5.65487  0.107406  0.371175
-0.942478  0.628319  5.65487  0.1101  0.293767
-0.314159  0.628319  5.65487  0.111438  0.151091
0.314159  0.628319  5.65487  0.111438  -0.151091
0.942478  0.628319  5.65487  0.1101  -0.293767
1.5708  0.628319  5.65487  0.107406  -0.371175
2.19911  0.628319  5.65487  0.103415  -0.414332
2.82743  0.628319  5.65487  0.0983657  -0.435147
4.08407  0.628319  5.65487  0.0865378  -0.438224
7.22566  0.628319  5.65487  0.0583501  -0.373291
14.7655  0.628319  5.65487  0.023702  -0.235453
-16.6504  0.628319  6.28319  0.0220063  0.213546
-7.22566  0.628319  6.28319  0.0653129  0.373563
-5.34071  0.628319  6.28319  0.0828866  0.417415
-4.08407  0.628319  6.28319  0.0958032  0.438013
-2.82743  0.628319  6.28319  0.107907  0.433244
-2.19911  0.628319  6.28319  0.11288  0.410325
-1.5708  0.628319  6.28319  0.116737  0.363158
-0.942478  0.628319  6.28319  0.119325  0.281232
-0.314159  0.628319  6.28319  0.120615  0.192741
0.314159  0.628319  6.28319  0.120615  -0.192741
0.942478  0.628319  6.28319  0.119325  -0.281232
1.5708  0.628319  6.28319  0.116737  -0.363158
2.19911  0.628319  6.28319  0.11288  -0.410325
2.82743  0.628319  6.28319  0.107907  -0.433245
4.08407  0.628319  6.28319  0.0958034  -0.438013
7.22566  0.628319  6.28319  0.0653129  -0.373563
14.7655  0.628319  6.28319  0.0266204  -0.235489
-16.6504  1.25664  0  0.0157203  0.213463
-7.22566  1.25664  0  0.0471965  0.372662
-5.34071  1.25664  0  0.0608437  0.416681
-4.08407  1.25664  0  0.071741  0.438726
-2.82743  1.25664  0  0.083295  0.438754
-2.19911  1.25664  0  0.0887172  0.420687
-1.5708  1.25664  0  0.0933341  0.380747
-0.942478  1.25664  0  0.096661  0.305314
-0.314159  1.25664  0  0.0983685  0.157938
0.314159  1.25664  0  0.0983685  -0.157938
0.942478  1.25664  0  0.096661  -0.305315
1.5708  1.25664  0  0.0933341  -0.380747
2.19911  1.25664  0  0.0887172  -0.420687
2.82743  1.25664  0  0.083295  -0.438754
4.08407  1.25664  0  0.0717412  -0.438727
7.22566  1.25664  0  0.0471964  -0.372662
14.7655  1.25664  0  0.0190198  -0.235353
-16.6504  1.25664  0.628319  0.0134068  0.213459
-7.22566  1.25664  0.628319  0.0403154  0.372522
-5.34071  1.25664  0.628319  0.0521037  0.416432
-4.08407  1.25664  0.628319  0.061675  0.438431
-2.82743  1.25664  0.628319  0.072137  0.438695
-2.19911  1.25664  0.628319  0.0772325  0.420916
-1.5708  1.25664  0.628319  0.0817138  0.380921
-0.942478  1.25664  0.628319  0.0850405  0.305628
-0.314159  1.25664  0.628319  0.0867876  0.211489
0.314159  1.25664  0.628319  0.0867876  -0.211489
0.942478  1.25664  0.628319  0.0850405  -0.305629
1.5708  1.25664  0.628319  0.0817138  -0.380921
2.19911  1.25664  0.628319  0.0772325  -0.420917
2.82743  1.25664  0.628319  0.072137  -0.438695
4.08407  1.25664  0.628319  0.0616752  -0.438431
7.22566  1.25664  0.628319  0.0403154  -0.372522
14.7655  1.25664  0.628319  0.0162213  -0.235344
-16.6504  1.25664  1.25664  0.00738695  0.213441
-7.22566  1.25664  1.25664  0.0223086  0.372172
-5.34071  1.25664  1.25664  0.0290143  0.415882
-4.08407  1.25664  1.25664  0.0346745  0.437885
-2.82743  1.25664  1.25664  0.0413267  0.439227
-2.19911  1.25664  1.25664  0.0448845  0.423762
-1.5708  1.25664  1.25664  0.0482693  0.389921
-0.942478  1.25664  1.25664  0.0509095  0.328019
-0.314159  1.25664  1.25664  0.0522926  0.200185
0.314159  1.25664  1.25664  0.0522926  -0.200185
0.942478  1.25664  1.25664  0.0509095  -0.328019
1.5708  1.25664  1.25664  0.0482693  -0.389921
2.19911  1.25664  1.25664  0.0448845  -0.423762
2.82743  1.25664  1.25664  0.0413267  -0.439227
4.08407  1.25664  1.25664  0.0346747  -0.437885
7.22566  1.25664  1.25664  0.0223085  -0.372172
14.7655  1.25664  1.25664  0.00893868  -0.23531
-16.6504  1.25664  1.88496  -1.41842e-07  0.213403
-7.22566  1.25664  1.88496  4.27676e-08  0.371788
-5.34071  1.25664  1.88496  -3.59587e-07  0.415455
-4.08407  1.25664  1.88496  -1.05609e-07  0.437734
-2.82743  1.25664  1.88496  2.31788e-08  0.439922
-2.19911  1.25664  1.88496  2.00076e-08  0.424909
-1.5708  1.25664  1.88496  2.0532e-08  0.390887
-0.942478  1.25664  1.88496  2.22462e-08  0.329756
-0.314159  1.25664  1.88496  2.42645e-08  0.287871
0.314159  1.25664  1.88496  2.62593e-08  -0.287871
0.942478  1.25664  1.88496  2.80541e-08  -0.329756
1.5708  1.25664  1.88496  2.94152e-08  -0.390887
2.19911  1.25664  1.88496  2.97361e-08  -0.424909
2.82743  1.25664  1.88496  2.70998e-08  -0.439922
4.08407  1.25664  1.88496  9.99073e-08  -0.437734
7.22566  1.25664  1.88496  1.0034e-08  -0.371788
14.7655  1.25664  1.88496  8.22535e-09  -0.235251
-16.6504  1.25664  2.51327  -0.00593816  0.213362
-7.22566  1.25664  2.51327  -0.0180756  0.371545
-5.34071  1.25664  2.51327  -0.0237587  0.415417
-4.08407  1.25664  2.51327  -0.0287704  0.438456
-2.82743  1.25664  2.51327  -0.0350297  0.442901
-2.19911  1.25664  2.51327  -0.0386329  0.430148
-1.5708  1.25664  2.51327  -0.0423784  0.39951
-0.942478  1.25664  2.51327  -0.0456807  0.339754
-0.314159  1.25664  2.51327  -0.0476717  0.207475
0.314159  1.25664  2.51327  -0.0476717  -0.207475
0.942478  1.25664  2.51327  -0.0456807  -0.339754
1.5708  1.25664  2.51327  -0.0423784  -0.39951
2.19911  1.25664  2.51327  -0.0386329  -0.430148
2.82743  1.25664  2.51327  -0.0350297  -0.442901
4.08407  1.25664  2.51327  -0.0287702  -0.438456
7.22566  1.25664  2.51327  -0.0180756  -0.371545
14.7655  1.25664  2.51327  -0.0071861  -0.235192
-16.6504  1.25664  3.14159  -0.00820522  0.213344
-7.22566  1.25664  3.14159  -0.0250167  0.37146
-5.34071  1.25664  3.14159  -0.0329326  0.415456
-4.08407  1.25664  3.14159  -0.039929  0.438883
-2.82743  1.25664  3.14159  -0.0486436  0.444203
-2.19911  1.25664  3.14159  -0.053628  0.431557
-1.5708  1.25664  3.14159  -0.0587935  0.398661
-0.942478  1.25664  3.14159  -0.0634989  0.329704
-0.314159  1.25664  3.14159  -0.0664772  0.229465
0.314159  1.25664  3.14159  -0.0664772  -0.229465
0.942478  1.25664  3.14159  -0.0634989  -0.329704
1.5708  1.25664  3.14159  -0.0587935  -0.398661
2.19911  1.25664  3.14159  -0.0536279  -0.431557
2.82743  1.25664  3.14159  -0.0486436  -0.444203
4.08407  1.25664  3.14159  -0.0399288  -0.438883
7.22566  1.25664  3.14159  -0.0250167  -0.37146
14.7655  1.25664  3.14159  -0.00993012  -0.235166
-16.6504  1.25664  3.76991  -0.00593816  0.213362
-7.22566  1.25664  3.76991  -0.0180756  0.371545
-5.34071  1.25664  3.76991  -0.0237587  0.415417
-4.08407  1.25664  3.76991  -0.0287704  0.438456
-2.82743  1.25664  3.76991  -0.0350297  0.442901
-2.19911  1.25664  3.76991  -0.0386329  0.430148
-1.5708  1.25664  3.76991  -0.0423784  0.39951
-0.942478  1.25664  3.76991  -0.0456807  0.339754
-0.314159  1.25664  3.76991  -0.0476717  0.207475
0.314159  1.25664  3.76991  -0.0476717  -0.207475
0.942478  1.25664  3.76991  -0.0456807  -0.339754
1.5708  1.25664  3.76991  -0.0423784  -0.39951
2.19911  1.25664  3.76991  -0.0386329  -0.430148
2.82743  1.25664  3.76991  -0.0350297  -0.442901
4.08407  1.25664  3.76991  -0.0287702  -0.438456
7.22566  1.25664  3.76991  -0.0180756  -0.371545
14.7655  1.25664  3.76991  -0.0071861  -0.235192
-16.6504  1.25664  4.39823  -1.41842e-07  0.213403
-7.22566  1.25664  4.39823  4.27676e-08  0.371788
-5.34071  1.25664  4.39823  -3.59587e-07  0.415455
-4.08407  1.25664  4.39823  -1.05609e-07  0.437734
-2.82743  1.25664  4.39823  2.31788e-08  0.439922
-2.19911  1.25664  4.39823  2.00076e-08  0.424909
-1.5708  1.25664  4.39823  2.0532e-08  0.390887
-0.942478  1.25664  4.39823  2.22462e-08  0.329756
-0.314159  1.25664  4.39823  2.42645e-08  0.287871
0.314159  1.25664  4.39823  2.62593e-08  -0.287871
0.942478  1.25664  4.39823  2.80541e-08  -0.329756
1.5708  1.25664  4.39823  2.94152e-08  -0.390887
2.19911  1.25664  4.39823  2.97361e-08  -0.424909
2.82743  1.25664  4.39823  2.70998e-08  -0.439922
4.08407  1.25664  4.39823  9.99073e-08  -0.437734
7.22566  1.25664  4.39823  1.0034e-08  -0.371788
14.7655  1.25664  4.39823  8.22535e-09  -0.235251
-16.6504  1.25664  5.02655  0.00738695  0.213441
-7.22566  1.25664  5.02655  0.0223086  0.372172
-5.34071  1.25664  5.02655  0.0290143  0.415882
-4.08407  1.25664  5.02655  0.0346745  0.437885
-2.82743  1.25664  5.02655  0.0413267  0.439227
-2.19911  1.25664  5.02655  0.0448845  0.423762
-1.5708  1.25664  5.02655  0.0482693  0.389921
-0.942478  1.25664  5.02655  0.0509095  0.328019
-0.314159  1.25664  5.02655  0.0522926  0.200185
0.314159  1.25664  5.02655  0.0522926  -0.200185
0.942478  1.25664  5.02655  0.0509095  -0.328019
1.5708  1.25664  5.02655  0.0482693  -0.389921
2.19911  1.25664  5.02655  0.0448845  -0.423762
2.82743  1.25664  5.02655  0.0413267  -0.439227
4.08407  1.25664  5.02655  0.0346747  -0.437885
7.22566  1.25664  5.02655  0.0223085  -0.372172
14.7655  1.25664  5.02655  0.00893868  -0.23531
-16.6504  1.25664  5.65487  0.0134068  0.213459
-7.22566  1.25664  5.65487  0.0403154  0.372522
-5.34071  1.25664  5.65487  0.0521037  0.416432
-4.08407  1.25664  5.65487  0.061675  0.438431
-2.82743  1.25664  5.65487  0.072137  0.438695
-2.19911  1.25664  5.65487  0.0772325  0.420916
-1.5708  1.25664  5.65487  0.0817138  0.380921
-0.942478  1.25664  5.65487  0.0850405  0.305628
-0.314159  1.25664  5.65487  0.0867876  0.211489
0.314159  1.25664  5.65487  0.0867876  -0.211489
0.942478  1.25664  5.65487  0.0850405  -0.305629
1.5708  1.25664  5.65487  0.0817138  -0.380921
2.19911  1.25664  5.65487  0.0772325  -0.420917
2.82743  1.25664  5.65487  0.072137  -0.438695
4.08407  1.25664  5.65487  0.0616752  -0.438431
7.22566  1.25664  5.65487  0.0403154  -0.372522
14.7655  1.25664  5.65487  0.0162213  -0.235344
-16.6504  1.25664  6.28319  0.0157203  0.213463
-7.22566  1.25664  6.28319  0.0471965  0.372662
-5.34071  1.25664  6.28319  0.0608437  0.416681
-4.08407  1.25664  6.28319  0.071741  0.438726
-2.82743  1.25664  6.28319  0.083295  0.438754
-2.19911  1.25664  6.28319  0.0887172  0.420687
-1.5708  1.25664  6.28319  0.0933341  0.380747
-0.942478  1.25664  6.28319  0.096661  0.305314
-0.314159  1.25664  6.28319  0.0983685  0.157938
0.314159  1.25664  6.28319  0.0983685  -0.157938
0.942478  1.25664  6.28319  0.096661  -0.305315
1.5708  1.25664  6.28319  0.0933341  -0.380747
2.19911  1.25664  6.28319  0.0887172  -0.420687
2.82743  1.25664  6.28319  0.083295  -0.438754
4.08407  1.25664  6.28319  0.0717412  -0.438727
7.22566  1.25664  6.28319  0.0471964  -0.372662
14.7655  1.25664  6.28319  0.0190198  -0.235353
-16.6504  1.88496  0  0.00820494  0.213344
-7.22566  1.88496  0  0.0250168  0.37146
-5.34071  1.88496  0  0.032932  0.415456
-4.08407  1.88496  0  0.0399288  0.438883
-2.82743  1.88496  0  0.0486437  0.444203
-2.19911  1.88496  0  0.053628  0.431557
-1.5708  1.88496  0  0.0587935  0.398661
-0.942478  1.88496  0  0.063499  0.329704
-0.314159  1.88496  0  0.0664772  0.229465
0.314159  1.88496  0  0.0664772  -0.229465
0.942478  1.88496  0  0.063499  -0.329704
1.5708  1.88496  0  0.0587936  -0.398661
2.19911  1.88496  0  0.053628  -0.431558
2.82743  1.88496  0  0.0486437  -0.444203
4.08407  1.88496  0  0.039929  -0.438883
7.22566  1.88496  0  0.0250167  -0.37146
14.7655  1.88496  0  0.00993014  -0.235166
-16.6504  1.88496  0.628319  0.00593788  0.213362
-7.22566  1.88496  0.628319  0.0180757  0.371545
-5.34071  1.88496  0.628319  0.023758  0.415417
-4.08407  1.88496  0.628319  0.0287702  0.438456
-2.82743  1.88496  0.628319  0.0350297  0.442901
-2.19911  1.88496  0.628319  0.0386329  0.430148
-1.5708  1.88496  0.628319  0.0423784  0.39951
-0.942478  1.88496  0.628319  0.0456808  0.339754
-0.314159  1.88496  0.628319  0.0476718  0.207475
0.314159  1.88496  0.628319  0.0476718  -0.207475
0.942478  1.88496  0.628319  0.0456808  -0.339754
1.5708  1.88496  0.628319  0.0423784  -0.39951
2.19911  1.88496  0.628319  0.0386329  -0.430148
2.82743  1.88496  0.628319  0.0350297  -0.442901
4.08407  1.88496  0.628319  0.0287704  -0.438456
7.22566  1.88496  0.628319  0.0180756  -0.371545
14.7655  1.88496  0.628319  0.00718612  -0.235192
-16.6504  1.88496  1.25664  -1.41842e-07  0.213403
-7.22566  1.88496  1.25664  4.27676e-08  0.371788
-5.34071  1.88496  1.25664  -3.59587e-07  0.415455
-4.08407  1.88496  1.25664  -1.05609e-07  0.437734
-2.82743  1.88496  1.25664  2.31788e-08  0.439922
-2.19911  1.88496  1.25664  2.00076e-08  0.424909
-1.5708  1.88496  1.25664  2.0532e-08  0.390887
-0.942478  1.88496  1.25664  2.22462e-08  0.329756
-0.314159  1.88496  1.25664  2.42645e-08  0.287871
0.314159  1.88496  1.25664  2.62593e-08  -0.287871
0.942478  1.88496  1.25664  2.80541e-08  -0.329756
1.5708  1.88496  1.25664  2.94152e-08  -0.390887
2.19911  1.88496  1.25664  2.97361e-08  -0.424909
2.82743  1.88496  1.25664  2.70998e-08  -0.439922
4.08407  1.88496  1.25664  9.99073e-08  -0.437734
7.22566  1.88496  1.25664  1.0034e-08  -0.371788
14.7655  1.88496  1.25664  8.22535e-09  -0.235251
-16.6504  1.88496  1.88496  -0.00738723  0.213442
-7.22566  1.88496  1.88496  -0.0223085  0.372172
-5.34071  1.88496  1.88496  -0.0290151  0.415882
-4.08407  1.88496  1.88496  -0.0346747  0.437885
-2.82743  1.88496  1.88496  -0.0413267  0.439227
-2.19911  1.88496  1.88496  -0.0448845  0.423762
-1.5708  1.88496  1.88496  -0.0482693  0.389921
-0.942478  1.88496  1.88496  -0.0509095  0.328019
-0.314159  1.88496  1.88496  -0.0522925  0.200185
0.314159  1.88496  1.88496  -0.0522925  -0.200185
0.942478  1.88496  1.88496  -0.0509095  -0.328019
1.5708  1.88496  1.88496  -0.0482693  -0.389921
2.19911  1.88496  1.88496  -0.0448845  -0.423762
2.82743  1.88496  1.88496  -0.0413267  -0.439227
4.08407  1.88496  1.88496  -0.0346745  -0.437885
7.22566  1.88496  1.88496  -0.0223085  -0.372172
14.7655  1.88496  1.88496  -0.00893867  -0.23531
-16.6504  1.88496  2.51327  -0.013407  0.21346
-7.22566  1.88496  2.51327  -0.0403153  0.372522
-5.34071  1.88496  2.51327  -0.0521045  0.416432
-4.08407  1.88496  2.51327  -0.0616752  0.438431
-2.82743  1.88496  2.51327  -0.0721369  0.438695
-2.19911  1.88496  2.51327  -0.0772325  0.420916
-1.5708  1.88496  2.51327  -0.0817137  0.380921
-0.942478  1.88496  2.51327  -0.0850404  0.305628
-0.314159  1.88496  2.51327  -0.0867876  0.211489
0.314159  1.88496  2.51327  -0.0867876  -0.211489
0.942478  1.88496  2.51327  -0.0850404  -0.305628
1.5708  1.88496  2.51327  -0.0817137  -0.380921
2.19911  1.88496  2.51327  -0.0772324  -0.420916
2.82743  1.88496  2.51327  -0.0721369  -0.438695
4.08407  1.88496  2.51327  -0.061675  -0.438431
7.22566  1.88496  2.51327  -0.0403153  -0.372522
14.7655  1.88496  2.51327  -0.0162213  -0.235344
-16.6504  1.88496  3.14159  -0.0157206  0.213463
-7.22566  1.88496  3.14159  -0.0471964  0.372662
-5.34071  1.88496  3.14159  -0.0608446  0.416681
-4.08407  1.88496  3.14159  -0.0717412  0.438727
-2.82743  1.88496  3.14159  -0.083295  0.438754
-2.19911  1.88496  3.14159  -0.0887172  0.420687
-1.5708  1.88496  3.14159  -0.093334  0.380747
-0.942478  1.88496  3.14159  -0.096661  0.305314
-0.314159  1.88496  3.14159  -0.0983684  0.157938
0.314159  1.88496  3.14159  -0.0983684  -0.157938
0.942478  1.88496  3.14159  -0.096661  -0.305314
1.5708  1.88496  3.14159  -0.093334  -0.380747
2.19911  1.88496  3.14159  -0.0887171  -0.420687
2.82743  1.88496  3.14159  -0.0832949  -0.438754
4.08407  1.88496  3.14159  -0.071741  -0.438727
7.22566  1.88496  3.14159  -0.0471964  -0.372662
14.7655  1.88496  3.14159  -0.0190198  -0.235352
-16.6504  1.88496  3.76991  -0.013407  0.21346
-7.22566  1.88496  3.76991  -0.0403153  0.372522
-5.34071  1.88496  3.76991  -0.0521045  0.416432
-4.08407  1.88496  3.76991  -0.0616752  0.438431
-2.82743  1.88496  3.76991  -0.0721369  0.438695
-2.19911  1.88496  3.76991  -0.0772325  0.420916
-1.5708  1.88496  3.76991  -0.0817137  0.380921
-0.942478  1.88496  3.76991  -0.0850404  0.305628
-0.314159  1.88496  3.76991  -0.0867876  0.211489
0.314159  1.88496  3.76991  -0.0867876  -0.211489
0.942478  1.88496  3.76991  -0.0850404  -0.305628
1.5708  1.88496  3.76991  -0.0817137  -0.380921
2.19911  1.88496  3.76991  -0.0772324  -0.420916
2.82743  1.88496  3.76991  -0.0721369  -0.438695
4.08407  1.88496  3.76991  -0.061675  -0.438431
7.22566  1.88496  3.76991  -0.0403153  -0.372522
14.7655  1.88496  3.76991  -0.0162213  -0.235344
-16.6504  1.88496  4.39823  -0.00738723  0.213442
-7.22566  1.88496  4.39823  -0.0223085  0.372172
-5.34071  1.88496  4.39823  -0.0290151  0.415882
-4.08407  1.88496  4.39823  -0.0346747  0.437885
-2.82743  1.88496  4.39823  -0.0413267  0.439227
-2.19911  1.88496  4.39823  -0.0448845  0.423762
-1.5708  1.88496  4.39823  -0.0482693  0.389921
-0.942478  1.88496  4.39823  -0.0509095  0.328019
-0.314159  1.88496  4.39823  -0.0522925  0.200185
0.314159  1.88496  4.39823  -0.0522925  -0.200185
0.942478  1.88496  4.39823  -0.0509095  -0.328019
1.5708  1.88496  4.39823  -0.0482693  -0.389921
2.19911  1.88496  4.39823  -0.0448845  -0.423762
2.82743  1.88496  4.39823  -0.0413267  -0.439227
4.08407  1.88496  4.39823  -0.0346745  -0.437885
7.22566  1.88496  4.39823  -0.0223085  -0.372172
14.7655  1.88496  4.39823  -0.00893867  -0.23531
-16.6504  1.88496  5.02655  -1.41842e-07  0.213403
-7.22566  1.88496  5.02655  4.27676e-08  0.371788
-5.34071  1.88496  5.02655  -3.59587e-07  0.415455
-4.08407  1.88496  5.02655  -1.05609e-07  0.437734
-2.82743  1.88496  5.02655  2.31788e-08  0.439922
-2.19911  1.88496  5.02655  2.00076e-08  0.424909
-1.5708  1.88496  5.02655  2.0532e-08  0.390887
-0.942478  1.88496  5.02655  2.22462e-08  0.329756
-0.314159  1.88496  5.02655  2.42645e-08  0.287871
0.314159  1.88496  5.02655  2.62593e-08  -0.287871
0.942478  1.88496  5.02655  2.80541e-08  -0.329756
1.5708  1.88496  5.02655  2.94152e-08  -0.390887
2.19911  1.88496  5.02655  2.97361e-08  -0.424909
2.82743  1.88496  5.02655  2.70998e-08  -0.439922
4.08407  1.88496  5.02655  9.99073e-08  -0.437734
7.22566  1.88496  5.02655  1.0034e-08  -0.371788
14.7655  1.88496  5.02655  8.22535e-09  -0.235251
-16.6504  1.88496  5.65487  0.00593788  0.213362
-7.22566  1.88496  5.65487  0.0180757  0.371545
-5.34071  1.88496  5.65487  0.023758  0.415417
-4.08407  1.88496  5.65487  0.0287702  0.438456
-2.82743  1.88496  5.65487  0.0350297  0.442901
-2.19911  1.88496  5.65487  0.0386329  0.430148
-1.5708  1.88496  5.65487  0.0423784  0.39951
-0.942478  1.88496  5.65487  0.0456808  0.339754
-0.314159  1.88496  5.65487  0.0476718  0.207475
0.314159  1.88496  5.65487  0.0476718  -0.207475
0.942478  1.88496  5.65487  0.0456808  -0.339754
1.5708  1.88496  5.65487  0.0423784  -0.39951
2.19911  1.88496  5.65487  0.0386329  -0.430148
2.82743  1.88496  5.65487  0.0350297  -0.442901
4.08407  1.88496  5.65487  0.0287704  -0.438456
7.22566  1.88496  5.65487  0.0180756  -0.371545
14.7655  1.88496  5.65487  0.00718612  -0.235192
-16.6504  1.88496  6.28319  0.00820494  0.213344
-7.22566  1.88496  6.28319  0.0250168  0.37146
-5.34071  1.88496  6.28319  0.032932  0.415456
-4.08407  1.88496  6.28319  0.0399288  0.438883
-2.82743  1.88496  6.28319  0.0486437  0.444203
-2.19911  1.88496  6.28319  0.053628  0.431557
-1.5708  1.88496  6.28319  0.0587935  0.398661
-0.942478  1.88496  6.28319  0.063499  0.329704
-0.314159  1.88496  6.28319  0.0664772  0.229465
0.314159  1.88496  6.28319  0.0664772  -0.229465
0.942478  1.88496  6.28319  0.063499  -0.329704
1.5708  1.88496  6.28319  0.0587936  -0.398661
2.19911  1.88496  6.28319  0.053628  -0.431558
2.82743  1.88496  6.28319  0.0486437  -0.444203
4.08407  1.88496  6.28319  0.039929  -0.438883
7.22566  1.88496  6.28319  0.0250167  -0.37146
14.7655  1.88496  6.28319  0.00993014  -0.235166
-16.6504  2.51327  0  0.00224956  0.213237
-7.22566  2.51327  0  0.00694317  0.370413
-5.34071  2.51327  0  0.00929602  0.414155
-4.08407  2.51327  0  0.0115373  0.438184
-2.82743  2.51327  0  0.0146594  0.446976
-2.19911  2.51327  0  0.0167003  0.439452
-1.5708  2.51327  0  0.0192326  0.418095
-0.942478  2.51327  0  0.0226254  0.374362
-0.314159  2.51327  0  0.0256112  0.257775
0.314159  2.51327  0  0.0256112  -0.257775
0.942478  2.51327  0  0.0226254  -0.374362
1.5708  2.51327  0  0.0192326  -0.418095
2.19911  2.51327  0  0.0167003  -0.439452
2.82743  2.51327  0  0.0146594  -0.446976
4.08407  2.51327  0  0.0115375  -0.438185
7.22566  2.51327  0  0.00694312  -0.370413
14.7655  2.51327  0  0.00272328  -0.235003
-16.6504  2.51327  0.628319  -1.3855e-07  0.213274
-7.22566  2.51327  0.628319  4.67823e-08  0.370732
-5.34071  2.51327  0.628319  -2.98572e-07  0.414518
-4.08407  2.51327  0.628319  -1.07385e-07  0.438273
-2.82743  2.51327  0.628319  1.16762e-08  0.445603
-2.19911  2.51327  0.628319  1.44602e-08  0.435773
-1.5708  2.51327  0.628319  1.77941e-08  0.408833
-0.942478  2.51327  0.628319  2.08768e-08  0.35376
-0.314159  2.51327  0.628319  2.35963e-08  0.305216
0.314159  2.51327  0.628319  2.60327e-08  -0.305216
0.942478  2.51327  0.628319  2.82451e-08  -0.35376
1.5708  2.51327  0.628319  3.01961e-08  -0.408834
2.19911  2.51327  0.628319  3.15354e-08  -0.435773
2.82743  2.51327  0.628319  3.07851e-08  -0.445603
4.08407  2.51327  0.628319  9.90237e-08  -0.438273
7.22566  2.51327  0.628319  6.01163e-09  -0.370732
14.7655  2.51327  0.628319  9.79886e-09  -0.235058
-16.6504  2.51327  1.25664  -0.00593816  0.213362
-7.22566  2.51327  1.25664  -0.0180756  0.371545
-5.34071  2.51327  1.25664  -0.0237587  0.415417
-4.08407  2.51327  1.25664  -0.0287704  0.438456
-2.82743  2.51327  1.25664  -0.0350297  0.442901
-2.19911  2.51327  1.25664  -0.0386329  0.430148
-1.5708  2.51327  1.25664  -0.0423784  0.39951
-0.942478  2.51327  1.25664  -0.0456807  0.339754
-0.314159  2.51327  1.25664  -0.0476717  0.207475
0.314159  2.51327  1.25664  -0.0476717  -0.207475
0.942478  2.51327  1.25664  -0.0456807  -0.339754
1.5708  2.51327  1.25664  -0.0423784  -0.39951
2.19911  2.51327  1.25664  -0.0386329  -0.430148
2.82743  2.51327  1.25664  -0.0350297  -0.442901
4.08407  2.51327  1.25664  -0.0287702  -0.438456
7.22566  2.51327  1.25664  -0.0180756  -0.371545
14.7655  2.51327  1.25664  -0.0071861  -0.235192
-16.6504  2.51327  1.88496  -0.013407  0.21346
-7.22566  2.51327  1.88496  -0.0403153  0.372522
-5.34071  2.51327  1.88496  -0.0521045  0.416432
-4.08407  2.51327  1.88496  -0.0616752  0.438431
-2.82743  2.51327  1.88496  -0.0721369  0.438695
-2.19911  2.51327  1.88496  -0.0772325  0.420916
-1.5708  2.51327  1.88496  -0.0817137  0.380921
-0.942478  2.51327  1.88496  -0.0850404  0.305628
-0.314159  2.51327  1.88496  -0.0867876  0.211489
0.314159  2.51327  1.88496  -0.0867876  -0.211489
0.942478  2.51327  1.88496  -0.0850404  -0.305628
1.5708  2.51327  1.88496  -0.0817137  -0.380921
2.19911  2.51327  1.88496  -0.0772324  -0.420916
2.82743  2.51327  1.88496  -0.0721369  -0.438695
4.08407  2.51327  1.88496  -0.061675  -0.438431
7.22566  2.51327  1.88496  -0.0403153  -0.372522
14.7655  2.51327  1.88496  -0.0162213  -0.235344
-16.6504  2.51327  2.51327  -0.0195931  0.213526
-7.22566  2.51327  2.51327  -0.0583501  0.373291
-5.34071  2.51327  2.51327  -0.0744099  0.417182
-4.08407  2.51327  2.51327  -0.0865378  0.438224
-2.82743  2.51327  2.51327  -0.0983657  0.435147
-2.19911  2.51327  2.51327  -0.103415  0.414332
-1.5708  2.51327  2.51327  -0.107406  0.371175
-0.942478  2.51327  2.51327  -0.1101  0.293767
-0.314159  2.51327  2.51327  -0.111438  0.151091
0.314159  2.51327  2.51327  -0.111438  -0.151091
0.942478  2.51327  2.51327  -0.1101  -0.293767
1.5708  2.51327  2.51327  -0.107406  -0.371175
2.19911  2.51327  2.51327  -0.103415  -0.414332
2.82743  2.51327  2.51327  -0.0983656  -0.435147
4.08407  2.51327  2.51327  -0.0865376  -0.438224
7.22566  2.51327  2.51327  -0.0583501  -0.373291
14.7655  2.51327  2.51327  -0.023702  -0.235453
-16.6504  2.51327  3.14159  -0.0220066  0.213547
-7.22566  2.51327  3.14159  -0.0653129  0.373563
-5.34071  2.51327  3.14159  -0.0828875  0.417415
-4.08407  2.51327  3.14159  -0.0958034  0.438013
-2.82743  2.51327  3.14159  -0.107907  0.433245
-2.19911  2.51327  3.14159  -0.11288  0.410325
-1.5708  2.51327  3.14159  -0.116737  0.363158
-0.942478  2.51327  3.14159  -0.119325  0.281232
-0.314159  2.51327  3.14159  -0.120615  0.192741
0.314159  2.51327  3.14159  -0.120615  -0.192741
0.942478  2.51327  3.14159  -0.119325  -0.281232
1.5708  2.51327  3.14159  -0.116737  -0.363158
2.19911  2.51327  3.14159  -0.11288  -0.410325
2.82743  2.51327  3.14159  -0.107907  -0.433245
4.08407  2.51327  3.14159  -0.0958032  -0.438013
7.22566  2.51327  3.14159  -0.0653129  -0.373563
14.7655  2.51327  3.14159  -0.0266204  -0.235489
-16.6504  2.51327  3.76991  -0.0195931  0.213526
-7.22566  2.51327  3.76991  -0.0583501  0.373291
-5.34071  2.51327  3.76991  -0.0744099  0.417182
-4.08407  2.51327  3.76991  -0.0865378  0.438224
-2.82743  2.51327  3.76991  -0.0983657  0.435147
-2.19911  2.51327  3.76991  -0.103415  0.414332
-1.5708  2.51327  3.76991  -0.107406  0.371175
-0.942478  2.51327  3.76991  -0.1101  0.293767
-0.314159  2.51327  3.76991  -0.111438  0.151091
0.314159  2.51327  3.76991  -0.111438  -0.151091
0.942478  2.51327  3.76991  -0.1101  -0.293767
1.5708  2.51327  3.76991  -0.107406  -0.371175
2.19911  2.51327  3.76991  -0.103415  -0.414332
2.82743  2.51327  3.76991  -0.0983656  -0.435147
4.08407  2.51327  3.76991  -0.0865376  -0.438224
7.22566  2.51327  3.76991  -0.0583501  -0.373291
14.7655  2.51327  3.76991  -0.023702  -0.235453
-16.6504  2.51327  4.39823  -0.013407  0.21346
-7.22566  2.51327  4.39823  -0.0403153  0.372522
-5.34071  2.51327  4.39823  -0.0521045  0.416432
-4.08407  2.51327  4.39823  -0.0616752  0.438431
-2.82743  2.51327  4.39823  -0.0721369  0.438695
-2.19911  2.51327  4.39823  -0.0772325  0.420916
-1.5708  2.51327  4.39823  -0.0817137  0.380921
-0.942478  2.51327  4.39823  -0.0850404  0.305628
-0.314159  2.51327  4.39823  -0.0867876  0.211489
0.314159  2.51327  4.39823  -0.0867876  -0.211489
0.942478  2.51327  4.39823  -0.0850404  -0.305628
1.5708  2.51327  4.39823  -0.0817137  -0.380921
2.19911  2.51327  4.39823  -0.0772324  -0.420916
2.82743  2.51327  4.39823  -0.0721369  -0.438695
4.08407  2.51327  4.39823  -0.061675  -0.438431
7.22566  2.51327  4.39823  -0.0403153  -0.372522
14.7655  2.51327  4.39823  -0.0162213  -0.235344
-16.6504  2.51327  5.02655  -0.00593816  0.213362
-7.22566  2.51327  5.02655  -0.0180756  0.371545
-5.34071  2.51327  5.02655  -0.0237587  0.415417
-4.08407  2.51327  5.02655  -0.0287704  0.438456
-2.82743  2.51327  5.02655  -0.0350297  0.442901
-2.19911  2.51327  5.02655  -0.0386329  0.430148
-1.5708  2.51327  5.02655  -0.0423784  0.39951
-0.942478  2.51327  5.02655  -0.0456807  0.339754
-0.314159  2.51327  5.02655  -0.0476717  0.207475
0.314159  2.51327  5.02655  -0.0476717  -0.207475
0.942478  2.51327  5.02655  -0.0456807  -0.339754
1.5708  2.51327  5.02655  -0.0423784  -0.39951
2.19911  2.51327  5.02655  -0.0386329  -0.430148
2.82743  2.51327  5.02655  -0.0350297  -0.442901
4.08407  2.51327  5.02655  -0.0287702  -0.438456
7.22566  2.51327  5.02655  -0.0180756  -0.371545
14.7655  2.51327  5.02655  -0.0071861  -0.235192
-16.6504  2.51327  5.65487  -1.3855e-07  0.213274
-7.22566  2.51327  5.65487  4.67823e-08  0.370732
-5.34071  2.51327  5.65487  -2.98572e-07  0.414518
-4.08407  2.51327  5.65487  -1.07385e-07  0.438273
-2.82743  2.51327  5.65487  1.16762e-08  0.445603
-2.19911  2.51327  5.65487  1.44602e-08  0.435773
-1.5708  2.51327  5.65487  1.77941e-08  0.408833
-0.942478  2.51327  5.65487  2.08768e-08  0.35376
-0.314159  2.51327  5.65487  2.35963e-08  0.305216
0.314159  2.51327  5.65487  2.60327e-08  -0.305216
0.942478  2.51327  5.65487  2.82451e-08  -0.35376
1.5708  2.51327  5.65487  3.01961e-08  -0.408834
2.19911  2.51327  5.65487  3.15354e-08  -0.435773
2.82743  2.51327  5.65487  3.07851e-08  -0.445603
4.08407  2.51327  5.65487  9.90237e-08  -0.438273
7.22566  2.51327  5.65487  6.01163e-09  -0.370732
14.7655  2.51327  5.65487  9.79886e-09  -0.235058
-16.6504  2.51327  6.28319  0.00224956  0.213237
-7.22566  2.51327  6.28319  0.00694317  0.370413
-5.34071  2.51327  6.28319  0.00929602  0.414155
-4.08407  2.51327  6.28319  0.0115373  0.438184
-2.82743  2.51327  6.28319  0.0146594  0.446976
-2.19911  2.51327  6.28319  0.0167003  0.439452
-1.5708  2.51327  6.28319  0.0192326  0.418095
-0.942478  2.51327  6.28319  0.0226254  0.374362
-0.314159  2.51327  6.28319  0.0256112  0.257775
0.314159  2.51327  6.28319  0.0256112  -0.257775
0.942478  2.51327  6.28319  0.0226254  -0.374362
1.5708  2.51327  6.28319  0.0192326  -0.418095
2.19911  2.51327  6.28319  0.0167003  -0.439452
2.82743  2.51327  6.28319  0.0146594  -0.446976
4.08407  2.51327  6.28319  0.0115375  -0.438185
7.22566  2.51327  6.28319  0.00694312  -0.370413
14.7655  2.51327  6.28319  0.00272328  -0.235003
-16.6504  3.14159  0  -1.36562e-07  0.213195
-7.22566  3.14159  0  4.95268e-08  0.369996
-5.34071  3.14159  0  -2.5803e-07  0.413571
-4.08407  3.14159  0  -1.08036e-07  0.437646
-2.82743  3.14159  0  1.44024e-09  0.446964
-2.19911  3.14159  0  1.0381e-08  0.439934
-1.5708  3.14159  0  1.61332e-08  0.418913
-0.942478  3.14159  0  2.01947e-08  0.377538
-0.314159  3.14159  0  2.33075e-08  0.380295
0.314159  3.14159  0  2.59253e-08  -0.380295
0.942478  3.14159  0  2.8291e-08  -0.377538
1.5708  3.14159  0  3.05513e-08  -0.418913
2.19911  3.14159  0  3.2759e-08  -0.439934
2.82743  3.14159  0  3.49685e-08  -0.446965
4.08407  3.14159  0  9.99032e-08  -0.437646
7.22566  3.14159  0  4.53393e-09  -0.369996
14.7655  3.14159  0  1.08158e-08  -0.234939
-16.6504  3.14159  0.628319  -0.00224983  0.213237
-7.22566  3.14159  0.628319  -0.00694308  0.370413
-5.34071  3.14159  0.628319  -0.00929659  0.414155
-4.08407  3.14159  0.628319  -0.0115375  0.438184
-2.82743  3.14159  0.628319  -0.0146594  0.446976
-2.19911  3.14159  0.628319  -0.0167003  0.439452
-1.5708  3.14159  0.628319  -0.0192326  0.418095
-0.942478  3.14159  0.628319  -0.0226254  0.374362
-0.314159  3.14159  0.628319  -0.0256112  0.257775
0.314159  3.14159  0.628319  -0.0256112  -0.257775
0.942478  3.14159  0.628319  -0.0226254  -0.374362
1.5708  3.14159  0.628319  -0.0192325  -0.418095
2.19911  3.14159  0.628319  -0.0167003  -0.439452
2.82743  3.14159  0.628319  -0.0146593  -0.446976
4.08407  3.14159  0.628319  -0.0115373  -0.438185
7.22566  3.14159  0.628319  -0.00694311  -0.370413
14.7655  3.14159  0.628319  -0.00272325  -0.235003
-16.6504  3.14159  1.25664  -0.00820522  0.213344
-7.22566  3.14159  1.25664  -0.0250167  0.37146
-5.34071  3.14159  1.25664  -0.0329326  0.415456
-4.08407  3.14159  1.25664  -0.039929  0.438883
-2.82743  3.14159  1.25664  -0.0486436  0.444203
-2.19911  3.14159  1.25664  -0.053628  0.431557
-1.5708  3.14159  1.25664  -0.0587935  0.398661
-0.942478  3.14159  1.25664  -0.0634989  0.329704
-0.314159  3.14159  1.25664  -0.0664772  0.229465
0.314159  3.14159  1.25664  -0.0664772  -0.229465
0.942478  3.14159  1.25664  -0.0634989  -0.329704
1.5708  3.14159  1.25664  -0.0587935  -0.398661
2.19911  3.14159  1.25664  -0.0536279  -0.431557
2.82743  3.14159  1.25664  -0.0486436  -0.444203
4.08407  3.14159  1.25664  -0.0399288  -0.438883
7.22566  3.14159  1.25664  -0.0250167  -0.37146
14.7655  3.14159  1.25664  -0.00993012  -0.235166
-16.6504  3.14159  1.88496  -0.0157206  0.213463
-7.22566  3.14159  1.88496  -0.0471964  0.372662
-5.34071  3.14159  1.88496  -0.0608446  0.416681
-4.08407  3.14159  1.88496  -0.0717412  0.438727
-2.82743  3.14159  1.88496  -0.083295  0.438754
-2.19911  3.14159  1.88496  -0.0887172  0.420687
-1.5708  3.14159  1.88496  -0.093334  0.380747
-0.942478  3.14159  1.88496  -0.096661  0.305314
-0.314159  3.14159  1.88496  -0.0983684  0.157938
0.314159  3.14159  1.88496  -0.0983684  -0.157938
0.942478  3.14159  1.88496  -0.096661  -0.305314
1.5708  3.14159  1.88496  -0.093334  -0.380747
2.19911  3.14159  1.88496  -0.0887171  -0.420687
2.82743  3.14159  1.88496  -0.0832949  -0.438754
4.08407  3.14159  1.88496  -0.071741  -0.438727
7.22566  3.14159  1.88496  -0.0471964  -0.372662
14.7655  3.14159  1.88496  -0.0190198  -0.235352
-16.6504  3.14159  2.51327  -0.0220066  0.213547
-7.22566  3.14159  2.51327  -0.0653129  0.373563
-5.34071  3.14159  2.51327  -0.0828875  0.417415
-4.08407  3.14159  2.51327  -0.0958034  0.438013
-2.82743  3.14159  2.51327  -0.107907  0.433245
-2.19911  3.14159  2.51327  -0.11288  0.410325
-1.5708  3.14159  2.51327  -0.116737  0.363158
-0.942478  3.14159  2.51327  -0.119325  0.281232
-0.314159  3.14159  2.51327  -0.120615  0.192741
0.314159  3.14159  2.51327  -0.120615  -0.192741
0.942478  3.14159  2.51327  -0.119325  -0.281232
1.5708  3.14159  2.51327  -0.116737  -0.363158
2.19911  3.14159  2.51327  -0.11288  -0.410325
2.82743  3.14159  2.51327  -0.107907  -0.433245
4.08407  3.14159  2.51327  -0.0958032  -0.438013
7.22566  3.14159  2.51327  -0.0653129  -0.373563
14.7655  3.14159  2.51327  -0.0266204  -0.235489
-16.6504  3.14159  3.14159  -0.0245044  0.213573
-7.22566  3.14159  3.14159  -0.0724719  0.373884
-5.34071  3.14159  3.14159  -0.0914999  0.417642
-4.08407  3.14159  3.14159  -0.105097  0.437676
-2.82743  3.14159  3.14159  -0.117373  0.431474
-2.19911  3.14159  3.14159  -0.122256  0.407887
-1.5708  3.14159  3.14159  -0.125989  0.361494
-0.942478  3.14159  3.14159  -0.128494  0.282191
-0.314159  3.14159  3.14159  -0.129759  0.144403
0.314159  3.14159  3.14159  -0.129759  -0.144403
0.942478  3.14159  3.14159  -0.128494  -0.282191
1.5708  3.14159  3.14159  -0.125989  -0.361494
2.19911  3.14159  3.14159  -0.122256  -0.407887
2.82743  3.14159  3.14159  -0.117373  -0.431474
4.08407  3.14159  3.14159  -0.105097  -0.437676
7.22566  3.14159  3.14159  -0.072472  -0.373884
14.7655  3.14159  3.14159  -0.0296418  -0.235534
-16.6504  3.14159  3.76991  -0.0220066  0.213547
-7.22566  3.14159  3.76991  -0.0653129  0.373563
-5.34071  3.14159  3.76991  -0.0828875  0.417415
-4.08407  3.14159  3.76991  -0.0958034  0.438013
-2.82743  3.14159  3.76991  -0.107907  0.433245
-2.19911  3.14159  3.76991  -0.11288  0.410325
-1.5708  3.14159  3.76991  -0.116737  0.363158
-0.942478  3.14159  3.76991  -0.119325  0.281232
-0.314159  3.14159  3.76991  -0.120615  0.192741
0.314159  3.14159  3.76991  -0.120615  -0.192741
0.942478  3.14159  3.76991  -0.119325  -0.281232
1.5708  3.14159  3.76991  -0.116737  -0.363158
2.19911  3.14159  3.76991  -0.11288  -0.410325
2.82743  3.14159  3.76991  -0.107907  -0.433245
4.08407  3.14159  3.76991  -0.0958032  -0.438013
7.22566  3.14159  3.76991  -0.0653129  -0.373563
14.7655  3.14159  3.76991  -0.0266204  -0.235489
-16.6504  3.14159  4.39823  -0.0157206  0.213463
-7.22566  3.14159  4.39823  -0.0471964  0.372662
-5.34071  3.14159  4.39823  -0.0608446  0.416681
-4.08407  3.14159  4.39823  -0.0717412  0.438727
-2.82743  3.14159  4.39823  -0.083295  0.438754
-2.19911  3.14159  4.39823  -0.0887172  0.420687
-1.5708  3.14159  4.39823  -0.093334  0.380747
-0.942478  3.14159  4.39823  -0.096661  0.305314
-0.314159  3.14159  4.39823  -0.0983684  0.157938
0.314159  3.14159  4.39823  -0.0983684  -0.157938
0.942478  3.14159  4.39823  -0.096661  -0.305314
1.5708  3.14159  4.39823  -0.093334  -0.380747
2.19911  3.14159  4.39823  -0.0887171  -0.420687
2.82743  3.14159  4.39823  -0.0832949  -0.438754
4.08407  3.14159  4.39823  -0.071741  -0.438727
7.22566  3.14159  4.39823  -0.0471964  -0.372662
14.7655  3.14159  4.39823  -0.0190198  -0.235352
-16.6504  3.14159  5.02655  -0.00820522  0.213344
-7.22566  3.14159  5.02655  -0.0250167  0.37146
-5.34071  3.14159  5.02655  -0.0329326  0.415456
-4.08407  3.14159  5.02655  -0.039929  0.438883
-2.82743  3.14159  5.02655  -0.0486436  0.444203
-2.19911  3.14159  5.02655  -0.053628  0.431557
-1.5708  3.14159  5.02655  -0.0587935  0.398661
-0.942478  3.14159  5.02655  -0.0634989  0.329704
-0.314159  3.14159  5.02655  -0.0664772  0.229465
0.314159  3.14159  5.02655  -0.0664772  -0.229465
0.942478  3.14159  5.02655  -0.0634989  -0.329704
1.5708  3.14159  5.02655  -0.0587935  -0.398661
2.19911  3.14159  5.02655  -0.0536279  -0.431557
2.82743  3.14159  5.02655  -0.0486436  -0.444203
4.08407  3.14159  5.02655  -0.0399288  -0.438883
7.22566  3.14159  5.02655  -0.0250167  -0.37146
14.7655  3.14159  5.02655  -0.00993012  -0.235166
-16.6504  3.14159  5.65487  -0.00224983  0.213237
-7.22566  3.14159  5.65487  -0.00694308  0.370413
-5.34071  3.14159  5.65487  -0.00929659  0.414155
-4.08407  3.14159  5.65487  -0.0115375  0.438184
-2.82743  3.14159  5.65487  -0.0146594  0.446976
-2.19911  3.14159  5.65487  -0.0167003  0.439452
-1.5708  3.14159  5.65487  -0.0192326  0.418095
-0.942478  3.14159  5.65487  -0.0226254  0.374362
-0.314159  3.14159  5.65487  -0.0256112  0.257775
0.314159  3.14159  5.65487  -0.0256112  -0.257775
0.942478  3.14159  5.65487  -0.0226254  -0.374362
1.5708  3.14159  5.65487  -0.0192325  -0.418095
2.19911  3.14159  5.65487  -0.0167003  -0.439452
2.82743  3.14159  5.65487  -0.0146593  -0.446976
4.08407  3.14159  5.65487  -0.0115373  -0.438185
7.22566  3.14159  5.65487  -0.00694311  -0.370413
14.7655  3.14159  5.65487  -0.00272325  -0.235003
-16.6504  3.14159  6.28319  -1.36562e-07  0.213195
-7.22566  3.14159  6.28319  4.95268e-08  0.369996
-5.34071  3.14159  6.28319  -2.5803e-07  0.413571
-4.08407  3.14159  6.28319  -1.08036e-07  0.437646
-2.82743  3.14159  6.28319  1.44024e-09  0.446964
-2.19911  3.14159  6.28319  1.0381e-08  0.439934
-1.5708  3.14159  6.28319  1.61332e-08  0.418913
-0.942478  3.14159  6.28319  2.01947e-08  0.377538
-0.314159  3.14159  6.28319  2.33075e-08  0.380295
0.314159  3.14159  6.28319  2.59253e-08  -0.380295
0.942478  3.14159  6.28319  2.8291e-08  -0.377538
1.5708  3.14159  6.28319  3.05513e-08  -0.418913
2.19911  3.14159  6.28319  3.2759e-08  -0.439934
2.82743  3.14159  6.28319  3.49685e-08  -0.446965
4.08407  3.14159  6.28319  9.99032e-08  -0.437646
7.22566  3.14159  6.28319  4.53393e-09  -0.369996
14.7655  3.14159  6.28319  1.08158e-08  -0.234939
-16.6504  3.76991  0  0.00224956  0.213237
-7.22566  3.76991  0  0.00694317  0.370413
-5.34071  3.76991  0  0.00929602  0.414155
-4.08407  3.76991  0  0.0115373  0.438184
-2.82743  3.76991  0  0.0146594  0.446976
-2.19911  3.76991  0  0.0167003  0.439452
-1.5708  3.76991  0  0.0192326  0.418095
-0.942478  3.76991  0  0.0226254  0.374362
-0.314159  3.76991  0  0.0256112  0.257775
0.314159  3.76991  0  0.0256112  -0.257775
0.942478  3.76991  0  0.0226254  -0.374362
1.5708  3.76991  0  0.0192326  -0.418095
2.19911  3.76991  0  0.0167003  -0.439452
2.82743  3.76991  0  0.0146594  -0.446976
4.08407  3.76991  0  0.0115375  -0.438185
7.22566  3.76991  0  0.00694312  -0.370413
14.7655  3.76991  0  0.00272328  -0.235003
-16.6504  3.76991  0.628319  -1.3855e-07  0.213274
-7.22566  3.76991  0.628319  4.67823e-08  0.370732
-5.34071  3.76991  0.628319  -2.98572e-07  0.414518
-4.08407  3.76991  0.628319  -1.07385e-07  0.438273
-2.82743  3.76991  0.628319  1.16762e-08  0.445603
-2.19911  3.76991  0.628319  1.44602e-08  0.435773
-1.5708  3.76991  0.628319  1.77941e-08  0.408833
-0.942478  3.76991  0.628319  2.08768e-08  0.35376
-0.314159  3.76991  0.628319  2.35963e-08  0.305216
0.314159  3.76991  0.628319  2.60327e-08  -0.305216
0.942478  3.76991  0.628319  2.82451e-08  -0.35376
1.5708  3.76991  0.628319  3.01961e-08  -0.408834
2.19911  3.76991  0.628319  3.15354e-08  -0.435773
2.82743  3.76991  0.628319  3.07851e-08  -0.445603
4.08407  3.76991  0.628319  9.90237e-08  -0.438273
7.22566  3.76991  0.628319  6.01163e-09  -0.370732
14.7655  3.76991  0.628319  9.79886e-09  -0.235058
-16.6504  3.76991  1.25664  -0.00593816  0.213362
-7.22566  3.76991  1.25664  -0.0180756  0.371545
-5.34071  3.76991  1.25664  -0.0237587  0.415417
-4.08407  3.76991  1.25664  -0.0287704  0.438456
-2.82743  3.76991  1.25664  -0.0350297  0.442901
-2.19911  3.76991  1.25664  -0.0386329  0.430148
-1.5708  3.76991  1.25664  -0.0423784  0.39951
-0.942478  3.76991  1.25664  -0.0456807  0.339754
-0.314159  3.76991  1.25664  -0.0476717  0.207475
0.314159  3.76991  1.25664  -0.0476717  -0.207475
0.942478  3.76991  1.25664  -0.0456807  -0.339754
1.5708  3.76991  1.25664  -0.0423784  -0.39951
2.19911  3.76991  1.25664  -0.0386329  -0.430148
2.82743  3.76991  1.25664  -0.0350297  -0.442901
4.08407  3.76991  1.25664  -0.0287702  -0.438456
7.22566  3.76991  1.25664  -0.0180756  -0.371545
14.7655  3.76991  1.25664  -0.0071861  -0.235192
-16.6504  3.76991  1.88496  -0.013407  0.21346
-7.22566  3.76991  1.88496  -0.0403153  0.372522
-5.34071  3.76991  1.88496  -0.0521045  0.416432
-4.08407  3.76991  1.88496  -0.0616752  0.438431
-2.82743  3.76991  1.88496  -0.0721369  0.438695
-2.19911  3.76991  1.88496  -0.0772325  0.420916
-1.5708  3.76991  1.88496  -0.0817137  0.380921
-0.942478  3.76991  1.88496  -0.0850404  0.305628
-0.314159  3.76991  1.88496  -0.0867876  0.211489
0.314159  3.76991  1.88496  -0.0867876  -0.211489
0.942478  3.76991  1.88496  -0.0850404  -0.305628
1.5708  3.76991  1.88496  -0.0817137  -0.380921
2.19911  3.76991  1.88496  -0.0772324  -0.420916
2.82743  3.76991  1.88496  -0.0721369  -0.438695
4.08407  3.76991  1.88496  -0.061675  -0.438431
7.22566  3.76991  1.88496  -0.0403153  -0.372522
14.7655  3.76991  1.88496  -0.0162213  -0.235344
-16.6504  3.76991  2.51327  -0.0195931  0.213526
-7.22566  3.76991  2.51327  -0.0583501  0.373291
-5.34071  3.76991  2.51327  -0.0744099  0.417182
-4.08407  3.76991  2.51327  -0.0865378  0.438224
-2.82743  3.76991  2.51327  -0.0983657  0.435147
-2.19911  3.76991  2.51327  -0.103415  0.414332
-1.5708  3.76991  2.51327  -0.107406  0.371175
-0.942478  3.76991  2.51327  -0.1101  0.293767
-0.314159  3.76991  2.51327  -0.111438  0.151091
0.314159  3.76991  2.51327  -0.111438  -0.151091
0.942478  3.76991  2.51327  -0.1101  -0.293767
1.5708  3.76991  2.51327  -0.107406  -0.371175
2.19911  3.76991  2.51327  -0.103415  -0.414332
2.82743  3.76991  2.51327  -0.0983656  -0.435147
4.08407  3.76991  2.51327  -0.0865376  -0.438224
7.22566  3.76991  2.51327  -0.0583501  -0.373291
14.7655  3.76991  2.51327  -0.023702  -0.235453
-16.6504  3.76991  3.14159  -0.0220066  0.213547
-7.22566  3.76991  3.14159  -0.0653129  0.373563
-5.34071  3.76991  3.14159  -0.0828875  0.417415
-4.08407  3.76991  3.14159  -0.0958034  0.438013
-2.82743  3.76991  3.14159  -0.107907  0.433245
-2.19911  3.76991  3.14159  -0.11288  0.410325
-1.5708  3.76991  3.14159  -0.116737  0.363158
-0.942478  3.76991  3.14159  -0.119325  0.281232
-0.314159  3.76991  3.14159  -0.120615  0.192741
0.314159  3.76991  3.14159  -0.120615  -0.192741
0.942478  3.76991  3.14159  -0.119325  -0.281232
1.5708  3.76991  3.14159  -0.116737  -0.363158
2.19911  3.76991  3.14159  -0.11288  -0.410325
2.82743  3.76991  3.14159  -0.107907  -0.433245
4.08407  3.76991  3.14159  -0.0958032  -0.438013
7.22566  3.76991  3.14159  -0.0653129  -0.373563
14.7655  3.76991  3.14159  -0.0266204  -0.235489
-16.6504  3.76991  3.76991  -0.0195931  0.213526
-7.22566  3.76991  3.76991  -0.0583501  0.373291
-5.34071  3.76991  3.76991  -0.0744099  0.417182
-4.08407  3.76991  3.76991  -0.0865378  0.438224
-2.82743  3.76991  3.76991  -0.0983657  0.435147
-2.19911  3.76991  3.76991  -0.103415  0.414332
-1.5708  3.76991  3.76991  -0.107406  0.371175
-0.942478  3.76991  3.76991  -0.1101  0.293767
-0.314159  3.76991  3.76991  -0.111438  0.151091
0.314159  3.76991  3.76991  -0.111438  -0.151091
0.942478  3.76991  3.76991  -0.1101  -0.293767
1.5708  3.76991  3.76991  -0.107406  -0.371175
2.19911  3.76991  3.76991  -0.103415  -0.414332
2.82743  3.76991  3.76991  -0.0983656  -0.435147
4.08407  3.76991  3.76991  -0.0865376  -0.438224
7.22566  3.76991  3.76991  -0.0583501  -0.373291
14.7655  3.76991  3.76991  -0.023702  -0.235453
-16.6504  3.76991  4.39823  -0.013407  0.21346
-7.22566  3.76991  4.39823  -0.0403153  0.372522
-5.34071  3.76991  4.39823  -0.0521045  0.416432
-4.08407  3.76991  4.39823  -0.0616752  0.438431
-2.82743  3.76991  4.39823  -0.0721369  0.438695
-2.19911  3.76991  4.39823  -0.0772325  0.420916
-1.5708  3.76991  4.39823  -0.0817137  0.380921
-0.942478  3.76991  4.39823  -0.0850404  0.305628
-0.314159  3.76991  4.39823  -0.0867876  0.211489
0.314159  3.76991  4.39823  -0.0867876  -0.211489
0.942478  3.76991  4.39823  -0.0850404  -0.305628
1.5708  3.76991  4.39823  -0.0817137  -0.380921
2.19911  3.76991  4.39823  -0.0772324  -0.420916
2.82743  3.76991  4.39823  -0.0721369  -0.438695
4.08407  3.76991  4.39823  -0.061675  -0.438431
7.22566  3.76991  4.39823  -0.0403153  -0.372522
14.7655  3.76991  4.39823  -0.0162213  -0.235344
-16.6504  3.76991  5.02655  -0.00593816  0.213362
-7.22566  3.76991  5.02655  -0.0180756  0.371545
-5.34071  3.76991  5.02655  -0.0237587  0.415417
-4.08407  3.76991  5.02655  -0.0287704  0.438456
-2.82743  3.76991  5.02655  -0.0350297  0.442901
-2.19911  3.76991  5.02655  -0.0386329  0.430148
-1.5708  3.76991  5.02655  -0.0423784  0.39951
-0.942478  3.76991  5.02655  -0.0456807  0.339754
-0.314159  3.76991  5.02655  -0.0476717  0.207475
0.314159  3.76991  5.02655  -0.0476717  -0.207475
0.942478  3.76991  5.02655  -0.0456807  -0.339754
1.5708  3.76991  5.02655  -0.0423784  -0.39951
2.19911  3.76991  5.02655  -0.0386329  -0.430148
2.82743  3.76991  5.02655  -0.0350297  -0.442901
4.08407  3.76991  5.02655  -0.0287702  -0.438456
7.22566  3.76991  5.02655  -0.0180756  -0.371545
14.7655  3.76991  5.02655  -0.0071861  -0.235192
-16.6504  3.76991  5.65487  -1.3855e-07  0.213274
-7.22566  3.76991  5.65487  4.67823e-08  0.370732
-5.34071  3.76991  5.65487  -2.98572e-07  0.414518
-4.08407  3.76991  5.65487  -1.07385e-07  0.438273
-2.82743  3.76991  5.65487  1.16762e-08  0.445603
-2.19911  3.76991  5.65487  1.44602e-08  0.435773
-1.5708  3.76991  5.65487  1.77941e-08  0.408833
-0.942478  3.76991  5.65487  2.08768e-08  0.35376
-0.314159  3.76991  5.65487  2.35963e-08  0.305216
0.314159  3.76991  5.65487  2.60327e-08  -0.305216
0.942478  3.76991  5.65487  2.82451e-08  -0.35376
1.5708  3.76991  5.65487  3.01961e-08  -0.408834
2.19911  3.76991  5.65487  3.15354e-08  -0.435773
2.82743  3.76991  5.65487  3.07851e-08  -0.445603
4.08407  3.76991  5.65487  9.90237e-08  -0.438273
7.22566  3.76991  5.65487  6.01163e-09  -0.370732
14.7655  3.76991  5.65487  9.79886e-09  -0.235058
-16.6504  3.76991  6.28319  0.00224956  0.213237
-7.22566  3.76991  6.28319  0.00694317  0.370413
-5.34071  3.76991  6.28319  0.00929602  0.414155
-4.08407  3.76991  6.28319  0.0115373  0.438184
-2.82743  3.76991  6.28319  0.0146594  0.446976
-2.19911  3.76991  6.28319  0.0167003  0.439452
-1.5708  3.76991  6.28319  0.0192326  0.418095
-0.942478  3.76991  6.28319  0.0226254  0.374362
-0.314159  3.76991  6.28319  0.0256112  0.257775
0.314159  3.76991  6.28319  0.0256112  -0.257775
0.942478  3.76991  6.28319  0.0226254  -0.374362
1.5708  3.76991  6.28319  0.0192326  -0.418095
2.19911  3.76991  6.28319  0.0167003  -0.439452
2.82743  3.76991  6.28319  0.0146594  -0.446976
4.08407  3.76991  6.28319  0.0115375  -0.438185
7.22566  3.76991  6.28319  0.00694312  -0.370413
14.7655  3.76991  6.28319  0.00272328  -0.235003
-16.6504  4.39823  0  0.00820494  0.213344
-7.22566  4.39823  0  0.0250168  0.37146
-5.34071  4.39823  0  0.032932  0.415456
-4.08407  4.39823  0  0.0399288  0.438883
-2.82743  4.39823  0  0.0486437  0.444203
-2.19911  4.39823  0  0.053628  0.431557
-1.5708  4.39823  0  0.0587935  0.398661
-0.942478  4.39823  0  0.063499  0.329704
-0.314159  4.39823  0  0.0664772  0.229465
0.314159  4.39823  0  0.0664772  -0.229465
0.942478  4.39823  0  0.063499  -0.329704
1.5708  4.39823  0  0.0587936  -0.398661
2.19911  4.39823  0  0.053628  -0.431558
2.82743  4.39823  0  0.0486437  -0.444203
4.08407  4.39823  0  0.039929  -0.438883
7.22566  4.39823  0  0.0250167  -0.37146
14.7655  4.39823  0  0.00993014  -0.235166
-16.6504  4.39823  0.628319  0.00593788  0.213362
-7.22566  4.39823  0.628319  0.0180757  0.371545
-5.34071  4.39823  0.628319  0.023758  0.415417
-4.08407  4.39823  0.628319  0.0287702  0.438456
-2.82743  4.39823  0.628319  0.0350297  0.442901
-2.19911  4.39823  0.628319  0.0386329  0.430148
-1.5708  4.39823  0.628319  0.0423784  0.39951
-0.942478  4.39823  0.628319  0.0456808  0.339754
-0.314159  4.39823  0.628319  0.0476718  0.207475
0.314159  4.39823  0.628319  0.0476718  -0.207475
0.942478  4.39823  0.628319  0.0456808  -0.339754
1.5708  4.39823  0.628319  0.0423784  -0.39951
2.19911  4.39823  0.628319  0.0386329  -0.430148
2.82743  4.39823  0.628319  0.0350297  -0.442901
4.08407  4.39823  0.628319  0.0287704  -0.438456
7.22566  4.39823  0.628319  0.0180756  -0.371545
14.7655  4.39823  0.628319  0.00718612  -0.235192
-16.6504  4.39823  1.25664  -1.41842e-07  0.213403
-7.22566  4.39823  1.25664  4.27676e-08  0.371788
-5.34071  4.39823  1.25664  -3.59587e-07  0.415455
-4.08407  4.39823  1.25664  -1.05609e-07  0.437734
-2.82743  4.39823  1.25664  2.31788e-08  0.439922
-2.19911  4.39823  1.25664  2.00076e-08  0.424909
-1.5708  4.39823  1.25664  2.0532e-08  0.390887
-0.942478  4.39823  1.25664  2.22462e-08  0.329756
-0.314159  4.39823  1.25664  2.42645e-08  0.287871
0.314159  4.39823  1.25664  2.62593e-08  -0.287871
0.942478  4.39823  1.25664  2.80541e-08  -0.329756
1.5708  4.39823  1.25664  2.94152e-08  -0.390887
2.19911  4.39823  1.25664  2.97361e-08  -0.424909
2.82743  4.39823  1.25664  2.70998e-08  -0.439922
4.08407  4.39823  1.25664  9.99073e-08  -0.437734
7.22566  4.39823  1.25664  1.0034e-08  -0.371788
14.7655  4.39823  1.25664  8.22535e-09  -0.235251
-16.6504  4.39823  1.88496  -0.00738723  0.213442
-7.22566  4.39823  1.88496  -0.0223085  0.372172
-5.34071  4.39823  1.88496  -0.0290151  0.415882
-4.08407  4.39823  1.88496  -0.0346747  0.437885
-2.82743  4.39823  1.88496  -0.0413267  0.439227
-2.19911  4.39823  1.88496  -0.0448845  0.423762
-1.5708  4.39823  1.88496  -0.0482693  0.389921
-0.942478  4.39823  1.88496  -0.0509095  0.328019
-0.314159  4.39823  1.88496  -0.0522925  0.200185
0.314159  4.39823  1.88496  -0.0522925  -0.200185
0.942478  4.39823  1.88496  -0.0509095  -0.328019
1.5708  4.39823  1.88496  -0.0482693  -0.389921
2.19911  4.39823  1.88496  -0.0448845  -0.423762
2.82743  4.39823  1.88496  -0.0413267  -0.439227
4.08407  4.39823  1.88496  -0.0346745  -0.437885
7.22566  4.39823  1.88496  -0.0223085  -0.372172
14.7655  4.39823  1.88496  -0.00893867  -0.23531
-16.6504  4.39823  2.51327  -0.013407  0.21346
-7.22566  4.39823  2.51327  -0.0403153  0.372522
-5.34071  4.39823  2.51327  -0.0521045  0.416432
-4.08407  4.39823  2.51327  -0.0616752  0.438431
-2.82743  4.39823  2.51327  -0.0721369  0.438695
-2.19911  4.39823  2.51327  -0.0772325  0.420916
-1.5708  4.39823  2.51327  -0.0817137  0.380921
-0.942478  4.39823  2.51327  -0.0850404  0.305628
-0.314159  4.39823  2.51327  -0.0867876  0.211489
0.314159  4.39823  2.51327  -0.0867876  -0.211489
0.942478  4.39823  2.51327  -0.0850404  -0.305628
1.5708  4.39823  2.51327  -0.0817137  -0.380921
2.19911  4.39823  2.51327  -0.0772324  -0.420916
2.82743  4.39823  2.51327  -0.0721369  -0.438695
4.08407  4.39823  2.51327  -0.061675  -0.438431
7.22566  4.39823  2.51327  -0.0403153  -0.372522
14.7655  4.39823  2.51327  -0.0162213  -0.235344
-16.6504  4.39823  3.14159  -0.0157206  0.213463
-7.22566  4.39823  3.14159  -0.0471964  0.372662
-5.34071  4.39823  3.14159  -0.0608446  0.416681
-4.08407  4.39823  3.14159  -0.0717412  0.438727
-2.82743  4.39823  3.14159  -0.083295  0.438754
-2.19911  4.39823  3.14159  -0.0887172  0.420687
-1.5708  4.39823  3.14159  -0.093334  0.380747
-0.942478  4.39823  3.14159  -0.096661  0.305314
-0.314159  4.39823  3.14159  -0.0983684  0.157938
0.314159  4.39823  3.14159  -0.0983684  -0.157938
0.942478  4.39823  3.14159  -0.096661  -0.305314
1.5708  4.39823  3.14159  -0.093334  -0.380747
2.19911  4.39823  3.14159  -0.0887171  -0.420687
2.82743  4.39823  3.14159  -0.0832949  -0.438754
4.08407  4.39823  3.14159  -0.071741  -0.438727
7.22566  4.39823  3.14159  -0.0471964  -0.372662
14.7655  4.39823  3.14159  -0.0190198  -0.235352
-16.6504  4.39823  3.76991  -0.013407  0.21346
-7.22566  4.39823  3.76991  -0.0403153  0.372522
-5.34071  4.39823  3.76991  -0.0521045  0.416432
-4.08407  4.39823  3.76991  -0.0616752  0.438431
-2.82743  4.39823  3.76991  -0.0721369  0.438695
-2.19911  4.39823  3.76991  -0.0772325  0.420916
-1.5708  4.39823  3.76991  -0.0817137  0.380921
-0.942478  4.39823  3.76991  -0.0850404  0.305628
-0.314159  4.39823  3.76991  -0.0867876  0.211489
0.314159  4.39823  3.76991  -0.0867876  -0.211489
0.942478  4.39823  3.76991  -0.0850404  -0.305628
1.5708  4.39823  3.76991  -0.0817137  -0.380921
2.19911  4.39823  3.76991  -0.0772324  -0.420916
2.82743  4.39823  3.76991  -0.0721369  -0.438695
4.08407  4.39823  3.76991  -0.061675  -0.438431
7.22566  4.39823  3.76991  -0.0403153  -0.372522
14.7655  4.39823  3.76991  -0.0162213  -0.235344
-16.6504  4.39823  4.39823  -0.00738723  0.213442
-7.22566  4.39823  4.39823  -0.0223085  0.372172
-5.34071  4.39823  4.39823  -0.0290151  0.415882
-4.08407  4.39823  4.39823  -0.0346747  0.437885
-2.82743  4.39823  4.39823  -0.0413267  0.439227
-2.19911  4.39823  4.39823  -0.0448845  0.423762
-1.5708  4.39823  4.39823  -0.0482693  0.389921
-0.942478  4.39823  4.39823  -0.0509095  0.328019
-0.314159  4.39823  4.39823  -0.0522925  0.200185
0.314159  4.39823  4.39823  -0.0522925  -0.200185
0.942478  4.39823  4.39823  -0.0509095  -0.328019
1.5708  4.39823  4.39823  -0.0482693  -0.389921
2.19911  4.39823  4.39823  -0.0448845  -0.423762
2.82743  4.39823  4.39823  -0.0413267  -0.439227
4.08407  4.39823  4.39823  -0.0346745  -0.437885
7.22566  4.39823  4.39823  -0.0223085  -0.372172
14.7655  4.39823  4.39823  -0.00893867  -0.23531
-16.6504  4.39823  5.02655  -1.41842e-07  0.213403
-7.22566  4.39823  5.02655  4.27676e-08  0.371788
-5.34071  4.39823  5.02655  -3.59587e-07  0.415455
-4.08407  4.39823  5.02655  -1.05609e-07  0.437734
-2.82743  4.39823  5.02655  2.31788e-08  0.439922
-2.19911  4.39823  5.02655  2.00076e-08  0.424909
-1.5708  4.39823  5.02655  2.0532e-08  0.390887
-0.942478  4.39823  5.02655  2.22462e-08  0.329756
-0.314159  4.39823  5.02655  2.42645e-08  0.287871
0.314159  4.39823  5.02655  2.62593e-08  -0.287871
0.942478  4.39823  5.02655  2.80541e-08  -0.329756
1.5708  4.39823  5.02655  2.94152e-08  -0.390887
2.19911  4.39823  5.02655  2.97361e-08  -0.424909
2.82743  4.39823  5.02655  2.70998e-08  -0.439922
4.08407  4.39823  5.02655  9.99073e-08  -0.437734
7.22566  4.39823  5.02655  1.0034e-08  -0.371788
14.7655  4.39823  5.02655  8.22535e-09  -0.235251
-16.6504  4.39823  5.65487  0.00593788  0.213362
-7.22566  4.39823  5.65487  0.0180757  0.371545
-5.34071  4.39823  5.65487  0.023758  0.415417
-4.08407  4.39823  5.65487  0.0287702  0.438456
-2.82743  4.39823  5.65487  0.0350297  0.442901
-2.19911  4.39823  5.65487  0.0386329  0.430148
-1.5708  4.39823  5.65487  0.0423784  0.39951
-0.942478  4.39823  5.65487  0.0456808  0.339754
-0.314159  4.39823  5.65487  0.0476718  0.207475
0.314159  4.39823  5.65487  0.0476718  -0.207475
0.942478  4.39823  5.65487  0.0456808  -0.339754
1.5708  4.39823  5.65487  0.0423784  -0.39951
2.19911  4.39823  5.65487  0.0386329  -0.430148
2.82743  4.39823  5.65487  0.0350297  -0.442901
4.08407  4.39823  5.65487  0.0287704  -0.438456
7.22566  4.39823  5.65487  0.0180756  -0.371545
14.7655  4.39823  5.65487  0.00718612  -0.235192
-16.6504  4.39823  6.28319  0.00820494  0.213344
-7.22566  4.39823  6.28319  0.0250168  0.37146
-5.34071  4.39823  6.28319  0.032932  0.415456
-4.08407  4.39823  6.28319  0.0399288  0.438883
-2.82743  4.39823  6.28319  0.0486437  0.444203
-2.19911  4.39823  6.28319  0.053628  0.431557
-1.5708  4.39823  6.28319  0.0587935  0.398661
-0.942478  4.39823  6.28319  0.063499  0.329704
-0.314159  4.39823  6.28319  0.0664772  0.229465
0.314159  4.39823  6.28319  0.0664772  -0.229465
0.942478  4.39823  6.28319  0.063499  -0.329704
1.5708  4.39823  6.28319  0.0587936  -0.398661
2.19911  4.39823  6.28319  0.053628  -0.431558
2.82743  4.39823  6.28319  0.0486437  -0.444203
4.08407  4.39823  6.28319  0.039929  -0.438883
7.22566  4.39823  6.28319  0.0250167  -0.37146
14.7655  4.39823  6.28319  0.00993014  -0.235166
-16.6504  5.02655  0  0.0157203  0.213463
-7.22566  5.02655  0  0.0471965  0.372662
-5.34071  5.02655  0  0.0608437  0.416681
-4.08407  5.02655  0  0.071741  0.438726
-2.82743  5.02655  0  0.083295  0.438754
-2.19911  5.02655  0  0.0887172  0.420687
-1.5708  5.02655  0  0.0933341  0.380747
-0.942478  5.02655  0  0.096661  0.305314
-0.314159  5.02655  0  0.0983685  0.157938
0.314159  5.02655  0  0.0983685  -0.157938
0.942478  5.02655  0  0.096661  -0.305315
1.5708  5.02655  0  0.0933341  -0.380747
2.19911  5.02655  0  0.0887172  -0.420687
2.82743  5.02655  0  0.083295  -0.438754
4.08407  5.02655  0  0.0717412  -0.438727
7.22566  5.02655  0  0.0471964  -0.372662
14.7655  5.02655  0  0.0190198  -0.235353
-16.6504  5.02655  0.628319  0.0134068  0.213459
-7.22566  5.02655  0.628319  0.0403154  0.372522
-5.34071  5.02655  0.628319  0.0521037  0.416432
-4.08407  5.02655  0.628319  0.061675  0.438431
-2.82743  5.02655  0.628319  0.072137  0.438695
-2.19911  5.02655  0.628319  0.0772325  0.420916
-1.5708  5.02655  0.628319  0.0817138  0.380921
-0.942478  5.02655  0.628319  0.0850405  0.305628
-0.314159  5.02655  0.628319  0.0867876  0.211489
0.314159  5.02655  0.628319  0.0867876  -0.211489
0.942478  5.02655  0.628319  0.0850405  -0.305629
1.5708  5.02655  0.628319  0.0817138  -0.380921
2.19911  5.02655  0.628319  0.0772325  -0.420917
2.82743  5.02655  0.628319  0.072137  -0.438695
4.08407  5.02655  0.628319  0.0616752  -0.438431
7.22566  5.02655  0.628319  0.0403154  -0.372522
14.7655  5.02655  0.628319  0.0162213  -0.235344
-16.6504  5.02655  1.25664  0.00738695  0.213441
-7.22566  5.02655  1.25664  0.0223086  0.372172
-5.34071  5.02655  1.25664  0.0290143  0.415882
-4.08407  5.02655  1.25664  0.0346745  0.437885
-2.82743  5.02655  1.25664  0.0413267  0.439227
-2.19911  5.02655  1.25664  0.0448845  0.423762
-1.5708  5.02655  1.25664  0.0482693  0.389921
-0.942478  5.02655  1.25664  0.0509095  0.328019
-0.314159  5.02655  1.25664  0.0522926  0.200185
0.314159  5.02655  1.25664  0.0522926  -0.200185
0.942478  5.02655  1.25664  0.0509095  -0.328019
1.5708  5.02655  1.25664  0.0482693  -0.389921
2.19911  5.02655  1.25664  0.0448845  -0.423762
2.82743  5.02655  1.25664  0.0413267  -0.439227
4.08407  5.02655  1.25664  0.0346747  -0.437885
7.22566  5.02655  1.25664  0.0223085  -0.372172
14.7655  5.02655  1.25664  0.00893868  -0.23531
-16.6504  5.02655  1.88496  -1.41842e-07  0.213403
-7.22566  5.02655  1.88496  4.27676e-08  0.371788
-5.34071  5.02655  1.88496  -3.59587e-07  0.415455
-4.08407  5.02655  1.88496  -1.05609e-07  0.437734
-2.82743  5.02655  1.88496  2.31788e-08  0.439922
-2.19911  5.02655  1.88496  2.00076e-08  0.424909
-1.5708  5.02655  1.88496  2.0532e-08  0.390887
-0.942478  5.02655  1.88496  2.22462e-08  0.329756
-0.314159  5.02655  1.88496  2.42645e-08  0.287871
0.314159  5.02655  1.88496  2.62593e-08  -0.287871
0.942478  5.02655  1.88496  2.80541e-08  -0.329756
1.5708  5.02655  1.88496  2.94152e-08  -0.390887
2.19911  5.02655  1.88496  2.97361e-08  -0.424909
2.82743  5.02655  1.88496  2.70998e-08  -0.439922
4.08407  5.02655  1.88496  9.99073e-08  -0.437734
7.22566  5.02655  1.88496  1.0034e-08  -0.371788
14.7655  5.02655  1.88496  8.22535e-09  -0.235251
-16.6504  5.02655  2.51327  -0.00593816  0.213362
-7.22566  5.02655  2.51327  -0.0180756  0.371545
-5.34071  5.02655  2.51327  -0.0237587  0.415417
-4.08407  5.02655  2.51327  -0.0287704  0.438456
-2.82743  5.02655  2.51327  -0.0350297  0.442901
-2.19911  5.02655  2.51327  -0.0386329  0.430148
-1.5708  5.02655  2.51327  -0.0423784  0.39951
-0.942478  5.02655  2.51327  -0.0456807  0.339754
-0.314159  5.02655  2.51327  -0.0476717  0.207475
0.314159  5.02655  2.51327  -0.0476717  -0.207475
0.942478  5.02655  2.51327  -0.0456807  -0.339754
1.5708  5.02655  2.51327  -0.0423784  -0.39951
2.19911  5.02655  2.51327  -0.0386329  -0.430148
2.82743  5.02655  2.51327  -0.0350297  -0.442901
4.08407  5.02655  2.51327  -0.0287702  -0.438456
7.22566  5.02655  2.51327  -0.0180756  -0.371545
14.7655  5.02655  2.51327  -0.0071861  -0.235192
-16.6504  5.02655  3.14159  -0.00820522  0.213344
-7.22566  5.02655  3.14159  -0.0250167  0.37146
-5.34071  5.02655  3.14159  -0.0329326  0.415456
-4.08407  5.02655  3.14159  -0.039929  0.438883
-2.82743  5.02655  3.14159  -0.0486436  0.444203
-2.19911  5.02655  3.14159  -0.053628  0.431557
-1.5708  5.02655  3.14159  -0.0587935  0.398661
-0.942478  5.02655  3.14159  -0.0634989  0.329704
-0.314159  5.02655  3.14159  -0.0664772  0.229465
0.314159  5.02655  3.14159  -0.0664772  -0.229465
0.942478  5.02655  3.14159  -0.0634989  -0.329704
1.5708  5.02655  3.14159  -0.0587935  -0.398661
2.19911  5.02655  3.14159  -0.0536279  -0.431557
2.82743  5.02655  3.14159  -0.0486436  -0.444203
4.08407  5.02655  3.14159  -0.0399288  -0.438883
7.22566  5.02655  3.14159  -0.0250167  -0.37146
14.7655  5.02655  3.14159  -0.00993012  -0.235166
-16.6504  5.02655  3.76991  -0.00593816  0.213362
-7.22566  5.02655  3.76991  -0.0180756  0.371545
-5.34071  5.02655  3.76991  -0.0237587  0.415417
-4.08407  5.02655  3.76991  -0.0287704  0.438456
-2.82743  5.02655  3.76991  -0.0350297  0.442901
-2.19911  5.02655  3.76991  -0.0386329  0.430148
-1.5708  5.02655  3.76991  -0.0423784  0.39951
-0.942478  5.02655  3.76991  -0.0456807  0.339754
-0.314159  5.02655  3.76991  -0.0476717  0.207475
0.314159  5.02655  3.76991  -0.0476717  -0.207475
0.942478  5.02655  3.76991  -0.0456807  -0.339754
1.5708  5.02655  3.76991  -0.0423784  -0.39951
2.19911  5.02655  3.76991  -0.0386329  -0.430148
2.82743  5.02655  3.76991  -0.0350297  -0.442901
4.08407  5.02655  3.76991  -0.0287702  -0.438456
7.22566  5.02655  3.76991  -0.0180756  -0.371545
14.7655  5.02655  3.76991  -0.0071861  -0.235192
-16.6504  5.02655  4.39823  -1.41842e-07  0.213403
-7.22566  5.02655  4.39823  4.27676e-08  0.371788
-5.34071  5.02655  4.39823  -3.59587e-07  0.415455
-4.08407  5.02655  4.39823  -1.05609e-07  0.437734
-2.82743  5.02655  4.39823  2.31788e-08  0.439922
-2.19911  5.02655  4.39823  2.00076e-08  0.424909
-1.5708  5.02655  4.39823  2.0532e-08  0.390887
-0.942478  5.02655  4.39823  2.22462e-08  0.329756
-0.314159  5.02655  4.39823  2.42645e-08  0.287871
0.314159  5.02655  4.39823  2.62593e-08  -0.287871
0.942478  5.02655  4.39823  2.80541e-08  -0.329756
1.5708  5.02655  4.39823  2.94152e-08  -0.390887
2.19911  5.02655  4.39823  2.97361e-08  -0.424909
2.82743  5.02655  4.39823  2.70998e-08  -0.439922
4.08407  5.02655  4.39823  9.99073e-08  -0.437734
7.22566  5.02655  4.39823  1.0034e-08  -0.371788
14.7655  5.02655  4.39823  8.22535e-09  -0.235251
-16.6504  5.02655  5.02655  0.00738695  0.213441
-7.22566  5.02655  5.02655  0.0223086  0.372172
-5.34071  5.02655  5.02655  0.0290143  0.415882
-4.08407  5.02655  5.02655  0.0346745  0.437885
-2.82743  5.02655  5.02655  0.0413267  0.439227
-2.19911  5.02655  5.02655  0.0448845  0.423762
-1.5708  5.02655  5.02655  0.0482693  0.389921
-0.942478  5.02655  5.02655  0.0509095  0.328019
-0.314159  5.02655  5.02655  0.0522926  0.200185
0.314159  5.02655  5.02655  0.0522926  -0.200185
0.942478  5.02655  5.02655  0.0509095  -0.328019
1.5708  5.02655  5.02655  0.0482693  -0.389921
2.19911  5.02655  5.02655  0.0448845  -0.423762
2.82743  5.02655  5.02655  0.0413267  -0.439227
4.08407  5.02655  5.02655  0.0346747  -0.437885
7.22566  5.02655  5.02655  0.0223085  -0.372172
14.7655  5.02655  5.02655  0.00893868  -0.23531
-16.6504  5.02655  5.65487  0.0134068  0.213459
-7.22566  5.02655  5.65487  0.0403154  0.372522
-5.34071  5.02655  5.65487  0.0521037  0.416432
-4.08407  5.02655  5.65487  0.061675  0.438431
-2.82743  5.02655  5.65487  0.072137  0.438695
-2.19911  5.02655  5.65487  0.0772325  0.420916
-1.5708  5.02655  5.65487  0.0817138  0.380921
-0.942478  5.02655  5.65487  0.0850405  0.305628
-0.314159  5.02655  5.65487  0.0867876  0.211489
0.314159  5.02655  5.65487  0.0867876  -0.211489
0.942478  5.02655  5.65487  0.0850405  -0.305629
1.5708  5.02655  5.65487  0.0817138  -0.380921
2.19911  5.02655  5.65487  0.0772325  -0.420917
2.82743  5.02655  5.65487  0.072137  -0.438695
4.08407  5.02655  5.65487  0.0616752  -0.438431
7.22566  5.02655  5.65487  0.0403154  -0.372522
14.7655  5.02655  5.65487  0.0162213  -0.235344
-16.6504  5.02655  6.28319  0.0157203  0.213463
-7.22566  5.02655  6.28319  0.0471965  0.372662
-5.34071  5.02655  6.28319  0.0608437  0.416681
-4.08407  5.02655  6.28319  0.071741  0.438726
-2.82743  5.02655  6.28319  0.083295  0.438754
-2.19911  5.02655  6.28319  0.0887172  0.420687
-1.5708  5.02655  6.28319  0.0933341  0.380747
-0.942478  5.02655  6.28319  0.096661  0.305314
-0.314159  5.02655  6.28319  0.0983685  0.157938
0.314159  5.02655  6.28319  0.0983685  -0.157938
0.942478  5.02655  6.28319  0.096661  -0.305315
1.5708  5.02655  6.28319  0.0933341  -0.380747
2.19911  5.02655  6.28319  0.0887172  -0.420687
2.82743  5.02655  6.28319  0.083295  -0.438754
4.08407  5.02655  6.28319  0.0717412  -0.438727
7.22566  5.02655  6.28319  0.0471964  -0.372662
14.7655  5.02655  6.28319  0.0190198  -0.235353
-16.6504  5.65487  0  0.0220063  0.213546
-7.22566  5.65487  0  0.0653129  0.373563
-5.34071  5.65487  0  0.0828866  0.417415
-4.08407  5.65487  0  0.0958032  0.438013
-2.82743  5.65487  0  0.107907  0.433244
-2.19911  5.65487  0  0.11288  0.410325
-1.5708  5.65487  0  0.116737  0.363158
-0.942478  5.65487  0  0.119325  0.281232
-0.314159  5.65487  0  0.120615  0.192741
0.314159  5.65487  0  0.120615  -0.192741
0.942478  5.65487  0  0.119325  -0.281232
1.5708  5.65487  0  0.116737  -0.363158
2.19911  5.65487  0  0.11288  -0.410325
2.82743  5.65487  0  0.107907  -0.433245
4.08407  5.65487  0  0.0958034  -0.438013
7.22566  5.65487  0  0.0653129  -0.373563
14.7655  5.65487  0  0.0266204  -0.235489
-16.6504  5.65487  0.628319  0.0195928  0.213526
-7.22566  5.65487  0.628319  0.0583501  0.373291
-5.34071  5.65487  0.628319  0.074409  0.417182
-4.08407  5.65487  0.628319  0.0865376  0.438224
-2.82743  5.65487  0.628319  0.0983657  0.435147
-2.19911  5.65487  0.628319  0.103415  0.414332
-1.5708  5.65487  0.628319  0.107406  0.371175
-0.942478  5.65487  0.628319  0.1101  0.293767
-0.314159  5.65487  0.628319  0.111438  0.151091
0.314159  5.65487  0.628319  0.111438  -0.151091
0.942478  5.65487  0.628319  0.1101  -0.293767
1.5708  5.65487  0.628319  0.107406  -0.371175
2.19911  5.65487  0.628319  0.103415  -0.414332
2.82743  5.65487  0.628319  0.0983657  -0.435147
4.08407  5.65487  0.628319  0.0865378  -0.438224
7.22566  5.65487  0.628319  0.0583501  -0.373291
14.7655  5.65487  0.628319  0.023702  -0.235453
-16.6504  5.65487  1.25664  0.0134068  0.213459
-7.22566  5.65487  1.25664  0.0403154  0.372522
-5.34071  5.65487  1.25664  0.0521037  0.416432
-4.08407  5.65487  1.25664  0.061675  0.438431
-2.82743  5.65487  1.25664  0.072137  0.438695
-2.19911  5.65487  1.25664  0.0772325  0.420916
-1.5708  5.65487  1.25664  0.0817138  0.380921
-0.942478  5.65487  1.25664  0.0850405  0.305628
-0.314159  5.65487  1.25664  0.0867876  0.211489
0.314159  5.65487  1.25664  0.0867876  -0.211489
0.942478  5.65487  1.25664  0.0850405  -0.305629
1.5708  5.65487  1.25664  0.0817138  -0.380921
2.19911  5.65487  1.25664  0.0772325  -0.420917
2.82743  5.65487  1.25664  0.072137  -0.438695
4.08407  5.65487  1.25664  0.0616752  -0.438431
7.22566  5.65487  1.25664  0.0403154  -0.372522
14.7655  5.65487  1.25664  0.0162213  -0.235344
-16.6504  5.65487  1.88496  0.00593788  0.213362
-7.22566  5.65487  1.88496  0.0180757  0.371545
-5.34071  5.65487  1.88496  0.023758  0.415417
-4.08407  5.65487  1.88496  0.0287702  0.438456
-2.82743  5.65487  1.88496  0.0350297  0.442901
-2.19911  5.65487  1.88496  0.0386329  0.430148
-1.5708  5.65487  1.88496  0.0423784  0.39951
-0.942478  5.65487  1.88496  0.0456808  0.339754
-0.314159  5.65487  1.88496  0.0476718  0.207475
0.314159  5.65487  1.88496  0.0476718  -0.207475
0.942478  5.65487  1.88496  0.0456808  -0.339754
1.5708  5.65487  1.88496  0.0423784  -0.39951
2.19911  5.65487  1.88496  0.0386329  -0.430148
2.82743  5.65487  1.88496  0.0350297  -0.442901
4.08407  5.65487  1.88496  0.0287704  -0.438456
7.22566  5.65487  1.88496  0.0180756  -0.371545
14.7655  5.65487  1.88496  0.00718612  -0.235192
-16.6504  5.65487  2.51327  -1.3855e-07  0.213274
-7.22566  5.65487  2.51327  4.67823e-08  0.370732
-5.34071  5.65487  2.51327  -2.98572e-07  0.414518
-4.08407  5.65487  2.51327  -1.07385e-07  0.438273
-2.82743  5.65487  2.51327  1.16762e-08  0.445603
-2.19911  5.65487  2.51327  1.44602e-08  0.435773
-1.5708  5.65487  2.51327  1.77941e-08  0.408833
-0.942478  5.65487  2.51327  2.08768e-08  0.35376
-0.314159  5.65487  2.51327  2.35963e-08  0.305216
0.314159  5.65487  2.51327  2.60327e-08  -0.305216
0.942478  5.65487  2.51327  2.82451e-08  -0.35376
1.5708  5.65487  2.51327  3.01961e-08  -0.408834
2.19911  5.65487  2.51327  3.15354e-08  -0.435773
2.82743  5.65487  2.51327  3.07851e-08  -0.445603
4.08407  5.65487  2.51327  9.90237e-08  -0.438273
7.22566  5.65487  2.51327  6.01163e-09  -0.370732
14.7655  5.65487  2.51327  9.79886e-09  -0.235058
-16.6504  5.65487  3.14159  -0.00224983  0.213237
-7.22566  5.65487  3.14159  -0.00694308  0.370413
-5.34071  5.65487  3.14159  -0.00929659  0.414155
-4.08407  5.65487  3.14159  -0.0115375  0.438184
-2.82743  5.65487  3.14159  -0.0146594  0.446976
-2.19911  5.65487  3.14159  -0.0167003  0.439452
-1.5708  5.65487  3.14159  -0.0192326  0.418095
-0.942478  5.65487  3.14159  -0.0226254  0.374362
-0.314159  5.65487  3.14159  -0.0256112  0.257775
0.314159  5.65487  3.14159  -0.0256112  -0.257775
0.942478  5.65487  3.14159  -0.0226254  -0.374362
1.5708  5.65487  3.14159  -0.0192325  -0.418095
2.19911  5.65487  3.14159  -0.0167003  -0.439452
2.82743  5.65487  3.14159  -0.0146593  -0.446976
4.08407  5.65487  3.14159  -0.0115373  -0.438185
7.22566  5.65487  3.14159  -0.00694311  -0.370413
14.7655  5.65487  3.14159  -0.00272325  -0.235003
-16.6504  5.65487  3.76991  -1.3855e-07  0.213274
-7.22566  5.65487  3.76991  4.67823e-08  0.370732
-5.34071  5.65487  3.76991  -2.98572e-07  0.414518
-4.08407  5.65487  3.76991  -1.07385e-07  0.438273
-2.82743  5.65487  3.76991  1.16762e-08  0.445603
-2.19911  5.65487  3.76991  1.44602e-08  0.435773
-1.5708  5.65487  3.76991  1.77941e-08  0.408833
-0.942478  5.65487  3.76991  2.08768e-08  0.35376
-0.314159  5.65487  3.76991  2.35963e-08  0.305216
0.314159  5.65487  3.76991  2.60327e-08  -0.305216
0.942478  5.65487  3.76991  2.82451e-08  -0.35376
1.5708  5.65487  3.76991  3.01961e-08  -0.408834
2.19911  5.65487  3.76991  3.15354e-08  -0.435773
2.82743  5.65487  3.76991  3.07851e-08  -0.445603
4.08407  5.65487  3.76991  9.90237e-08  -0.438273
7.22566  5.65487  3.76991  6.01163e-09  -0.370732
14.7655  5.65487  3.76991  9.79886e-09  -0.235058
-16.6504  5.65487  4.39823  0.00593788  0.213362
-7.22566  5.65487  4.39823  0.0180757  0.371545
-5.34071  5.65487  4.39823  0.023758  0.415417
-4.08407  5.65487  4.39823  0.0287702  0.438456
-2.82743  5.65487  4.39823  0.0350297  0.442901
-2.19911  5.65487  4.39823  0.0386329  0.430148
-1.5708  5.65487  4.39823  0.0423784  0.39951
-0.942478  5.65487  4.39823  0.0456808  0.339754
-0.314159  5.65487  4.39823  0.0476718  0.207475
0.314159  5.65487  4.39823  0.0476718  -0.207475
0.942478  5.65487  4.39823  0.0456808  -0.339754
1.5708  5.65487  4.39823  0.0423784  -0.39951
2.19911  5.65487  4.39823  0.0386329  -0.430148
2.82743  5.65487  4.39823  0.0350297  -0.442901
4.08407  5.65487  4.39823  0.0287704  -0.438456
7.22566  5.65487  4.39823  0.0180756  -0.371545
14.7655  5.65487  4.39823  0.00718612  -0.235192
-16.6504  5.65487  5.02655  0.0134068  0.213459
-7.22566  5.65487  5.02655  0.0403154  0.372522
-5.34071  5.65487  5.02655  0.0521037  0.416432
-4.08407  5.65487  5.02655  0.061675  0.438431
-2.82743  5.65487  5.02655  0.072137  0.438695
-2.19911  5.65487  5.02655  0.0772325  0.420916
-1.5708  5.65487  5.02655  0.0817138  0.380921
-0.942478  5.65487  5.02655  0.0850405  0.305628
-0.314159  5.65487  5.02655  0.0867876  0.211489
0.314159  5.65487  5.02655  0.0867876  -0.211489
0.942478  5.65487  5.02655  0.0850405  -0.305629
1.5708  5.65487  5.02655  0.0817138  -0.380921
2.19911  5.65487  5.02655  0.0772325  -0.420917
2.82743  5.65487  5.02655  0.072137  -0.438695
4.08407  5.65487  5.02655  0.0616752  -0.438431
7.22566  5.65487  5.02655  0.0403154  -0.372522
14.7655  5.65487  5.02655  0.0162213  -0.235344
-16.6504  5.65487  5.65487  0.0195928  0.213526
-7.22566  5.65487  5.65487  0.0583501  0.373291
-5.34071  5.65487  5.65487  0.074409  0.417182
-4.08407  5.65487  5.65487  0.0865376  0.438224
-2.82743  5.65487  5.65487  0.0983657  0.435147
-2.19911  5.65487  5.65487  0.103415  0.414332
-1.5708  5.65487  5.65487  0.107406  0.371175
-0.942478  5.65487  5.65487  0.1101  0.293767
-0.314159  5.65487  5.65487  0.111438  0.151091
0.314159  5.65487  5.65487  0.111438  -0.151091
0.942478  5.65487  5.65487  0.1101  -0.293767
1.5708  5.65487  5.65487  0.107406  -0.371175
2.19911  5.65487  5.65487  0.103415  -0.414332
2.82743  5.65487  5.65487  0.0983657  -0.435147
4.08407  5.65487  5.65487  0.0865378  -0.438224
7.22566  5.65487  5.65487  0.0583501  -0.373291
14.7655  5.65487  5.65487  0.023702  -0.235453
-16.6504  5.65487  6.28319  0.0220063  0.213546
-7.22566  5.65487  6.28319  0.0653129  0.373563
-5.34071  5.65487  6.28319  0.0828866  0.417415
-4.08407  5.65487  6.28319  0.0958032  0.438013
-2.82743  5.65487  6.28319  0.107907  0.433244
-2.19911  5.65487  6.28319  0.11288  0.410325
-1.5708  5.65487  6.28319  0.116737  0.363158
-0.942478  5.65487  6.28319  0.119325  0.281232
-0.314159  5.65487  6.28319  0.120615  0.192741
0.314159  5.65487  6.28319  0.120615  -0.192741
0.942478  5.65487  6.28319  0.119325  -0.281232
1.5708  5.65487  6.28319  0.116737  -0.363158
2.19911  5.65487  6.28319  0.11288  -0.410325
2.82743  5.65487  6.28319  0.107907  -0.433245
4.08407  5.65487  6.28319  0.0958034  -0.438013
7.22566  5.65487  6.28319  0.0653129  -0.373563
14.7655  5.65487  6.28319  0.0266204  -0.235489
-16.6504  6.28319  0  0.0245041  0.213573
-7.22566  6.28319  0  0.072472  0.373884
-5.34071  6.28319  0  0.0914989  0.417642
-4.08407  6.28319  0  0.105097  0.437676
-2.82743  6.28319  0  0.117373  0.431474
-2.19911  6.28319  0  0.122256  0.407887
-1.5708  6.28319  0  0.125989  0.361494
-0.942478  6.28319  0  0.128494  0.282191
-0.314159  6.28319  0  0.129759  0.144403
0.314159  6.28319  0  0.129759  -0.144403
0.942478  6.28319  0  0.128494  -0.282191
1.5708  6.28319  0  0.125989  -0.361494
2.19911  6.28319  0  0.122256  -0.407887
2.82743  6.28319  0  0.117373  -0.431475
4.08407  6.28319  0  0.105097  -0.437676
7.22566  6.28319  0  0.072472  -0.373884
14.7655  6.28319  0  0.0296418  -0.235534
-16.6504  6.28319  0.628319  0.0220063  0.213546
-7.22566  6.28319  0.628319  0.0653129  0.373563
-5.34071  6.28319  0.628319  0.0828866  0.417415
-4.08407  6.28319  0.628319  0.0958032  0.438013
-2.82743  6.28319  0.628319  0.107907  0.433244
-2.19911  6.28319  0.628319  0.11288  0.410325
-1.5708  6.28319  0.628319  0.116737  0.363158
-0.942478  6.28319  0.628319  0.119325  0.281232
-0.314159  6.28319  0.628319  0.120615  0.192741
0.314159  6.28319  0.628319  0.120615  -0.192741
0.942478  6.28319  0.628319  0.119325  -0.281232
1.5708  6.28319  0.628319  0.116737  -0.363158
2.19911  6.28319  0.628319  0.11288  -0.410325
2.82743  6.28319  0.628319  0.107907  -0.433245
4.08407  6.28319  0.628319  0.0958034  -0.438013
7.22566  6.28319  0.628319  0.0653129  -0.373563
14.7655  6.28319  0.628319  0.0266204  -0.235489
-16.6504  6.28319  1.25664  0.0157203  0.213463
-7.22566  6.28319  1.25664  0.0471965  0.372662
-5.34071  6.28319  1.25664  0.0608437  0.416681
-4.08407  6.28319  1.25664  0.071741  0.438726
-2.82743  6.28319  1.25664  0.083295  0.438754
-2.19911  6.28319  1.25664  0.0887172  0.420687
-1.5708  6.28319  1.25664  0.0933341  0.380747
-0.942478  6.28319  1.25664  0.096661  0.305314
-0.314159  6.28319  1.25664  0.0983685  0.157938
0.314159  6.28319  1.25664  0.0983685  -0.157938
0.942478  6.28319  1.25664  0.096661  -0.305315
1.5708  6.28319  1.25664  0.0933341  -0.380747
2.19911  6.28319  1.25664  0.0887172  -0.420687
2.82743  6.28319  1.25664  0.083295  -0.438754
4.08407  6.28319  1.25664  0.0717412  -0.438727
7.22566  6.28319  1.25664  0.0471964  -0.372662
14.7655  6.28319  1.25664  0.0190198  -0.235353
-16.6504  6.28319  1.88496  0.00820494  0.213344
-7.22566  6.28319  1.88496  0.0250168  0.37146
-5.34071  6.28319  1.88496  0.032932  0.415456
-4.08407  6.28319  1.88496  0.0399288  0.438883
-2.82743  6.28319  1.88496  0.0486437  0.444203
-2.19911  6.28319  1.88496  0.053628  0.431557
-1.5708  6.28319  1.88496  0.0587935  0.398661
-0.942478  6.28319  1.88496  0.063499  0.329704
-0.314159  6.28319  1.88496  0.0664772  0.229465
0.314159  6.28319  1.88496  0.0664772  -0.229465
0.942478  6.28319  1.88496  0.063499  -0.329704
1.5708  6.28319  1.88496  0.0587936  -0.398661
2.19911  6.28319  1.88496  0.053628  -0.431558
2.82743  6.28319  1.88496  0.0486437  -0.444203
4.08407  6.28319  1.88496  0.039929  -0.438883
7.22566  6.28319  1.88496  0.0250167  -0.37146
14.7655  6.28319  1.88496  0.00993014  -0.235166
-16.6504  6.28319  2.51327  0.00224956  0.213237
-7.22566  6.28319  2.51327  0.00694317  0.370413
-5.34071  6.28319  2.51327  0.00929602  0.414155
-4.08407  6.28319  2.51327  0.0115373  0.438184
-2.82743  6.28319  2.51327  0.0146594  0.446976
-2.19911  6.28319  2.51327  0.0167003  0.439452
-1.5708  6.28319  2.51327  0.0192326  0.418095
-0.942478  6.28319  2.51327  0.0226254  0.374362
-0.314159  6.28319  2.51327  0.0256112  0.257775
0.314159  6.28319  2.51327  0.0256112  -0.257775
0.942478  6.28319  2.51327  0.0226254  -0.374362
1.5708  6.28319  2.51327  0.0192326  -0.418095
2.19911  6.28319  2.51327  0.0167003  -0.439452
2.82743  6.28319  2.51327  0.0146594  -0.446976
4.08407  6.28319  2.51327  0.0115375  -0.438185
7.22566  6.28319  2.51327  0.00694312  -0.370413
14.7655  6.28319  2.51327  0.00272328  -0.235003
-16.6504  6.28319  3.14159  -1.36562e-07  0.213195
-7.22566  6.28319  3.14159  4.95268e-08  0.369996
-5.34071  6.28319  3.14159  -2.5803e-07  0.413571
-4.08407  6.28319  3.14159  -1.08036e-07  0.437646
-2.82743  6.28319  3.14159  1.44024e-09  0.446964
-2.19911  6.28319  3.14159  1.0381e-08  0.439934
-1.5708  6.28319  3.14159  1.61332e-08  0.418913
-0.942478  6.28319  3.14159  2.01947e-08  0.377538
-0.314159  6.28319  3.14159  2.33075e-08  0.380295
0.314159  6.28319  3.14159  2.59253e-08  -0.380295
0.942478  6.28319  3.14159  2.8291e-08  -0.377538
1.5708  6.28319  3.14159  3.05513e-08  -0.418913
2.19911  6.28319  3.14159  3.2759e-08  -0.439934
2.82743  6.28319  3.14159  3.49685e-08  -0.446965
4.08407  6.28319  3.14159  9.99032e-08  -0.437646
7.22566  6.28319  3.14159  4.53393e-09  -0.369996
14.7655  6.28319  3.14159  1.08158e-08  -0.234939
-16.6504  6.28319  3.76991  0.00224956  0.213237
-7.22566  6.28319  3.76991  0.00694317  0.370413
-5.34071  6.28319  3.76991  0.00929602  0.414155
-4.08407  6.28319  3.76991  0.0115373  0.438184
-2.82743  6.28319  3.76991  0.0146594  0.446976
-2.19911  6.28319  3.76991  0.0167003  0.439452
-1.5708  6.28319  3.76991  0.0192326  0.418095
-0.942478  6.28319  3.76991  0.0226254  0.374362
-0.314159  6.28319  3.76991  0.0256112  0.257775
0.314159  6.28319  3.76991  0.0256112  -0.257775
0.942478  6.28319  3.76991  0.0226254  -0.374362
1.5708  6.28319  3.76991  0.0192326  -0.418095
2.19911  6.28319  3.76991  0.0167003  -0.439452
2.82743  6.28319  3.76991  0.0146594  -0.446976
4.08407  6.28319  3.76991  0.0115375  -0.438185
7.22566  6.28319  3.76991  0.00694312  -0.370413
14.7655  6.28319  3.76991  0.00272328  -0.235003
-16.6504  6.28319  4.39823  0.00820494  0.213344
-7.22566  6.28319  4.39823  0.0250168  0.37146
-5.34071  6.28319  4.39823  0.032932  0.415456
-4.08407  6.28319  4.39823  0.0399288  0.438883
-2.82743  6.28319  4.39823  0.0486437  0.444203
-2.19911  6.28319  4.39823  0.053628  0.431557
-1.5708  6.28319  4.39823  0.0587935  0.398661
-0.942478  6.28319  4.39823  0.063499  0.329704
-0.314159  6.28319  4.39823  0.0664772  0.229465
0.314159  6.28319  4.39823  0.0664772  -0.229465
0.942478  6.28319  4.39823  0.063499  -0.329704
1.5708  6.28319  4.39823  0.0587936  -0.398661
2.19911  6.28319  4.39823  0.053628  -0.431558
2.82743  6.28319  4.39823  0.0486437  -0.444203
4.08407  6.28319  4.39823  0.039929  -0.438883
7.22566  6.28319  4.39823  0.0250167  -0.37146
14.7655  6.28319  4.39823  0.00993014  -0.235166
-16.6504  6.28319  5.02655  0.0157203  0.213463
-7.22566  6.28319  5.02655  0.0471965  0.372662
-5.34071  6.28319  5.02655  0.0608437  0.416681
-4.08407  6.28319  5.02655  0.071741  0.438726
-2.82743  6.28319  5.02655  0.083295  0.438754
-2.19911  6.28319  5.02655  0.0887172  0.420687
-1.5708  6.28319  5.02655  0.0933341  0.380747
-0.942478  6.28319  5.02655  0.096661  0.305314
-0.314159  6.28319  5.02655  0.0983685  0.157938
0.314159  6.28319  5.02655  0.0983685  -0.157938
0.942478  6.28319  5.02655  0.096661  -0.305315
1.5708  6.28319  5.02655  0.0933341  -0.380747
2.19911  6.28319  5.02655  0.0887172  -0.420687
2.82743  6.28319  5.02655  0.083295  -0.438754
4.08407  6.28319  5.02655  0.0717412  -0.438727
7.22566  6.28319  5.02655  0.0471964  -0.372662
14.7655  6.28319  5.02655  0.0190198  -0.235353
-16.6504  6.28319  5.65487  0.0220063  0.213546
-7.22566  6.28319  5.65487  0.0653129  0.373563
-5.34071  6.28319  5.65487  0.0828866  0.417415
-4.08407  6.28319  5.65487  0.0958032  0.438013
-2.82743  6.28319  5.65487  0.107907  0.433244
-2.19911  6.28319  5.65487  0.11288  0.410325
-1.5708  6.28319  5.65487  0.116737  0.363158
-0.942478  6.28319  5.65487  0.119325  0.281232
-0.314159  6.28319  5.65487  0.120615  0.192741
0.314159  6.28319  5.65487  0.120615  -0.192741
0.942478  6.28319  5.65487  0.119325  -0.281232
1.5708  6.28319  5.65487  0.116737  -0.363158
2.19911  6.28319  5.65487  0.11288  -0.410325
2.82743  6.28319  5.65487  0.107907  -0.433245
4.08407  6.28319  5.65487  0.0958034  -0.438013
7.22566  6.28319  5.65487  0.0653129  -0.373563
14.7655  6.28319  5.65487  0.0266204  -0.235489
-16.6504  6.28319  6.28319  0.0245041  0.213573
-7.22566  6.28319  6.28319  0.072472  0.373884
-5.34071  6.28319  6.28319  0.0914989  0.417642
-4.08407  6.28319  6.28319  0.105097  0.437676
-2.82743  6.28319  6.28319  0.117373  0.431474
-2.19911  6.28319  6.28319  0.122256  0.407887
-1.5708  6.28319  6.28319  0.125989  0.361494
-0.942478  6.28319  6.28319  0.128494  0.282191
-0.314159  6.28319  6.28319  0.129759  0.144403
0.314159  6.28319  6.28319  0.129759  -0.144403
0.942478  6.28319  6.28319  0.128494  -0.282191
1.5708  6.28319  6.28319  0.125989  -0.361494
2.19911  6.28319  6.28319  0.122256  -0.407887
2.82743  6.28319  6.28319  0.117373  -0.431475
4.08407  6.28319  6.28319  0.105097  -0.437676
7.22566  6.28319  6.28319  0.072472  -0.373884
14.7655  6.28319  6.28319  0.0296418  -0.235534
