-16.6504  0  0  0.0132786  0.0561992
-7.22566  0  0  0.0544297  0.104005
-5.34071  0  0  0.0822841  0.118865
-4.08407  0  0  0.111837  0.126368
-2.82743  0  0  0.154391  0.124785
-2.19911  0  0  0.180836  0.116212
-1.5708  0  0  0.20916  0.0986986
-0.942478  0  0  0.235575  0.0691605
-0.314159  0  0  0.253212  0.0263371
0.314159  0  0  0.253212  -0.0263372
0.942478  0  0  0.235575  -0.0691606
1.5708  0  0  0.20916  -0.0986986
2.19911  0  0  0.180836  -0.116212
2.82743  0  0  0.15439  -0.124785
4.08407  0  0  0.111837  -0.126368
7.22566  0  0  0.0544296  -0.104005
14.7655  0  0  0.0165478  -0.062334
-16.6504  0  0.628319  0.0121274  0.0567448
-7.22566  0  0.628319  0.0512372  0.108238
-5.34071  0  0.628319  0.0790867  0.126308
-4.08407  0  0.628319  0.109933  0.137347
-2.82743  0  0.628319  0.156879  0.140249
-2.19911  0  0.628319  0.187685  0.133462
-1.5708  0  0.628319  0.222198  0.1161
-0.942478  0  0.628319  0.255938  0.0833012
-0.314159  0  0.628319  0.279402  0.0323367
0.314159  0  0.628319  0.279402  -0.0323368
0.942478  0  0.628319  0.255938  -0.0833013
1.5708  0  0.628319  0.222198  -0.1161
2.19911  0  0.628319  0.187685  -0.133462
2.82743  0  0.628319  0.156879  -0.140249
4.08407  0  0.628319  0.109933  -0.137347
7.22566  0  0.628319  0.0512372  -0.108238
14.7655  0  0.628319  0.0151493  -0.0630893
-16.6504  0  1.25664  0.00896235  0.0579507
-7.22566  0  1.25664  0.0406221  0.118581
-5.34071  0  1.25664  0.0660965  0.145888
-4.08407  0  1.25664  0.0977046  0.168754
-2.82743  0  1.25664  0.154266  0.190842
-2.19911  0  1.25664  0.198405  0.195449
-1.5708  0  1.25664  0.256511  0.186062
-0.942478  0  1.25664  0.325001  0.147438
-0.314159  0  1.25664  0.38204  0.0620508
0.314159  0  1.25664  0.38204  -0.0620512
0.942478  0  1.25664  0.325001  -0.147438
1.5708  0  1.25664  0.256511  -0.186062
2.19911  0  1.25664  0.198404  -0.195449
2.82743  0  1.25664  0.154266  -0.190842
4.08407  0  1.25664  0.0977045  -0.168754
7.22566  0  1.25664  0.0406221  -0.118581
14.7655  0  1.25664  0.011255  -0.0647716
-16.6504  0  1.88496  0.00481225  0.0589441
-7.22566  0  1.88496  0.0232042  0.128308
-5.34071  0  1.88496  0.0397776  0.166332
-4.08407  0  1.88496  0.0629551  0.206079
-2.82743  0  1.88496  0.113694  0.266899
-2.19911  0  1.88496  0.164653  0.308255
-1.5708  0  1.88496  0.255289  0.352959
-0.942478  0  1.88496  0.423757  0.368772
-0.314159  0  1.88496  0.677023  0.215404
0.314159  0  1.88496  0.677022  -0.215406
0.942478  0  1.88496  0.423755  -0.368772
1.5708  0  1.88496  0.255288  -0.352959
2.19911  0  1.88496  0.164653  -0.308254
2.82743  0  1.88496  0.113694  -0.266899
4.08407  0  1.88496  0.062955  -0.206079
7.22566  0  1.88496  0.0232041  -0.128308
14.7655  0  1.88496  0.00606983  -0.0661709
-16.6504  0  2.51327  0.00133831  0.0593071
-7.22566  0  2.51327  0.00660756  0.132181
-5.34071  0  2.51327  0.0115728  0.17509
-4.08407  0  2.51327  0.0188829  0.223716
-2.82743  0  2.51327  0.0365529  0.310889
-2.19911  0  2.51327  0.0570283  0.387323
-1.5708  0  2.51327  0.102492  0.515508
-0.942478  0  2.51327  0.242141  0.771988
-0.314159  0  2.51327  1.11498  1.33299
0.314159  0  2.51327  1.11496  -1.33298
0.942478  0  2.51327  0.242139  -0.771985
1.5708  0  2.51327  0.102491  -0.515507
2.19911  0  2.51327  0.057028  -0.387322
2.82743  0  2.51327  0.0365528  -0.310888
4.08407  0  2.51327  0.0188829  -0.223715
7.22566  0  2.51327  0.00660756  -0.132181
14.7655  0  2.51327  0.00169078  -0.0666853
-16.6504  0  3.14159  -5.05913e-09  0.0593374
-7.22566  0  3.14159  -5.30224e-08  0.132514
-5.34071  0  3.14159  -1.88282e-08  0.175859
-4.08407  0  3.14159  -7.24849e-08  0.225311
-2.82743  0  3.14159  -1.90999e-07  0.31514
-2.19911  0  3.14159  -2.91356e-07  0.395554
-1.5708  0  3.14159  -5.22176e-07  0.535264
-0.942478  0  3.14159  -1.27893e-06  0.844845
-0.314159  0  3.14159  -8.73657e-06  2.22566
0.314159  0  3.14159  -8.55997e-06  -2.22563
0.942478  0  3.14159  -1.2096e-06  -0.844841
1.5708  0  3.14159  -4.74643e-07  -0.535262
2.19911  0  3.14159  -2.51043e-07  -0.395553
2.82743  0  3.14159  -1.5084e-07  -0.31514
4.08407  0  3.14159  -7.02488e-08  -0.22531
7.22566  0  3.14159  -2.79841e-08  -0.132514
14.7655  0  3.14159  -7.80651e-09  -0.0667283
-16.6504  0  3.76991  0.00133831  0.0593071
-7.22566  0  3.76991  0.00660756  0.132181
-5.34071  0  3.76991  0.0115728  0.17509
-4.08407  0  3.76991  0.0188829  0.223716
-2.82743  0  3.76991  0.0365529  0.310889
-2.19911  0  3.76991  0.0570283  0.387323
-1.5708  0  3.76991  0.102492  0.515508
-0.942478  0  3.76991  0.242141  0.771988
-0.314159  0  3.76991  1.11498  1.33299
0.314159  0  3.76991  1.11496  -1.33298
0.942478  0  3.76991  0.242139  -0.771985
1.5708  0  3.76991  0.102491  -0.515507
2.19911  0  3.76991  0.057028  -0.387322
2.82743  0  3.76991  0.0365528  -0.310888
4.08407  0  3.76991  0.0188829  -0.223715
7.22566  0  3.76991  0.00660756  -0.132181
14.7655  0  3.76991  0.00169078  -0.0666853
-16.6504  0  4.39823  0.00481225  0.0589441
-7.22566  0  4.39823  0.0232042  0.128308
-5.34071  0  4.39823  0.0397776  0.166332
-4.08407  0  4.39823  0.0629551  0.206079
-2.82743  0  4.39823  0.113694  0.266899
-2.19911  0  4.39823  0.164653  0.308255
-1.5708  0  4.39823  0.255289  0.352959
-0.942478  0  4.39823  0.423757  0.368772
-0.314159  0  4.39823  0.677023  0.215404
0.314159  0  4.39823  0.677022  -0.215406
0.942478  0  4.39823  0.423755  -0.368772
1.5708  0  4.39823  0.255288  -0.352959
2.19911  0  4.39823  0.164653  -0.308254
2.82743  0  4.39823  0.113694  -0.266899
4.08407  0  4.39823  0.062955  -0.206079
7.22566  0  4.39823  0.0232041  -0.128308
14.7655  0  4.39823  0.00606983  -0.0661709
-16.6504  0  5.02655  0.00896235  0.0579507
-7.22566  0  5.02655  0.0406221  0.118581
-5.34071  0  5.02655  0.0660965  0.145888
-4.08407  0  5.02655  0.0977046  0.168754
-2.82743  0  5.02655  0.154266  0.190842
-2.19911  0  5.02655  0.198405  0.195449
-1.5708  0  5.02655  0.256511  0.186062
-0.942478  0  5.02655  0.325001  0.147438
-0.314159  0  5.02655  0.38204  0.0620508
0.314159  0  5.02655  0.38204  -0.0620512
0.942478  0  5.02655  0.325001  -0.147438
1.5708  0  5.02655  0.256511  -0.186062
2.19911  0  5.02655  0.198404  -0.195449
2.82743  0  5.02655  0.154266  -0.190842
4.08407  0  5.02655  0.0977045  -0.168754
7.22566  0  5.02655  0.0406221  -0.118581
14.7655  0  5.02655  0.011255  -0.0647716
-16.6504  0  5.65487  0.0121274  0.0567448
-7.22566  0  5.65487  0.0512372  0.108238
-5.34071  0  5.65487  0.0790867  0.126308
-4.08407  0  5.65487  0.109933  0.137347
-2.82743  0  5.65487  0.156879  0.140249
-2.19911  0  5.65487  0.187685  0.133462
-1.5708  0  5.65487  0.222198  0.1161
-0.942478  0  5.65487  0.255938  0.0833012
-0.314159  0  5.65487  0.279402  0.0323367
0.314159  0  5.65487  0.279402  -0.0323368
0.942478  0  5.65487  0.255938  -0.0833013
1.5708  0  5.65487  0.222198  -0.1161
2.19911  0  5.65487  0.187685  -0.133462
2.82743  0  5.65487  0.156879  -0.140249
4.08407  0  5.65487  0.109933  -0.137347
7.22566  0  5.65487  0.0512372  -0.108238
14.7655  0  5.65487  0.0151493  -0.0630893
-16.6504  0  6.28319  0.0132786  0.0561992
-7.22566  0  6.28319  0.0544297  0.104005
-5.34071  0  6.28319  0.0822841  0.118865
-4.08407  0  6.28319  0.111837  0.126368
-2.82743  0  6.28319  0.154391  0.124785
-2.19911  0  6.28319  0.180836  0.116212
-1.5708  0  6.28319  0.20916  0.0986986
-0.942478  0  6.28319  0.235575  0.0691605
-0.314159  0  6.28319  0.253212  0.0263371
0.314159  0  6.28319  0.253212  -0.0263372
0.942478  0  6.28319  0.235575  -0.0691606
1.5708  0  6.28319  0.20916  -0.0986986
2.19911  0  6.28319  0.180836  -0.116212
2.82743  0  6.28319  0.15439  -0.124785
4.08407  0  6.28319  0.111837  -0.126368
7.22566  0  6.28319  0.0544296  -0.104005
14.7655  0  6.28319  0.0165478  -0.062334
-16.6504  0.628319  0  0.0121274  0.0567448
-7.22566  0.628319  0  0.0512372  0.108238
-5.34071  0.628319  0  0.0790867  0.126308
-4.08407  0.628319  0  0.109933  0.137347
-2.82743  0.628319  0  0.156879  0.140249
-2.19911  0.628319  0  0.187685  0.133462
-1.5708  0.628319  0  0.222198  0.1161
-0.942478  0.628319  0  0.255938  0.0833012
-0.314159  0.628319  0  0.279402  0.0323367
0.314159  0.628319  0  0.279402  -0.0323368
0.942478  0.628319  0  0.255938  -0.0833013
1.5708  0.628319  0  0.222198  -0.1161
2.19911  0.628319  0  0.187685  -0.133462
2.82743  0.628319  0  0.156879  -0.140249
4.08407  0.628319  0  0.109933  -0.137347
7.22566  0.628319  0  0.0512372  -0.108238
14.7655  0.628319  0  0.0151493  -0.0630893
-16.6504  0.628319  0.628319  0.0109428  0.0572449
-7.22566  0.628319  0.628319  0.0475706  0.112352
-5.34071  0.628319  0.628319  0.0749593  0.13385
-4.08407  0.628319  0.628319  0.10665  0.148991
-2.82743  0.628319  0.628319  0.157835  0.157828
-2.19911  0.628319  0.628319  0.193535  0.15399
-1.5708  0.628319  0.628319  0.235719  0.137909
-0.942478  0.628319  0.628319  0.279436  0.101979
-0.314159  0.628319  0.628319  0.31152  0.0404859
0.314159  0.628319  0.628319  0.31152  -0.0404862
0.942478  0.628319  0.628319  0.279436  -0.101979
1.5708  0.628319  0.628319  0.235719  -0.137909
2.19911  0.628319  0.628319  0.193535  -0.15399
2.82743  0.628319  0.628319  0.157835  -0.157828
4.08407  0.628319  0.628319  0.10665  -0.148991
7.22566  0.628319  0.628319  0.0475706  -0.112352
14.7655  0.628319  0.628319  0.0136995  -0.0637848
-16.6504  0.628319  1.25664  0.00770344  0.0583192
-7.22566  0.628319  1.25664  0.0357098  0.12205
-5.34071  0.628319  1.25664  0.0591785  0.152936
-4.08407  0.628319  1.25664  0.0895259  0.181056
-2.82743  0.628319  1.25664  0.147512  0.213708
-2.19911  0.628319  1.25664  0.196385  0.2266
-1.5708  0.628319  1.25664  0.266209  0.226267
-0.942478  0.628319  1.25664  0.357749  0.190396
-0.314159  0.628319  1.25664  0.443064  0.0850741
0.314159  0.628319  1.25664  0.443063  -0.0850748
0.942478  0.628319  1.25664  0.357749  -0.190397
1.5708  0.628319  1.25664  0.266208  -0.226267
2.19911  0.628319  1.25664  0.196385  -0.2266
2.82743  0.628319  1.25664  0.147512  -0.213708
4.08407  0.628319  1.25664  0.0895258  -0.181056
7.22566  0.628319  1.25664  0.0357098  -0.12205
14.7655  0.628319  1.25664  0.00968973  -0.0652892
-16.6504  0.628319  1.88496  0.00349316  0.0591306
-7.22566  0.628319  1.88496  0.0170475  0.130273
-5.34071  0.628319  1.88496  0.0295444  0.170731
-4.08407  0.628319  1.88496  0.0474875  0.214817
-2.82743  0.628319  1.88496  0.0887826  0.287992
-2.19911  0.628319  1.88496  0.133282  0.344754
-1.5708  0.628319  1.88496  0.220976  0.42208
-0.942478  0.628319  1.88496  0.420717  0.505943
-0.314159  0.628319  1.88496  0.862975  0.380157
0.314159  0.628319  1.88496  0.862972  -0.38016
0.942478  0.628319  1.88496  0.420715  -0.505943
1.5708  0.628319  1.88496  0.220975  -0.422079
2.19911  0.628319  1.88496  0.133281  -0.344754
2.82743  0.628319  1.88496  0.0887824  -0.287991
4.08407  0.628319  1.88496  0.0474873  -0.214817
7.22566  0.628319  1.88496  0.0170474  -0.130273
14.7655  0.628319  1.88496  0.00440965  -0.0664349
-16.6504  0.628319  2.51327  -5.036e-09  0.0593372
-7.22566  0.628319  2.51327  -5.34084e-08  0.132509
-5.34071  0.628319  2.51327  -1.86772e-08  0.175852
-4.08407  0.628319  2.51327  -7.22302e-08  0.22531
-2.82743  0.628319  2.51327  -1.91161e-07  0.315234
-2.19911  0.628319  2.51327  -2.91776e-07  0.395875
-1.5708  0.628319  2.51327  -5.24361e-07  0.536425
-0.942478  0.628319  2.51327  -1.29526e-06  0.850215
-0.314159  0.628319  2.51327  -9.18634e-06  2.28207
0.314159  0.628319  2.51327  -9.00742e-06  -2.28203
0.942478  0.628319  2.51327  -1.22734e-06  -0.85021
1.5708  0.628319  2.51327  -4.78409e-07  -0.536423
2.19911  0.628319  2.51327  -2.53218e-07  -0.395874
2.82743  0.628319  2.51327  -1.53157e-07  -0.315233
4.08407  0.628319  2.51327  -6.99116e-08  -0.22531
7.22566  0.628319  2.51327  -2.79252e-08  -0.132509
14.7655  0.628319  2.51327  -7.83493e-09  -0.066728
-16.6504  0.628319  3.14159  -0.00133832  0.0593071
-7.22566  0.628319  3.14159  -0.00660766  0.132181
-5.34071  0.628319  3.14159  -0.0115728  0.17509
-4.08407  0.628319  3.14159  -0.0188831  0.223716
-2.82743  0.628319  3.14159  -0.0365533  0.310889
-2.19911  0.628319  3.14159  -0.0570289  0.387323
-1.5708  0.628319  3.14159  -0.102493  0.515508
-0.942478  0.628319  3.14159  -0.242143  0.771987
-0.314159  0.628319  3.14159  -1.11498  1.33298
0.314159  0.628319  3.14159  -1.11496  -1.33297
0.942478  0.628319  3.14159  -0.242141  -0.771984
1.5708  0.628319  3.14159  -0.102492  -0.515506
2.19911  0.628319  3.14159  -0.0570285  -0.387322
2.82743  0.628319  3.14159  -0.036553  -0.310888
4.08407  0.628319  3.14159  -0.018883  -0.223715
7.22566  0.628319  3.14159  -0.00660762  -0.132181
14.7655  0.628319  3.14159  -0.00169079  -0.0666853
-16.6504  0.628319  3.76991  -5.036e-09  0.0593372
-7.22566  0.628319  3.76991  -5.34084e-08  0.132509
-5.34071  0.628319  3.76991  -1.86772e-08  0.175852
-4.08407  0.628319  3.76991  -7.22302e-08  0.22531
-2.82743  0.628319  3.76991  -1.91161e-07  0.315234
-2.19911  0.628319  3.76991  -2.91776e-07  0.395875
-1.5708  0.628319  3.76991  -5.24361e-07  0.536425
-0.942478  0.628319  3.76991  -1.29526e-06  0.850215
-0.314159  0.628319  3.76991  -9.18634e-06  2.28207
0.314159  0.628319  3.76991  -9.00742e-06  -2.28203
0.942478  0.628319  3.76991  -1.22734e-06  -0.85021
1.5708  0.628319  3.76991  -4.78409e-07  -0.536423
2.19911  0.628319  3.76991  -2.53218e-07  -0.395874
2.82743  0.628319  3.76991  -1.53157e-07  -0.315233
4.08407  0.628319  3.76991  -6.99116e-08  -0.22531
7.22566  0.628319  3.76991  -2.79252e-08  -0.132509
14.7655  0.628319  3.76991  -7.83493e-09  -0.066728
-16.6504  0.628319  4.39823  0.00349316  0.0591306
-7.22566  0.628319  4.39823  0.0170475  0.130273
-5.34071  0.628319  4.39823  0.0295444  0.170731
-4.08407  0.628319  4.39823  0.0474875  0.214817
-2.82743  0.628319  4.39823  0.0887826  0.287992
-2.19911  0.628319  4.39823  0.133282  0.344754
-1.5708  0.628319  4.39823  0.220976  0.42208
-0.942478  0.628319  4.39823  0.420717  0.505943
-0.314159  0.628319  4.39823  0.862975  0.380157
0.314159  0.628319  4.39823  0.862972  -0.38016
0.942478  0.628319  4.39823  0.420715  -0.505943
1.5708  0.628319  4.39823  0.220975  -0.422079
2.19911  0.628319  4.39823  0.133281  -0.344754
2.82743  0.628319  4.39823  0.0887824  -0.287991
4.08407  0.628319  4.39823  0.0474873  -0.214817
7.22566  0.628319  4.39823  0.0170474  -0.130273
14.7655  0.628319  4.39823  0.00440965  -0.0664349
-16.6504  0.628319  5.02655  0.00770344  0.0583192
-7.22566  0.628319  5.02655  0.0357098  0.12205
-5.34071  0.628319  5.02655  0.0591785  0.152936
-4.08407  0.628319  5.02655  0.0895259  0.181056
-2.82743  0.628319  5.02655  0.147512  0.213708
-2.19911  0.628319  5.02655  0.196385  0.2266
-1.5708  0.628319  5.02655  0.266209  0.226267
-0.942478  0.628319  5.02655  0.357749  0.190396
-0.314159  0.628319  5.02655  0.443064  0.0850741
0.314159  0.628319  5.02655  0.443063  -0.0850748
0.942478  0.628319  5.02655  0.357749  -0.190397
1.5708  0.628319  5.02655  0.266208  -0.226267
2.19911  0.628319  5.02655  0.196385  -0.2266
2.82743  0.628319  5.02655  0.147512  -0.213708
4.08407  0.628319  5.02655  0.0895258  -0.181056
7.22566  0.628319  5.02655  0.0357098  -0.12205
14.7655  0.628319  5.02655  0.00968973  -0.0652892
-16.6504  0.628319  5.65487  0.0109428  0.0572449
-7.22566  0.628319  5.65487  0.0475706  0.112352
-5.34071  0.628319  5.65487  0.0749593  0.13385
-4.08407  0.628319  5.65487  0.10665  0.148991
-2.82743  0.628319  5.65487  0.157835  0.157828
-2.19911  0.628319  5.65487  0.193535  0.15399
-1.5708  0.628319  5.65487  0.235719  0.137909
-0.942478  0.628319  5.65487  0.279436  0.101979
-0.314159  0.628319  5.65487  0.31152  0.0404859
0.314159  0.628319  5.65487  0.31152  -0.0404862
0.942478  0.628319  5.65487  0.279436  -0.101979
1.5708  0.628319  5.65487  0.235719  -0.137909
2.19911  0.628319  5.65487  0.193535  -0.15399
2.82743  0.628319  5.65487  0.157835  -0.157828
4.08407  0.628319  5.65487  0.10665  -0.148991
7.22566  0.628319  5.65487  0.0475706  -0.112352
14.7655  0.628319  5.65487  0.0136995  -0.0637848
-16.6504  0.628319  6.28319  0.0121274  0.0567448
-7.22566  0.628319  6.28319  0.0512372  0.108238
-5.34071  0.628319  6.28319  0.0790867  0.126308
-4.08407  0.628319  6.28319  0.109933  0.137347
-2.82743  0.628319  6.28319  0.156879  0.140249
-2.19911  0.628319  6.28319  0.187685  0.133462
-1.5708  0.628319  6.28319  0.222198  0.1161
-0.942478  0.628319  6.28319  0.255938  0.0833012
-0.314159  0.628319  6.28319  0.279402  0.0323367
0.314159  0.628319  6.28319  0.279402  -0.0323368
0.942478  0.628319  6.28319  0.255938  -0.0833013
1.5708  0.628319  6.28319  0.222198  -0.1161
2.19911  0.628319  6.28319  0.187685  -0.133462
2.82743  0.628319  6.28319  0.156879  -0.140249
4.08407  0.628319  6.28319  0.109933  -0.137347
7.22566  0.628319  6.28319  0.0512372  -0.108238
14.7655  0.628319  6.28319  0.0151493  -0.0630893
-16.6504  1.25664  0  0.00896235  0.0579507
-7.22566  1.25664  0  0.0406221  0.118581
-5.34071  1.25664  0  0.0660965  0.145888
-4.08407  1.25664  0  0.0977046  0.168754
-2.82743  1.25664  0  0.154266  0.190842
-2.19911  1.25664  0  0.198405  0.195449
-1.5708  1.25664  0  0.256511  0.186062
-0.942478  1.25664  0  0.325001  0.147438
-0.314159  1.25664  0  0.38204  0.0620508
0.314159  1.25664  0  0.38204  -0.0620512
0.942478  1.25664  0  0.325001  -0.147438
1.5708  1.25664  0  0.256511  -0.186062
2.19911  1.25664  0  0.198404  -0.195449
2.82743  1.25664  0  0.154266  -0.190842
4.08407  1.25664  0  0.0977045  -0.168754
7.22566  1.25664  0  0.0406221  -0.118581
14.7655  1.25664  0  0.011255  -0.0647716
-16.6504  1.25664  0.628319  0.00770344  0.0583192
-7.22566  1.25664  0.628319  0.0357098  0.12205
-5.34071  1.25664  0.628319  0.0591785  0.152936
-4.08407  1.25664  0.628319  0.0895259  0.181056
-2.82743  1.25664  0.628319  0.147512  0.213708
-2.19911  1.25664  0.628319  0.196385  0.2266
-1.5708  1.25664  0.628319  0.266209  0.226267
-0.942478  1.25664  0.628319  0.357749  0.190396
-0.314159  1.25664  0.628319  0.443064  0.0850741
0.314159  1.25664  0.628319  0.443063  -0.0850748
0.942478  1.25664  0.628319  0.357749  -0.190397
1.5708  1.25664  0.628319  0.266208  -0.226267
2.19911  1.25664  0.628319  0.196385  -0.2266
2.82743  1.25664  0.628319  0.147512  -0.213708
4.08407  1.25664  0.628319  0.0895258  -0.181056
7.22566  1.25664  0.628319  0.0357098  -0.12205
14.7655  1.25664  0.628319  0.00968973  -0.0652892
-16.6504  1.25664  1.25664  0.0043097  0.0590221
-7.22566  1.25664  1.25664  0.0208836  0.129122
-5.34071  1.25664  1.25664  0.0359646  0.168146
-4.08407  1.25664  1.25664  0.0572992  0.209665
-2.82743  1.25664  1.25664  0.10504  0.275432
-2.19911  1.25664  1.25664  0.154461  0.322727
-1.5708  1.25664  1.25664  0.246087  0.379147
-0.942478  1.25664  1.25664  0.429537  0.415544
-0.314159  1.25664  1.25664  0.740453  0.260881
0.314159  1.25664  1.25664  0.740451  -0.260883
0.942478  1.25664  1.25664  0.429535  -0.415544
1.5708  1.25664  1.25664  0.246086  -0.379147
2.19911  1.25664  1.25664  0.15446  -0.322727
2.82743  1.25664  1.25664  0.10504  -0.275432
4.08407  1.25664  1.25664  0.0572991  -0.209665
7.22566  1.25664  1.25664  0.0208836  -0.129122
14.7655  1.25664  1.25664  0.00543776  -0.0662812
-16.6504  1.25664  1.88496  -4.99299e-09  0.0593369
-7.22566  1.25664  1.88496  -5.41631e-08  0.132502
-5.34071  1.25664  1.88496  -1.831e-08  0.175842
-4.08407  1.25664  1.88496  -7.16367e-08  0.225322
-2.82743  1.25664  1.88496  -1.91291e-07  0.315434
-2.19911  1.25664  1.88496  -2.9226e-07  0.396477
-1.5708  1.25664  1.88496  -5.27382e-07  0.5383
-0.942478  1.25664  1.88496  -1.31498e-06  0.85703
-0.314159  1.25664  1.88496  -9.54701e-06  2.32681
0.314159  1.25664  1.88496  -9.37349e-06  -2.32677
0.942478  1.25664  1.88496  -1.24992e-06  -0.857025
1.5708  1.25664  1.88496  -4.8393e-07  -0.538298
2.19911  1.25664  1.88496  -2.5644e-07  -0.396476
2.82743  1.25664  1.88496  -1.57133e-07  -0.315433
4.08407  1.25664  1.88496  -6.98642e-08  -0.225322
7.22566  1.25664  1.88496  -2.7879e-08  -0.132501
14.7655  1.25664  1.88496  -7.8622e-09  -0.0667274
-16.6504  1.25664  2.51327  -0.00349317  0.0591306
-7.22566  1.25664  2.51327  -0.0170476  0.130273
-5.34071  1.25664  2.51327  -0.0295444  0.170731
-4.08407  1.25664  2.51327  -0.0474876  0.214817
-2.82743  1.25664  2.51327  -0.088783  0.287991
-2.19911  1.25664  2.51327  -0.133282  0.344754
-1.5708  1.25664  2.51327  -0.220977  0.422079
-0.942478  1.25664  2.51327  -0.420718  0.505942
-0.314159  1.25664  2.51327  -0.862974  0.380154
0.314159  1.25664  2.51327  -0.862969  -0.380159
0.942478  1.25664  2.51327  -0.420715  -0.505941
1.5708  1.25664  2.51327  -0.220975  -0.422078
2.19911  1.25664  2.51327  -0.133282  -0.344753
2.82743  1.25664  2.51327  -0.0887825  -0.287991
4.08407  1.25664  2.51327  -0.0474874  -0.214817
7.22566  1.25664  2.51327  -0.0170475  -0.130273
14.7655  1.25664  2.51327  -0.00440967  -0.0664349
-16.6504  1.25664  3.14159  -0.00481226  0.0589442
-7.22566  1.25664  3.14159  -0.0232043  0.128308
-5.34071  1.25664  3.14159  -0.0397776  0.166332
-4.08407  1.25664  3.14159  -0.0629553  0.206079
-2.82743  1.25664  3.14159  -0.113695  0.266899
-2.19911  1.25664  3.14159  -0.164654  0.308254
-1.5708  1.25664  3.14159  -0.255289  0.352958
-0.942478  1.25664  3.14159  -0.423757  0.368771
-0.314159  1.25664  3.14159  -0.677023  0.215403
0.314159  1.25664  3.14159  -0.67702  -0.215406
0.942478  1.25664  3.14159  -0.423754  -0.368771
1.5708  1.25664  3.14159  -0.255288  -0.352958
2.19911  1.25664  3.14159  -0.164653  -0.308254
2.82743  1.25664  3.14159  -0.113694  -0.266899
4.08407  1.25664  3.14159  -0.062955  -0.206079
7.22566  1.25664  3.14159  -0.0232042  -0.128308
14.7655  1.25664  3.14159  -0.00606985  -0.0661709
-16.6504  1.25664  3.76991  -0.00349317  0.0591306
-7.22566  1.25664  3.76991  -0.0170476  0.130273
-5.34071  1.25664  3.76991  -0.0295444  0.170731
-4.08407  1.25664  3.76991  -0.0474876  0.214817
-2.82743  1.25664  3.76991  -0.088783  0.287991
-2.19911  1.25664  3.76991  -0.133282  0.344754
-1.5708  1.25664  3.76991  -0.220977  0.422079
-0.942478  1.25664  3.76991  -0.420718  0.505942
-0.314159  1.25664  3.76991  -0.862974  0.380154
0.314159  1.25664  3.76991  -0.862969  -0.380159
0.942478  1.25664  3.76991  -0.420715  -0.505941
1.5708  1.25664  3.76991  -0.220975  -0.422078
2.19911  1.25664  3.76991  -0.133282  -0.344753
2.82743  1.25664  3.76991  -0.0887825  -0.287991
4.08407  1.25664  3.76991  -0.0474874  -0.214817
7.22566  1.25664  3.76991  -0.0170475  -0.130273
14.7655  1.25664  3.76991  -0.00440967  -0.0664349
-16.6504  1.25664  4.39823  -4.99299e-09  0.0593369
-7.22566  1.25664  4.39823  -5.41631e-08  0.132502
-5.34071  1.25664  4.39823  -1.831e-08  0.175842
-4.08407  1.25664  4.39823  -7.16367e-08  0.225322
-2.82743  1.25664  4.39823  -1.91291e-07  0.315434
-2.19911  1.25664  4.39823  -2.9226e-07  0.396477
-1.5708  1.25664  4.39823  -5.27382e-07  0.5383
-0.942478  1.25664  4.39823  -1.31498e-06  0.85703
-0.314159  1.25664  4.39823  -9.54701e-06  2.32681
0.314159  1.25664  4.39823  -9.37349e-06  -2.32677
0.942478  1.25664  4.39823  -1.24992e-06  -0.857025
1.5708  1.25664  4.39823  -4.8393e-07  -0.538298
2.19911  1.25664  4.39823  -2.5644e-07  -0.396476
2.82743  1.25664  4.39823  -1.57133e-07  -0.315433
4.08407  1.25664  4.39823  -6.98642e-08  -0.225322
7.22566  1.25664  4.39823  -2.7879e-08  -0.132501
14.7655  1.25664  4.39823  -7.8622e-09  -0.0667274
-16.6504  1.25664  5.02655  0.0043097  0.0590221
-7.22566  1.25664  5.02655  0.0208836  0.129122
-5.34071  1.25664  5.02655  0.0359646  0.168146
-4.08407  1.25664  5.02655  0.0572992  0.209665
-2.82743  1.25664  5.02655  0.10504  0.275432
-2.19911  1.25664  5.02655  0.154461  0.322727
-1.5708  1.25664  5.02655  0.246087  0.379147
-0.942478  1.25664  5.02655  0.429537  0.415544
-0.314159  1.25664  5.02655  0.740453  0.260881
0.314159  1.25664  5.02655  0.740451  -0.260883
0.942478  1.25664  5.02655  0.429535  -0.415544
1.5708  1.25664  5.02655  0.246086  -0.379147
2.19911  1.25664  5.02655  0.15446  -0.322727
2.82743  1.25664  5.02655  0.10504  -0.275432
4.08407  1.25664  5.02655  0.0572991  -0.209665
7.22566  1.25664  5.02655  0.0208836  -0.129122
14.7655  1.25664  5.02655  0.00543776  -0.0662812
-16.6504  1.25664  5.65487  0.00770344  0.0583192
-7.22566  1.25664  5.65487  0.0357098  0.12205
-5.34071  1.25664  5.65487  0.0591785  0.152936
-4.08407  1.25664  5.65487  0.0895259  0.181056
-2.82743  1.25664  5.65487  0.147512  0.213708
-2.19911  1.25664  5.65487  0.196385  0.2266
-1.5708  1.25664  5.65487  0.266209  0.226267
-0.942478  1.25664  5.65487  0.357749  0.190396
-0.314159  1.25664  5.65487  0.443064  0.0850741
0.314159  1.25664  5.65487  0.443063  -0.0850748
0.942478  1.25664  5.65487  0.357749  -0.190397
1.5708  1.25664  5.65487  0.266208  -0.226267
2.19911  1.25664  5.65487  0.196385  -0.2266
2.82743  1.25664  5.65487  0.147512  -0.213708
4.08407  1.25664  5.65487  0.0895258  -0.181056
7.22566  1.25664  5.65487  0.0357098  -0.12205
14.7655  1.25664  5.65487  0.00968973  -0.0652892
-16.6504  1.25664  6.28319  0.00896235  0.0579507
-7.22566  1.25664  6.28319  0.0406221  0.118581
-5.34071  1.25664  6.28319  0.0660965  0.145888
-4.08407  1.25664  6.28319  0.0977046  0.168754
-2.82743  1.25664  6.28319  0.154266  0.190842
-2.19911  1.25664  6.28319  0.198405  0.195449
-1.5708  1.25664  6.28319  0.256511  0.186062
-0.942478  1.25664  6.28319  0.325001  0.147438
-0.314159  1.25664  6.28319  0.38204  0.0620508
0.314159  1.25664  6.28319  0.38204  -0.0620512
0.942478  1.25664  6.28319  0.325001  -0.147438
1.5708  1.25664  6.28319  0.256511  -0.186062
2.19911  1.25664  6.28319  0.198404  -0.195449
2.82743  1.25664  6.28319  0.154266  -0.190842
4.08407  1.25664  6.28319  0.0977045  -0.168754
7.22566  1.25664  6.28319  0.0406221  -0.118581
14.7655  1.25664  6.28319  0.011255  -0.0647716
-16.6504  1.88496  0  0.00481225  0.0589441
-7.22566  1.88496  0  0.0232042  0.128308
-5.34071  1.88496  0  0.0397776  0.166332
-4.08407  1.88496  0  0.0629551  0.206079
-2.82743  1.88496  0  0.113694  0.266899
-2.19911  1.88496  0  0.164653  0.308255
-1.5708  1.88496  0  0.255289  0.352959
-0.942478  1.88496  0  0.423757  0.368772
-0.314159  1.88496  0  0.677023  0.215404
0.314159  1.88496  0  0.677022  -0.215406
0.942478  1.88496  0  0.423755  -0.368772
1.5708  1.88496  0  0.255288  -0.352959
2.19911  1.88496  0  0.164653  -0.308254
2.82743  1.88496  0  0.113694  -0.266899
4.08407  1.88496  0  0.062955  -0.206079
7.22566  1.88496  0  0.0232041  -0.128308
14.7655  1.88496  0  0.00606983  -0.0661709
-16.6504  1.88496  0.628319  0.00349316  0.0591306
-7.22566  1.88496  0.628319  0.0170475  0.130273
-5.34071  1.88496  0.628319  0.0295444  0.170731
-4.08407  1.88496  0.628319  0.0474875  0.214817
-2.82743  1.88496  0.628319  0.0887826  0.287992
-2.19911  1.88496  0.628319  0.133282  0.344754
-1.5708  1.88496  0.628319  0.220976  0.42208
-0.942478  1.88496  0.628319  0.420717  0.505943
-0.314159  1.88496  0.628319  0.862975  0.380157
0.314159  1.88496  0.628319  0.862972  -0.38016
0.942478  1.88496  0.628319  0.420715  -0.505943
1.5708  1.88496  0.628319  0.220975  -0.422079
2.19911  1.88496  0.628319  0.133281  -0.344754
2.82743  1.88496  0.628319  0.0887824  -0.287991
4.08407  1.88496  0.628319  0.0474873  -0.214817
7.22566  1.88496  0.628319  0.0170474  -0.130273
14.7655  1.88496  0.628319  0.00440965  -0.0664349
-16.6504  1.88496  1.25664  -4.99299e-09  0.0593369
-7.22566  1.88496  1.25664  -5.41631e-08  0.132502
-5.34071  1.88496  1.25664  -1.831e-08  0.175842
-4.08407  1.88496  1.25664  -7.16367e-08  0.225322
-2.82743  1.88496  1.25664  -1.91291e-07  0.315434
-2.19911  1.88496  1.25664  -2.9226e-07  0.396477
-1.5708  1.88496  1.25664  -5.27382e-07  0.5383
-0.942478  1.88496  1.25664  -1.31498e-06  0.85703
-0.314159  1.88496  1.25664  -9.54701e-06  2.32681
0.314159  1.88496  1.25664  -9.37349e-06  -2.32677
0.942478  1.88496  1.25664  -1.24992e-06  -0.857025
1.5708  1.88496  1.25664  -4.8393e-07  -0.538298
2.19911  1.88496  1.25664  -2.5644e-07  -0.396476
2.82743  1.88496  1.25664  -1.57133e-07  -0.315433
4.08407  1.88496  1.25664  -6.98642e-08  -0.225322
7.22566  1.88496  1.25664  -2.7879e-08  -0.132501
14.7655  1.88496  1.25664  -7.8622e-09  -0.0667274
-16.6504  1.88496  1.88496  -0.00430971  0.0590221
-7.22566  1.88496  1.88496  -0.0208837  0.129122
-5.34071  1.88496  1.88496  -0.0359646  0.168146
-4.08407  1.88496  1.88496  -0.0572994  0.209665
-2.82743  1.88496  1.88496  -0.105041  0.275432
-2.19911  1.88496  1.88496  -0.154461  0.322727
-1.5708  1.88496  1.88496  -0.246088  0.379147
-0.942478  1.88496  1.88496  -0.429537  0.415543
-0.314159  1.88496  1.88496  -0.740452  0.260879
0.314159  1.88496  1.88496  -0.740448  -0.260883
0.942478  1.88496  1.88496  -0.429534  -0.415543
1.5708  1.88496  1.88496  -0.246086  -0.379146
2.19911  1.88496  1.88496  -0.15446  -0.322726
2.82743  1.88496  1.88496  -0.10504  -0.275432
4.08407  1.88496  1.88496  -0.0572992  -0.209665
7.22566  1.88496  1.88496  -0.0208836  -0.129121
14.7655  1.88496  1.88496  -0.00543777  -0.0662812
-16.6504  1.88496  2.51327  -0.00770346  0.0583192
-7.22566  1.88496  2.51327  -0.0357099  0.12205
-5.34071  1.88496  2.51327  -0.0591786  0.152936
-4.08407  1.88496  2.51327  -0.0895261  0.181056
-2.82743  1.88496  2.51327  -0.147512  0.213707
-2.19911  1.88496  2.51327  -0.196385  0.226599
-1.5708  1.88496  2.51327  -0.266209  0.226267
-0.942478  1.88496  2.51327  -0.357749  0.190396
-0.314159  1.88496  2.51327  -0.443063  0.0850733
0.314159  1.88496  2.51327  -0.443062  -0.0850751
0.942478  1.88496  2.51327  -0.357748  -0.190396
1.5708  1.88496  2.51327  -0.266208  -0.226267
2.19911  1.88496  2.51327  -0.196384  -0.226599
2.82743  1.88496  2.51327  -0.147512  -0.213707
4.08407  1.88496  2.51327  -0.0895257  -0.181056
7.22566  1.88496  2.51327  -0.0357098  -0.122049
14.7655  1.88496  2.51327  -0.00968974  -0.0652892
-16.6504  1.88496  3.14159  -0.00896237  0.0579507
-7.22566  1.88496  3.14159  -0.0406222  0.118581
-5.34071  1.88496  3.14159  -0.0660966  0.145888
-4.08407  1.88496  3.14159  -0.0977047  0.168754
-2.82743  1.88496  3.14159  -0.154266  0.190842
-2.19911  1.88496  3.14159  -0.198405  0.195448
-1.5708  1.88496  3.14159  -0.256512  0.186061
-0.942478  1.88496  3.14159  -0.325001  0.147437
-0.314159  1.88496  3.14159  -0.382039  0.0620501
0.314159  1.88496  3.14159  -0.382039  -0.0620515
0.942478  1.88496  3.14159  -0.325  -0.147438
1.5708  1.88496  3.14159  -0.256511  -0.186062
2.19911  1.88496  3.14159  -0.198404  -0.195448
2.82743  1.88496  3.14159  -0.154265  -0.190842
4.08407  1.88496  3.14159  -0.0977044  -0.168754
7.22566  1.88496  3.14159  -0.0406221  -0.118581
14.7655  1.88496  3.14159  -0.011255  -0.0647716
-16.6504  1.88496  3.76991  -0.00770346  0.0583192
-7.22566  1.88496  3.76991  -0.0357099  0.12205
-5.34071  1.88496  3.76991  -0.0591786  0.152936
-4.08407  1.88496  3.76991  -0.0895261  0.181056
-2.82743  1.88496  3.76991  -0.147512  0.213707
-2.19911  1.88496  3.76991  -0.196385  0.226599
-1.5708  1.88496  3.76991  -0.266209  0.226267
-0.942478  1.88496  3.76991  -0.357749  0.190396
-0.314159  1.88496  3.76991  -0.443063  0.0850733
0.314159  1.88496  3.76991  -0.443062  -0.0850751
0.942478  1.88496  3.76991  -0.357748  -0.190396
1.5708  1.88496  3.76991  -0.266208  -0.226267
2.19911  1.88496  3.76991  -0.196384  -0.226599
2.82743  1.88496  3.76991  -0.147512  -0.213707
4.08407  1.88496  3.76991  -0.0895257  -0.181056
7.22566  1.88496  3.76991  -0.0357098  -0.122049
14.7655  1.88496  3.76991  -0.00968974  -0.0652892
-16.6504  1.88496  4.39823  -0.00430971  0.0590221
-7.22566  1.88496  4.39823  -0.0208837  0.129122
-5.34071  1.88496  4.39823  -0.0359646  0.168146
-4.08407  1.88496  4.39823  -0.0572994  0.209665
-2.82743  1.88496  4.39823  -0.105041  0.275432
-2.19911  1.88496  4.39823  -0.154461  0.322727
-1.5708  1.88496  4.39823  -0.246088  0.379147
-0.942478  1.88496  4.39823  -0.429537  0.415543
-0.314159  1.88496  4.39823  -0.740452  0.260879
0.314159  1.88496  4.39823  -0.740448  -0.260883
0.942478  1.88496  4.39823  -0.429534  -0.415543
1.5708  1.88496  4.39823  -0.246086  -0.379146
2.19911  1.88496  4.39823  -0.15446  -0.322726
2.82743  1.88496  4.39823  -0.10504  -0.275432
4.08407  1.88496  4.39823  -0.0572992  -0.209665
7.22566  1.88496  4.39823  -0.0208836  -0.129121
14.7655  1.88496  4.39823  -0.00543777  -0.0662812
-16.6504  1.88496  5.02655  -4.99299e-09  0.0593369
-7.22566  1.88496  5.02655  -5.41631e-08  0.132502
-5.34071  1.88496  5.02655  -1.831e-08  0.175842
-4.08407  1.88496  5.02655  -7.16367e-08  0.225322
-2.82743  1.88496  5.02655  -1.91291e-07  0.315434
-2.19911  1.88496  5.02655  -2.9226e-07  0.396477
-1.5708  1.88496  5.02655  -5.27382e-07  0.5383
-0.942478  1.88496  5.02655  -1.31498e-06  0.85703
-0.314159  1.88496  5.02655  -9.54701e-06  2.32681
0.314159  1.88496  5.02655  -9.37349e-06  -2.32677
0.942478  1.88496  5.02655  -1.24992e-06  -0.857025
1.5708  1.88496  5.02655  -4.8393e-07  -0.538298
2.19911  1.88496  5.02655  -2.5644e-07  -0.396476
2.82743  1.88496  5.02655  -1.57133e-07  -0.315433
4.08407  1.88496  5.02655  -6.98642e-08  -0.225322
7.22566  1.88496  5.02655  -2.7879e-08  -0.132501
14.7655  1.88496  5.02655  -7.8622e-09  -0.0667274
-16.6504  1.88496  5.65487  0.00349316  0.0591306
-7.22566  1.88496  5.65487  0.0170475  0.130273
-5.34071  1.88496  5.65487  0.0295444  0.170731
-4.08407  1.88496  5.65487  0.0474875  0.214817
-2.82743  1.88496  5.65487  0.0887826  0.287992
-2.19911  1.88496  5.65487  0.133282  0.344754
-1.5708  1.88496  5.65487  0.220976  0.42208
-0.942478  1.88496  5.65487  0.420717  0.505943
-0.314159  1.88496  5.65487  0.862975  0.380157
0.314159  1.88496  5.65487  0.862972  -0.38016
0.942478  1.88496  5.65487  0.420715  -0.505943
1.5708  1.88496  5.65487  0.220975  -0.422079
2.19911  1.88496  5.65487  0.133281  -0.344754
2.82743  1.88496  5.65487  0.0887824  -0.287991
4.08407  1.88496  5.65487  0.0474873  -0.214817
7.22566  1.88496  5.65487  0.0170474  -0.130273
14.7655  1.88496  5.65487  0.00440965  -0.0664349
-16.6504  1.88496  6.28319  0.00481225  0.0589441
-7.22566  1.88496  6.28319  0.0232042  0.128308
-5.34071  1.88496  6.28319  0.0397776  0.166332
-4.08407  1.88496  6.28319  0.0629551  0.206079
-2.82743  1.88496  6.28319  0.113694  0.266899
-2.19911  1.88496  6.28319  0.164653  0.308255
-1.5708  1.88496  6.28319  0.255289  0.352959
-0.942478  1.88496  6.28319  0.423757  0.368772
-0.314159  1.88496  6.28319  0.677023  0.215404
0.314159  1.88496  6.28319  0.677022  -0.215406
0.942478  1.88496  6.28319  0.423755  -0.368772
1.5708  1.88496  6.28319  0.255288  -0.352959
2.19911  1.88496  6.28319  0.164653  -0.308254
2.82743  1.88496  6.28319  0.113694  -0.266899
4.08407  1.88496  6.28319  0.062955  -0.206079
7.22566  1.88496  6.28319  0.0232041  -0.128308
14.7655  1.88496  6.28319  0.00606983  -0.0661709
-16.6504  2.51327  0  0.00133831  0.0593071
-7.22566  2.51327  0  0.00660756  0.132181
-5.34071  2.51327  0  0.0115728  0.17509
-4.08407  2.51327  0  0.0188829  0.223716
-2.82743  2.51327  0  0.0365529  0.310889
-2.19911  2.51327  0  0.0570283  0.387323
-1.5708  2.51327  0  0.102492  0.515508
-0.942478  2.51327  0  0.242141  0.771988
-0.314159  2.51327  0  1.11498  1.33299
0.314159  2.51327  0  1.11496  -1.33298
0.942478  2.51327  0  0.242139  -0.771985
1.5708  2.51327  0  0.102491  -0.515507
2.19911  2.51327  0  0.057028  -0.387322
2.82743  2.51327  0  0.0365528  -0.310888
4.08407  2.51327  0  0.0188829  -0.223715
7.22566  2.51327  0  0.00660756  -0.132181
14.7655  2.51327  0  0.00169078  -0.0666853
-16.6504  2.51327  0.628319  -5.036e-09  0.0593372
-7.22566  2.51327  0.628319  -5.34084e-08  0.132509
-5.34071  2.51327  0.628319  -1.86772e-08  0.175852
-4.08407  2.51327  0.628319  -7.22302e-08  0.22531
-2.82743  2.51327  0.628319  -1.91161e-07  0.315234
-2.19911  2.51327  0.628319  -2.91776e-07  0.395875
-1.5708  2.51327  0.628319  -5.24361e-07  0.536425
-0.942478  2.51327  0.628319  -1.29526e-06  0.850215
-0.314159  2.51327  0.628319  -9.18634e-06  2.28207
0.314159  2.51327  0.628319  -9.00742e-06  -2.28203
0.942478  2.51327  0.628319  -1.22734e-06  -0.85021
1.5708  2.51327  0.628319  -4.78409e-07  -0.536423
2.19911  2.51327  0.628319  -2.53218e-07  -0.395874
2.82743  2.51327  0.628319  -1.53157e-07  -0.315233
4.08407  2.51327  0.628319  -6.99116e-08  -0.22531
7.22566  2.51327  0.628319  -2.79252e-08  -0.132509
14.7655  2.51327  0.628319  -7.83493e-09  -0.066728
-16.6504  2.51327  1.25664  -0.00349317  0.0591306
-7.22566  2.51327  1.25664  -0.0170476  0.130273
-5.34071  2.51327  1.25664  -0.0295444  0.170731
-4.08407  2.51327  1.25664  -0.0474876  0.214817
-2.82743  2.51327  1.25664  -0.088783  0.287991
-2.19911  2.51327  1.25664  -0.133282  0.344754
-1.5708  2.51327  1.25664  -0.220977  0.422079
-0.942478  2.51327  1.25664  -0.420718  0.505942
-0.314159  2.51327  1.25664  -0.862974  0.380154
0.314159  2.51327  1.25664  -0.862969  -0.380159
0.942478  2.51327  1.25664  -0.420715  -0.505941
1.5708  2.51327  1.25664  -0.220975  -0.422078
2.19911  2.51327  1.25664  -0.133282  -0.344753
2.82743  2.51327  1.25664  -0.0887825  -0.287991
4.08407  2.51327  1.25664  -0.0474874  -0.214817
7.22566  2.51327  1.25664  -0.0170475  -0.130273
14.7655  2.51327  1.25664  -0.00440967  -0.0664349
-16.6504  2.51327  1.88496  -0.00770346  0.0583192
-7.22566  2.51327  1.88496  -0.0357099  0.12205
-5.34071  2.51327  1.88496  -0.0591786  0.152936
-4.08407  2.51327  1.88496  -0.0895261  0.181056
-2.82743  2.51327  1.88496  -0.147512  0.213707
-2.19911  2.51327  1.88496  -0.196385  0.226599
-1.5708  2.51327  1.88496  -0.266209  0.226267
-0.942478  2.51327  1.88496  -0.357749  0.190396
-0.314159  2.51327  1.88496  -0.443063  0.0850733
0.314159  2.51327  1.88496  -0.443062  -0.0850751
0.942478  2.51327  1.88496  -0.357748  -0.190396
1.5708  2.51327  1.88496  -0.266208  -0.226267
2.19911  2.51327  1.88496  -0.196384  -0.226599
2.82743  2.51327  1.88496  -0.147512  -0.213707
4.08407  2.51327  1.88496  -0.0895257  -0.181056
7.22566  2.51327  1.88496  -0.0357098  -0.122049
14.7655  2.51327  1.88496  -0.00968974  -0.0652892
-16.6504  2.51327  2.51327  -0.0109428  0.0572449
-7.22566  2.51327  2.51327  -0.0475707  0.112352
-5.34071  2.51327  2.51327  -0.0749594  0.13385
-4.08407  2.51327  2.51327  -0.10665  0.148991
-2.82743  2.51327  2.51327  -0.157836  0.157828
-2.19911  2.51327  2.51327  -0.193536  0.153989
-1.5708  2.51327  2.51327  -0.235719  0.137909
-0.942478  2.51327  2.51327  -0.279436  0.101979
-0.314159  2.51327  2.51327  -0.311519  0.0404854
0.314159  2.51327  2.51327  -0.311519  -0.0404865
0.942478  2.51327  2.51327  -0.279435  -0.101979
1.5708  2.51327  2.51327  -0.235719  -0.137909
2.19911  2.51327  2.51327  -0.193535  -0.153989
2.82743  2.51327  2.51327  -0.157835  -0.157828
4.08407  2.51327  2.51327  -0.10665  -0.148991
7.22566  2.51327  2.51327  -0.0475706  -0.112352
14.7655  2.51327  2.51327  -0.0136995  -0.0637848
-16.6504  2.51327  3.14159  -0.0121275  0.0567448
-7.22566  2.51327  3.14159  -0.0512373  0.108238
-5.34071  2.51327  3.14159  -0.0790868  0.126308
-4.08407  2.51327  3.14159  -0.109933  0.137347
-2.82743  2.51327  3.14159  -0.156879  0.140249
-2.19911  2.51327  3.14159  -0.187686  0.133462
-1.5708  2.51327  3.14159  -0.222198  0.1161
-0.942478  2.51327  3.14159  -0.255938  0.0833008
-0.314159  2.51327  3.14159  -0.279402  0.0323363
0.314159  2.51327  3.14159  -0.279402  -0.0323372
0.942478  2.51327  3.14159  -0.255937  -0.0833014
1.5708  2.51327  3.14159  -0.222197  -0.1161
2.19911  2.51327  3.14159  -0.187685  -0.133462
2.82743  2.51327  3.14159  -0.156879  -0.140249
4.08407  2.51327  3.14159  -0.109933  -0.137347
7.22566  2.51327  3.14159  -0.0512371  -0.108237
14.7655  2.51327  3.14159  -0.0151493  -0.0630893
-16.6504  2.51327  3.76991  -0.0109428  0.0572449
-7.22566  2.51327  3.76991  -0.0475707  0.112352
-5.34071  2.51327  3.76991  -0.0749594  0.13385
-4.08407  2.51327  3.76991  -0.10665  0.148991
-2.82743  2.51327  3.76991  -0.157836  0.157828
-2.19911  2.51327  3.76991  -0.193536  0.153989
-1.5708  2.51327  3.76991  -0.235719  0.137909
-0.942478  2.51327  3.76991  -0.279436  0.101979
-0.314159  2.51327  3.76991  -0.311519  0.0404854
0.314159  2.51327  3.76991  -0.311519  -0.0404865
0.942478  2.51327  3.76991  -0.279435  -0.101979
1.5708  2.51327  3.76991  -0.235719  -0.137909
2.19911  2.51327  3.76991  -0.193535  -0.153989
2.82743  2.51327  3.76991  -0.157835  -0.157828
4.08407  2.51327  3.76991  -0.10665  -0.148991
7.22566  2.51327  3.76991  -0.0475706  -0.112352
14.7655  2.51327  3.76991  -0.0136995  -0.0637848
-16.6504  2.51327  4.39823  -0.00770346  0.0583192
-7.22566  2.51327  4.39823  -0.0357099  0.12205
-5.34071  2.51327  4.39823  -0.0591786  0.152936
-4.08407  2.51327  4.39823  -0.0895261  0.181056
-2.82743  2.51327  4.39823  -0.147512  0.213707
-2.19911  2.51327  4.39823  -0.196385  0.226599
-1.5708  2.51327  4.39823  -0.266209  0.226267
-0.942478  2.51327  4.39823  -0.357749  0.190396
-0.314159  2.51327  4.39823  -0.443063  0.0850733
0.314159  2.51327  4.39823  -0.443062  -0.0850751
0.942478  2.51327  4.39823  -0.357748  -0.190396
1.5708  2.51327  4.39823  -0.266208  -0.226267
2.19911  2.51327  4.39823  -0.196384  -0.226599
2.82743  2.51327  4.39823  -0.147512  -0.213707
4.08407  2.51327  4.39823  -0.0895257  -0.181056
7.22566  2.51327  4.39823  -0.0357098  -0.122049
14.7655  2.51327  4.39823  -0.00968974  -0.0652892
-16.6504  2.51327  5.02655  -0.00349317  0.0591306
-7.22566  2.51327  5.02655  -0.0170476  0.130273
-5.34071  2.51327  5.02655  -0.0295444  0.170731
-4.08407  2.51327  5.02655  -0.0474876  0.214817
-2.82743  2.51327  5.02655  -0.088783  0.287991
-2.19911  2.51327  5.02655  -0.133282  0.344754
-1.5708  2.51327  5.02655  -0.220977  0.422079
-0.942478  2.51327  5.02655  -0.420718  0.505942
-0.314159  2.51327  5.02655  -0.862974  0.380154
0.314159  2.51327  5.02655  -0.862969  -0.380159
0.942478  2.51327  5.02655  -0.420715  -0.505941
1.5708  2.51327  5.02655  -0.220975  -0.422078
2.19911  2.51327  5.02655  -0.133282  -0.344753
2.82743  2.51327  5.02655  -0.0887825  -0.287991
4.08407  2.51327  5.02655  -0.0474874  -0.214817
7.22566  2.51327  5.02655  -0.0170475  -0.130273
14.7655  2.51327  5.02655  -0.00440967  -0.0664349
-16.6504  2.51327  5.65487  -5.036e-09  0.0593372
-7.22566  2.51327  5.65487  -5.34084e-08  0.132509
-5.34071  2.51327  5.65487  -1.86772e-08  0.175852
-4.08407  2.51327  5.65487  -7.22302e-08  0.22531
-2.82743  2.51327  5.65487  -1.91161e-07  0.315234
-2.19911  2.51327  5.65487  -2.91776e-07  0.395875
-1.5708  2.51327  5.65487  -5.24361e-07  0.536425
-0.942478  2.51327  5.65487  -1.29526e-06  0.850215
-0.314159  2.51327  5.65487  -9.18634e-06  2.28207
0.314159  2.51327  5.65487  -9.00742e-06  -2.28203
0.942478  2.51327  5.65487  -1.22734e-06  -0.85021
1.5708  2.51327  5.65487  -4.78409e-07  -0.536423
2.19911  2.51327  5.65487  -2.53218e-07  -0.395874
2.82743  2.51327  5.65487  -1.53157e-07  -0.315233
4.08407  2.51327  5.65487  -6.99116e-08  -0.22531
7.22566  2.51327  5.65487  -2.79252e-08  -0.132509
14.7655  2.51327  5.65487  -7.83493e-09  -0.066728
-16.6504  2.51327  6.28319  0.00133831  0.0593071
-7.22566  2.51327  6.28319  0.00660756  0.132181
-5.34071  2.51327  6.28319  0.0115728  0.17509
-4.08407  2.51327  6.28319  0.0188829  0.223716
-2.82743  2.51327  6.28319  0.0365529  0.310889
-2.19911  2.51327  6.28319  0.0570283  0.387323
-1.5708  2.51327  6.28319  0.102492  0.515508
-0.942478  2.51327  6.28319  0.242141  0.771988
-0.314159  2.51327  6.28319  1.11498  1.33299
0.314159  2.51327  6.28319  1.11496  -1.33298
0.942478  2.51327  6.28319  0.242139  -0.771985
1.5708  2.51327  6.28319  0.102491  -0.515507
2.19911  2.51327  6.28319  0.057028  -0.387322
2.82743  2.51327  6.28319  0.0365528  -0.310888
4.08407  2.51327  6.28319  0.0188829  -0.223715
7.22566  2.51327  6.28319  0.00660756  -0.132181
14.7655  2.51327  6.28319  0.00169078  -0.0666853
-16.6504  3.14159  0  -5.05913e-09  0.0593374
-7.22566  3.14159  0  -5.30224e-08  0.132514
-5.34071  3.14159  0  -1.88282e-08  0.175859
-4.08407  3.14159  0  -7.24849e-08  0.225311
-2.82743  3.14159  0  -1.90999e-07  0.31514
-2.19911  3.14159  0  -2.91356e-07  0.395554
-1.5708  3.14159  0  -5.22176e-07  0.535264
-0.942478  3.14159  0  -1.27893e-06  0.844845
-0.314159  3.14159  0  -8.73657e-06  2.22566
0.314159  3.14159  0  -8.55997e-06  -2.22563
0.942478  3.14159  0  -1.2096e-06  -0.844841
1.5708  3.14159  0  -4.74643e-07  -0.535262
2.19911  3.14159  0  -2.51043e-07  -0.395553
2.82743  3.14159  0  -1.5084e-07  -0.31514
4.08407  3.14159  0  -7.02488e-08  -0.22531
7.22566  3.14159  0  -2.79841e-08  -0.132514
14.7655  3.14159  0  -7.80651e-09  -0.0667283
-16.6504  3.14159  0.628319  -0.00133832  0.0593071
-7.22566  3.14159  0.628319  -0.00660766  0.132181
-5.34071  3.14159  0.628319  -0.0115728  0.17509
-4.08407  3.14159  0.628319  -0.0188831  0.223716
-2.82743  3.14159  0.628319  -0.0365533  0.310889
-2.19911  3.14159  0.628319  -0.0570289  0.387323
-1.5708  3.14159  0.628319  -0.102493  0.515508
-0.942478  3.14159  0.628319  -0.242143  0.771987
-0.314159  3.14159  0.628319  -1.11498  1.33298
0.314159  3.14159  0.628319  -1.11496  -1.33297
0.942478  3.14159  0.628319  -0.242141  -0.771984
1.5708  3.14159  0.628319  -0.102492  -0.515506
2.19911  3.14159  0.628319  -0.0570285  -0.387322
2.82743  3.14159  0.628319  -0.036553  -0.310888
4.08407  3.14159  0.628319  -0.018883  -0.223715
7.22566  3.14159  0.628319  -0.00660762  -0.132181
14.7655  3.14159  0.628319  -0.00169079  -0.0666853
-16.6504  3.14159  1.25664  -0.00481226  0.0589442
-7.22566  3.14159  1.25664  -0.0232043  0.128308
-5.34071  3.14159  1.25664  -0.0397776  0.166332
-4.08407  3.14159  1.25664  -0.0629553  0.206079
-2.82743  3.14159  1.25664  -0.113695  0.266899
-2.19911  3.14159  1.25664  -0.164654  0.308254
-1.5708  3.14159  1.25664  -0.255289  0.352958
-0.942478  3.14159  1.25664  -0.423757  0.368771
-0.314159  3.14159  1.25664  -0.677023  0.215403
0.314159  3.14159  1.25664  -0.67702  -0.215406
0.942478  3.14159  1.25664  -0.423754  -0.368771
1.5708  3.14159  1.25664  -0.255288  -0.352958
2.19911  3.14159  1.25664  -0.164653  -0.308254
2.82743  3.14159  1.25664  -0.113694  -0.266899
4.08407  3.14159  1.25664  -0.062955  -0.206079
7.22566  3.14159  1.25664  -0.0232042  -0.128308
14.7655  3.14159  1.25664  -0.00606985  -0.0661709
-16.6504  3.14159  1.88496  -0.00896237  0.0579507
-7.22566  3.14159  1.88496  -0.0406222  0.118581
-5.34071  3.14159  1.88496  -0.0660966  0.145888
-4.08407  3.14159  1.88496  -0.0977047  0.168754
-2.82743  3.14159  1.88496  -0.154266  0.190842
-2.19911  3.14159  1.88496  -0.198405  0.195448
-1.5708  3.14159  1.88496  -0.256512  0.186061
-0.942478  3.14159  1.88496  -0.325001  0.147437
-0.314159  3.14159  1.88496  -0.382039  0.0620501
0.314159  3.14159  1.88496  -0.382039  -0.0620515
0.942478  3.14159  1.88496  -0.325  -0.147438
1.5708  3.14159  1.88496  -0.256511  -0.186062
2.19911  3.14159  1.88496  -0.198404  -0.195448
2.82743  3.14159  1.88496  -0.154265  -0.190842
4.08407  3.14159  1.88496  -0.0977044  -0.168754
7.22566  3.14159  1.88496  -0.0406221  -0.118581
14.7655  3.14159  1.88496  -0.011255  -0.0647716
-16.6504  3.14159  2.51327  -0.0121275  0.0567448
-7.22566  3.14159  2.51327  -0.0512373  0.108238
-5.34071  3.14159  2.51327  -0.0790868  0.126308
-4.08407  3.14159  2.51327  -0.109933  0.137347
-2.82743  3.14159  2.51327  -0.156879  0.140249
-2.19911  3.14159  2.51327  -0.187686  0.133462
-1.5708  3.14159  2.51327  -0.222198  0.1161
-0.942478  3.14159  2.51327  -0.255938  0.0833008
-0.314159  3.14159  2.51327  -0.279402  0.0323363
0.314159  3.14159  2.51327  -0.279402  -0.0323372
0.942478  3.14159  2.51327  -0.255937  -0.0833014
1.5708  3.14159  2.51327  -0.222197  -0.1161
2.19911  3.14159  2.51327  -0.187685  -0.133462
2.82743  3.14159  2.51327  -0.156879  -0.140249
4.08407  3.14159  2.51327  -0.109933  -0.137347
7.22566  3.14159  2.51327  -0.0512371  -0.108237
14.7655  3.14159  2.51327  -0.0151493  -0.0630893
-16.6504  3.14159  3.14159  -0.0132786  0.0561992
-7.22566  3.14159  3.14159  -0.0544297  0.104005
-5.34071  3.14159  3.14159  -0.0822842  0.118865
-4.08407  3.14159  3.14159  -0.111837  0.126367
-2.82743  3.14159  3.14159  -0.154391  0.124785
-2.19911  3.14159  3.14159  -0.180836  0.116211
-1.5708  3.14159  3.14159  -0.20916  0.0986983
-0.942478  3.14159  3.14159  -0.235575  0.0691601
-0.314159  3.14159  3.14159  -0.253211  0.0263367
0.314159  3.14159  3.14159  -0.253211  -0.0263375
0.942478  3.14159  3.14159  -0.235575  -0.0691608
1.5708  3.14159  3.14159  -0.209159  -0.0986987
2.19911  3.14159  3.14159  -0.180835  -0.116212
2.82743  3.14159  3.14159  -0.15439  -0.124785
4.08407  3.14159  3.14159  -0.111837  -0.126367
7.22566  3.14159  3.14159  -0.0544295  -0.104005
14.7655  3.14159  3.14159  -0.0165478  -0.062334
-16.6504  3.14159  3.76991  -0.0121275  0.0567448
-7.22566  3.14159  3.76991  -0.0512373  0.108238
-5.34071  3.14159  3.76991  -0.0790868  0.126308
-4.08407  3.14159  3.76991  -0.109933  0.137347
-2.82743  3.14159  3.76991  -0.156879  0.140249
-2.19911  3.14159  3.76991  -0.187686  0.133462
-1.5708  3.14159  3.76991  -0.222198  0.1161
-0.942478  3.14159  3.76991  -0.255938  0.0833008
-0.314159  3.14159  3.76991  -0.279402  0.0323363
0.314159  3.14159  3.76991  -0.279402  -0.0323372
0.942478  3.14159  3.76991  -0.255937  -0.0833014
1.5708  3.14159  3.76991  -0.222197  -0.1161
2.19911  3.14159  3.76991  -0.187685  -0.133462
2.82743  3.14159  3.76991  -0.156879  -0.140249
4.08407  3.14159  3.76991  -0.109933  -0.137347
7.22566  3.14159  3.76991  -0.0512371  -0.108237
14.7655  3.14159  3.76991  -0.0151493  -0.0630893
-16.6504  3.14159  4.39823  -0.00896237  0.0579507
-7.22566  3.14159  4.39823  -0.0406222  0.118581
-5.34071  3.14159  4.39823  -0.0660966  0.145888
-4.08407  3.14159  4.39823  -0.0977047  0.168754
-2.82743  3.14159  4.39823  -0.154266  0.190842
-2.19911  3.14159  4.39823  -0.198405  0.195448
-1.5708  3.14159  4.39823  -0.256512  0.186061
-0.942478  3.14159  4.39823  -0.325001  0.147437
-0.314159  3.14159  4.39823  -0.382039  0.0620501
0.314159  3.14159  4.39823  -0.382039  -0.0620515
0.942478  3.14159  4.39823  -0.325  -0.147438
1.5708  3.14159  4.39823  -0.256511  -0.186062
2.19911  3.14159  4.39823  -0.198404  -0.195448
2.82743  3.14159  4.39823  -0.154265  -0.190842
4.08407  3.14159  4.39823  -0.0977044  -0.168754
7.22566  3.14159  4.39823  -0.0406221  -0.118581
14.7655  3.14159  4.39823  -0.011255  -0.0647716
-16.6504  3.14159  5.02655  -0.00481226  0.0589442
-7.22566  3.14159  5.02655  -0.0232043  0.128308
-5.34071  3.14159  5.02655  -0.0397776  0.166332
-4.08407  3.14159  5.02655  -0.0629553  0.206079
-2.82743  3.14159  5.02655  -0.113695  0.266899
-2.19911  3.14159  5.02655  -0.164654  0.308254
-1.5708  3.14159  5.02655  -0.255289  0.352958
-0.942478  3.14159  5.02655  -0.423757  0.368771
-0.314159  3.14159  5.02655  -0.677023  0.215403
0.314159  3.14159  5.02655  -0.67702  -0.215406
0.942478  3.14159  5.02655  -0.423754  -0.368771
1.5708  3.14159  5.02655  -0.255288  -0.352958
2.19911  3.14159  5.02655  -0.164653  -0.308254
2.82743  3.14159  5.02655  -0.113694  -0.266899
4.08407  3.14159  5.02655  -0.062955  -0.206079
7.22566  3.14159  5.02655  -0.0232042  -0.128308
14.7655  3.14159  5.02655  -0.00606985  -0.0661709
-16.6504  3.14159  5.65487  -0.00133832  0.0593071
-7.22566  3.14159  5.65487  -0.00660766  0.132181
-5.34071  3.14159  5.65487  -0.0115728  0.17509
-4.08407  3.14159  5.65487  -0.0188831  0.223716
-2.82743  3.14159  5.65487  -0.0365533  0.310889
-2.19911  3.14159  5.65487  -0.0570289  0.387323
-1.5708  3.14159  5.65487  -0.102493  0.515508
-0.942478  3.14159  5.65487  -0.242143  0.771987
-0.314159  3.14159  5.65487  -1.11498  1.33298
0.314159  3.14159  5.65487  -1.11496  -1.33297
0.942478  3.14159  5.65487  -0.242141  -0.771984
1.5708  3.14159  5.65487  -0.102492  -0.515506
2.19911  3.14159  5.65487  -0.0570285  -0.387322
2.82743  3.14159  5.65487  -0.036553  -0.310888
4.08407  3.14159  5.65487  -0.018883  -0.223715
7.22566  3.14159  5.65487  -0.00660762  -0.132181
14.7655  3.14159  5.65487  -0.00169079  -0.0666853
-16.6504  3.14159  6.28319  -5.05913e-09  0.0593374
-7.22566  3.14159  6.28319  -5.30224e-08  0.132514
-5.34071  3.14159  6.28319  -1.88282e-08  0.175859
-4.08407  3.14159  6.28319  -7.24849e-08  0.225311
-2.82743  3.14159  6.28319  -1.90999e-07  0.31514
-2.19911  3.14159  6.28319  -2.91356e-07  0.395554
-1.5708  3.14159  6.28319  -5.22176e-07  0.535264
-0.942478  3.14159  6.28319  -1.27893e-06  0.844845
-0.314159  3.14159  6.28319  -8.73657e-06  2.22566
0.314159  3.14159  6.28319  -8.55997e-06  -2.22563
0.942478  3.14159  6.28319  -1.2096e-06  -0.844841
1.5708  3.14159  6.28319  -4.74643e-07  -0.535262
2.19911  3.14159  6.28319  -2.51043e-07  -0.395553
2.82743  3.14159  6.28319  -1.5084e-07  -0.31514
4.08407  3.14159  6.28319  -7.02488e-08  -0.22531
7.22566  3.14159  6.28319  -2.79841e-08  -0.132514
14.7655  3.14159  6.28319  -7.80651e-09  -0.0667283
-16.6504  3.76991  0  0.00133831  0.0593071
-7.22566  3.76991  0  0.00660756  0.132181
-5.34071  3.76991  0  0.0115728  0.17509
-4.08407  3.76991  0  0.0188829  0.223716
-2.82743  3.76991  0  0.0365529  0.310889
-2.19911  3.76991  0  0.0570283  0.387323
-1.5708  3.76991  0  0.102492  0.515508
-0.942478  3.76991  0  0.242141  0.771988
-0.314159  3.76991  0  1.11498  1.33299
0.314159  3.76991  0  1.11496  -1.33298
0.942478  3.76991  0  0.242139  -0.771985
1.5708  3.76991  0  0.102491  -0.515507
2.19911  3.76991  0  0.057028  -0.387322
2.82743  3.76991  0  0.0365528  -0.310888
4.08407  3.76991  0  0.0188829  -0.223715
7.22566  3.76991  0  0.00660756  -0.132181
14.7655  3.76991  0  0.00169078  -0.0666853
-16.6504  3.76991  0.628319  -5.036e-09  0.0593372
-7.22566  3.76991  0.628319  -5.34084e-08  0.132509
-5.34071  3.76991  0.628319  -1.86772e-08  0.175852
-4.08407  3.76991  0.628319  -7.22302e-08  0.22531
-2.82743  3.76991  0.628319  -1.91161e-07  0.315234
-2.19911  3.76991  0.628319  -2.91776e-07  0.395875
-1.5708  3.76991  0.628319  -5.24361e-07  0.536425
-0.942478  3.76991  0.628319  -1.29526e-06  0.850215
-0.314159  3.76991  0.628319  -9.18634e-06  2.28207
0.314159  3.76991  0.628319  -9.00742e-06  -2.28203
0.942478  3.76991  0.628319  -1.22734e-06  -0.85021
1.5708  3.76991  0.628319  -4.78409e-07  -0.536423
2.19911  3.76991  0.628319  -2.53218e-07  -0.395874
2.82743  3.76991  0.628319  -1.53157e-07  -0.315233
4.08407  3.76991  0.628319  -6.99116e-08  -0.22531
7.22566  3.76991  0.628319  -2.79252e-08  -0.132509
14.7655  3.76991  0.628319  -7.83493e-09  -0.066728
-16.6504  3.76991  1.25664  -0.00349317  0.0591306
-7.22566  3.76991  1.25664  -0.0170476  0.130273
-5.34071  3.76991  1.25664  -0.0295444  0.170731
-4.08407  3.76991  1.25664  -0.0474876  0.214817
-2.82743  3.76991  1.25664  -0.088783  0.287991
-2.19911  3.76991  1.25664  -0.133282  0.344754
-1.5708  3.76991  1.25664  -0.220977  0.422079
-0.942478  3.76991  1.25664  -0.420718  0.505942
-0.314159  3.76991  1.25664  -0.862974  0.380154
0.314159  3.76991  1.25664  -0.862969  -0.380159
0.942478  3.76991  1.25664  -0.420715  -0.505941
1.5708  3.76991  1.25664  -0.220975  -0.422078
2.19911  3.76991  1.25664  -0.133282  -0.344753
2.82743  3.76991  1.25664  -0.0887825  -0.287991
4.08407  3.76991  1.25664  -0.0474874  -0.214817
7.22566  3.76991  1.25664  -0.0170475  -0.130273
14.7655  3.76991  1.25664  -0.00440967  -0.0664349
-16.6504  3.76991  1.88496  -0.00770346  0.0583192
-7.22566  3.76991  1.88496  -0.0357099  0.12205
-5.34071  3.76991  1.88496  -0.0591786  0.152936
-4.08407  3.76991  1.88496  -0.0895261  0.181056
-2.82743  3.76991  1.88496  -0.147512  0.213707
-2.19911  3.76991  1.88496  -0.196385  0.226599
-1.5708  3.76991  1.88496  -0.266209  0.226267
-0.942478  3.76991  1.88496  -0.357749  0.190396
-0.314159  3.76991  1.88496  -0.443063  0.0850733
0.314159  3.76991  1.88496  -0.443062  -0.0850751
0.942478  3.76991  1.88496  -0.357748  -0.190396
1.5708  3.76991  1.88496  -0.266208  -0.226267
2.19911  3.76991  1.88496  -0.196384  -0.226599
2.82743  3.76991  1.88496  -0.147512  -0.213707
4.08407  3.76991  1.88496  -0.0895257  -0.181056
7.22566  3.76991  1.88496  -0.0357098  -0.122049
14.7655  3.76991  1.88496  -0.00968974  -0.0652892
-16.6504  3.76991  2.51327  -0.0109428  0.0572449
-7.22566  3.76991  2.51327  -0.0475707  0.112352
-5.34071  3.76991  2.51327  -0.0749594  0.13385
-4.08407  3.76991  2.51327  -0.10665  0.148991
-2.82743  3.76991  2.51327  -0.157836  0.157828
-2.19911  3.76991  2.51327  -0.193536  0.153989
-1.5708  3.76991  2.51327  -0.235719  0.137909
-0.942478  3.76991  2.51327  -0.279436  0.101979
-0.314159  3.76991  2.51327  -0.311519  0.0404854
0.314159  3.76991  2.51327  -0.311519  -0.0404865
0.942478  3.76991  2.51327  -0.279435  -0.101979
1.5708  3.76991  2.51327  -0.235719  -0.137909
2.19911  3.76991  2.51327  -0.193535  -0.153989
2.82743  3.76991  2.51327  -0.157835  -0.157828
4.08407  3.76991  2.51327  -0.10665  -0.148991
7.22566  3.76991  2.51327  -0.0475706  -0.112352
14.7655  3.76991  2.51327  -0.0136995  -0.0637848
-16.6504  3.76991  3.14159  -0.0121275  0.0567448
-7.22566  3.76991  3.14159  -0.0512373  0.108238
-5.34071  3.76991  3.14159  -0.0790868  0.126308
-4.08407  3.76991  3.14159  -0.109933  0.137347
-2.82743  3.76991  3.14159  -0.156879  0.140249
-2.19911  3.76991  3.14159  -0.187686  0.133462
-1.5708  3.76991  3.14159  -0.222198  0.1161
-0.942478  3.76991  3.14159  -0.255938  0.0833008
-0.314159  3.76991  3.14159  -0.279402  0.0323363
0.314159  3.76991  3.14159  -0.279402  -0.0323372
0.942478  3.76991  3.14159  -0.255937  -0.0833014
1.5708  3.76991  3.14159  -0.222197  -0.1161
2.19911  3.76991  3.14159  -0.187685  -0.133462
2.82743  3.76991  3.14159  -0.156879  -0.140249
4.08407  3.76991  3.14159  -0.109933  -0.137347
7.22566  3.76991  3.14159  -0.0512371  -0.108237
14.7655  3.76991  3.14159  -0.0151493  -0.0630893
-16.6504  3.76991  3.76991  -0.0109428  0.0572449
-7.22566  3.76991  3.76991  -0.0475707  0.112352
-5.34071  3.76991  3.76991  -0.0749594  0.13385
-4.08407  3.76991  3.76991  -0.10665  0.148991
-2.82743  3.76991  3.76991  -0.157836  0.157828
-2.19911  3.76991  3.76991  -0.193536  0.153989
-1.5708  3.76991  3.76991  -0.235719  0.137909
-0.942478  3.76991  3.76991  -0.279436  0.101979
-0.314159  3.76991  3.76991  -0.311519  0.0404854
0.314159  3.76991  3.76991  -0.311519  -0.0404865
0.942478  3.76991  3.76991  -0.279435  -0.101979
1.5708  3.76991  3.76991  -0.235719  -0.137909
2.19911  3.76991  3.76991  -0.193535  -0.153989
2.82743  3.76991  3.76991  -0.157835  -0.157828
4.08407  3.76991  3.76991  -0.10665  -0.148991
7.22566  3.76991  3.76991  -0.0475706  -0.112352
14.7655  3.76991  3.76991  -0.0136995  -0.0637848
-16.6504  3.76991  4.39823  -0.00770346  0.0583192
-7.22566  3.76991  4.39823  -0.0357099  0.12205
-5.34071  3.76991  4.39823  -0.0591786  0.152936
-4.08407  3.76991  4.39823  -0.0895261  0.181056
-2.82743  3.76991  4.39823  -0.147512  0.213707
-2.19911  3.76991  4.39823  -0.196385  0.226599
-1.5708  3.76991  4.39823  -0.266209  0.226267
-0.942478  3.76991  4.39823  -0.357749  0.190396
-0.314159  3.76991  4.39823  -0.443063  0.0850733
0.314159  3.76991  4.39823  -0.443062  -0.0850751
0.942478  3.76991  4.39823  -0.357748  -0.190396
1.5708  3.76991  4.39823  -0.266208  -0.226267
2.19911  3.76991  4.39823  -0.196384  -0.226599
2.82743  3.76991  4.39823  -0.147512  -0.213707
4.08407  3.76991  4.39823  -0.0895257  -0.181056
7.22566  3.76991  4.39823  -0.0357098  -0.122049
14.7655  3.76991  4.39823  -0.00968974  -0.0652892
-16.6504  3.76991  5.02655  -0.00349317  0.0591306
-7.22566  3.76991  5.02655  -0.0170476  0.130273
-5.34071  3.76991  5.02655  -0.0295444  0.170731
-4.08407  3.76991  5.02655  -0.0474876  0.214817
-2.82743  3.76991  5.02655  -0.088783  0.287991
-2.19911  3.76991  5.02655  -0.133282  0.344754
-1.5708  3.76991  5.02655  -0.220977  0.422079
-0.942478  3.76991  5.02655  -0.420718  0.505942
-0.314159  3.76991  5.02655  -0.862974  0.380154
0.314159  3.76991  5.02655  -0.862969  -0.380159
0.942478  3.76991  5.02655  -0.420715  -0.505941
1.5708  3.76991  5.02655  -0.220975  -0.422078
2.19911  3.76991  5.02655  -0.133282  -0.344753
2.82743  3.76991  5.02655  -0.0887825  -0.287991
4.08407  3.76991  5.02655  -0.0474874  -0.214817
7.22566  3.76991  5.02655  -0.0170475  -0.130273
14.7655  3.76991  5.02655  -0.00440967  -0.0664349
-16.6504  3.76991  5.65487  -5.036e-09  0.0593372
-7.22566  3.76991  5.65487  -5.34084e-08  0.132509
-5.34071  3.76991  5.65487  -1.86772e-08  0.175852
-4.08407  3.76991  5.65487  -7.22302e-08  0.22531
-2.82743  3.76991  5.65487  -1.91161e-07  0.315234
-2.19911  3.76991  5.65487  -2.91776e-07  0.395875
-1.5708  3.76991  5.65487  -5.24361e-07  0.536425
-0.942478  3.76991  5.65487  -1.29526e-06  0.850215
-0.314159  3.76991  5.65487  -9.18634e-06  2.28207
0.314159  3.76991  5.65487  -9.00742e-06  -2.28203
0.942478  3.76991  5.65487  -1.22734e-06  -0.85021
1.5708  3.76991  5.65487  -4.78409e-07  -0.536423
2.19911  3.76991  5.65487  -2.53218e-07  -0.395874
2.82743  3.76991  5.65487  -1.53157e-07  -0.315233
4.08407  3.76991  5.65487  -6.99116e-08  -0.22531
7.22566  3.76991  5.65487  -2.79252e-08  -0.132509
14.7655  3.76991  5.65487  -7.83493e-09  -0.066728
-16.6504  3.76991  6.28319  0.00133831  0.0593071
-7.22566  3.76991  6.28319  0.00660756  0.132181
-5.34071  3.76991  6.28319  0.0115728  0.17509
-4.08407  3.76991  6.28319  0.0188829  0.223716
-2.82743  3.76991  6.28319  0.0365529  0.310889
-2.19911  3.76991  6.28319  0.0570283  0.387323
-1.5708  3.76991  6.28319  0.102492  0.515508
-0.942478  3.76991  6.28319  0.242141  0.771988
-0.314159  3.76991  6.28319  1.11498  1.33299
0.314159  3.76991  6.28319  1.11496  -1.33298
0.942478  3.76991  6.28319  0.242139  -0.771985
1.5708  3.76991  6.28319  0.102491  -0.515507
2.19911  3.76991  6.28319  0.057028  -0.387322
2.82743  3.76991  6.28319  0.0365528  -0.310888
4.08407  3.76991  6.28319  0.0188829  -0.223715
7.22566  3.76991  6.28319  0.00660756  -0.132181
14.7655  3.76991  6.28319  0.00169078  -0.0666853
-16.6504  4.39823  0  0.00481225  0.0589441
-7.22566  4.39823  0  0.0232042  0.128308
-5.34071  4.39823  0  0.0397776  0.166332
-4.08407  4.39823  0  0.0629551  0.206079
-2.82743  4.39823  0  0.113694  0.266899
-2.19911  4.39823  0  0.164653  0.308255
-1.5708  4.39823  0  0.255289  0.352959
-0.942478  4.39823  0  0.423757  0.368772
-0.314159  4.39823  0  0.677023  0.215404
0.314159  4.39823  0  0.677022  -0.215406
0.942478  4.39823  0  0.423755  -0.368772
1.5708  4.39823  0  0.255288  -0.352959
2.19911  4.39823  0  0.164653  -0.308254
2.82743  4.39823  0  0.113694  -0.266899
4.08407  4.39823  0  0.062955  -0.206079
7.22566  4.39823  0  0.0232041  -0.128308
14.7655  4.39823  0  0.00606983  -0.0661709
-16.6504  4.39823  0.628319  0.00349316  0.0591306
-7.22566  4.39823  0.628319  0.0170475  0.130273
-5.34071  4.39823  0.628319  0.0295444  0.170731
-4.08407  4.39823  0.628319  0.0474875  0.214817
-2.82743  4.39823  0.628319  0.0887826  0.287992
-2.19911  4.39823  0.628319  0.133282  0.344754
-1.5708  4.39823  0.628319  0.220976  0.42208
-0.942478  4.39823  0.628319  0.420717  0.505943
-0.314159  4.39823  0.628319  0.862975  0.380157
0.314159  4.39823  0.628319  0.862972  -0.38016
0.942478  4.39823  0.628319  0.420715  -0.505943
1.5708  4.39823  0.628319  0.220975  -0.422079
2.19911  4.39823  0.628319  0.133281  -0.344754
2.82743  4.39823  0.628319  0.0887824  -0.287991
4.08407  4.39823  0.628319  0.0474873  -0.214817
7.22566  4.39823  0.628319  0.0170474  -0.130273
14.7655  4.39823  0.628319  0.00440965  -0.0664349
-16.6504  4.39823  1.25664  -4.99299e-09  0.0593369
-7.22566  4.39823  1.25664  -5.41631e-08  0.132502
-5.34071  4.39823  1.25664  -1.831e-08  0.175842
-4.08407  4.39823  1.25664  -7.16367e-08  0.225322
-2.82743  4.39823  1.25664  -1.91291e-07  0.315434
-2.19911  4.39823  1.25664  -2.9226e-07  0.396477
-1.5708  4.39823  1.25664  -5.27382e-07  0.5383
-0.942478  4.39823  1.25664  -1.31498e-06  0.85703
-0.314159  4.39823  1.25664  -9.54701e-06  2.32681
0.314159  4.39823  1.25664  -9.37349e-06  -2.32677
0.942478  4.39823  1.25664  -1.24992e-06  -0.857025
1.5708  4.39823  1.25664  -4.8393e-07  -0.538298
2.19911  4.39823  1.25664  -2.5644e-07  -0.396476
2.82743  4.39823  1.25664  -1.57133e-07  -0.315433
4.08407  4.39823  1.25664  -6.98642e-08  -0.225322
7.22566  4.39823  1.25664  -2.7879e-08  -0.132501
14.7655  4.39823  1.25664  -7.8622e-09  -0.0667274
-16.6504  4.39823  1.88496  -0.00430971  0.0590221
-7.22566  4.39823  1.88496  -0.0208837  0.129122
-5.34071  4.39823  1.88496  -0.0359646  0.168146
-4.08407  4.39823  1.88496  -0.0572994  0.209665
-2.82743  4.39823  1.88496  -0.105041  0.275432
-2.19911  4.39823  1.88496  -0.154461  0.322727
-1.5708  4.39823  1.88496  -0.246088  0.379147
-0.942478  4.39823  1.88496  -0.429537  0.415543
-0.314159  4.39823  1.88496  -0.740452  0.260879
0.314159  4.39823  1.88496  -0.740448  -0.260883
0.942478  4.39823  1.88496  -0.429534  -0.415543
1.5708  4.39823  1.88496  -0.246086  -0.379146
2.19911  4.39823  1.88496  -0.15446  -0.322726
2.82743  4.39823  1.88496  -0.10504  -0.275432
4.08407  4.39823  1.88496  -0.0572992  -0.209665
7.22566  4.39823  1.88496  -0.0208836  -0.129121
14.7655  4.39823  1.88496  -0.00543777  -0.0662812
-16.6504  4.39823  2.51327  -0.00770346  0.0583192
-7.22566  4.39823  2.51327  -0.0357099  0.12205
-5.34071  4.39823  2.51327  -0.0591786  0.152936
-4.08407  4.39823  2.51327  -0.0895261  0.181056
-2.82743  4.39823  2.51327  -0.147512  0.213707
-2.19911  4.39823  2.51327  -0.196385  0.226599
-1.5708  4.39823  2.51327  -0.266209  0.226267
-0.942478  4.39823  2.51327  -0.357749  0.190396
-0.314159  4.39823  2.51327  -0.443063  0.0850733
0.314159  4.39823  2.51327  -0.443062  -0.0850751
0.942478  4.39823  2.51327  -0.357748  -0.190396
1.5708  4.39823  2.51327  -0.266208  -0.226267
2.19911  4.39823  2.51327  -0.196384  -0.226599
2.82743  4.39823  2.51327  -0.147512  -0.213707
4.08407  4.39823  2.51327  -0.0895257  -0.181056
7.22566  4.39823  2.51327  -0.0357098  -0.122049
14.7655  4.39823  2.51327  -0.00968974  -0.0652892
-16.6504  4.39823  3.14159  -0.00896237  0.0579507
-7.22566  4.39823  3.14159  -0.0406222  0.118581
-5.34071  4.39823  3.14159  -0.0660966  0.145888
-4.08407  4.39823  3.14159  -0.0977047  0.168754
-2.82743  4.39823  3.14159  -0.154266  0.190842
-2.19911  4.39823  3.14159  -0.198405  0.195448
-1.5708  4.39823  3.14159  -0.256512  0.186061
-0.942478  4.39823  3.14159  -0.325001  0.147437
-0.314159  4.39823  3.14159  -0.382039  0.0620501
0.314159  4.39823  3.14159  -0.382039  -0.0620515
0.942478  4.39823  3.14159  -0.325  -0.147438
1.5708  4.39823  3.14159  -0.256511  -0.186062
2.19911  4.39823  3.14159  -0.198404  -0.195448
2.82743  4.39823  3.14159  -0.154265  -0.190842
4.08407  4.39823  3.14159  -0.0977044  -0.168754
7.22566  4.39823  3.14159  -0.0406221  -0.118581
14.7655  4.39823  3.14159  -0.011255  -0.0647716
-16.6504  4.39823  3.76991  -0.00770346  0.0583192
-7.22566  4.39823  3.76991  -0.0357099  0.12205
-5.34071  4.39823  3.76991  -0.0591786  0.152936
-4.08407  4.39823  3.76991  -0.0895261  0.181056
-2.82743  4.39823  3.76991  -0.147512  0.213707
-2.19911  4.39823  3.76991  -0.196385  0.226599
-1.5708  4.39823  3.76991  -0.266209  0.226267
-0.942478  4.39823  3.76991  -0.357749  0.190396
-0.314159  4.39823  3.76991  -0.443063  0.0850733
0.314159  4.39823  3.76991  -0.443062  -0.0850751
0.942478  4.39823  3.76991  -0.357748  -0.190396
1.5708  4.39823  3.76991  -0.266208  -0.226267
2.19911  4.39823  3.76991  -0.196384  -0.226599
2.82743  4.39823  3.76991  -0.147512  -0.213707
4.08407  4.39823  3.76991  -0.0895257  -0.181056
7.22566  4.39823  3.76991  -0.0357098  -0.122049
14.7655  4.39823  3.76991  -0.00968974  -0.0652892
-16.6504  4.39823  4.39823  -0.00430971  0.0590221
-7.22566  4.39823  4.39823  -0.0208837  0.129122
-5.34071  4.39823  4.39823  -0.0359646  0.168146
-4.08407  4.39823  4.39823  -0.0572994  0.209665
-2.82743  4.39823  4.39823  -0.105041  0.275432
-2.19911  4.39823  4.39823  -0.154461  0.322727
-1.5708  4.39823  4.39823  -0.246088  0.379147
-0.942478  4.39823  4.39823  -0.429537  0.415543
-0.314159  4.39823  4.39823  -0.740452  0.260879
0.314159  4.39823  4.39823  -0.740448  -0.260883
0.942478  4.39823  4.39823  -0.429534  -0.415543
1.5708  4.39823  4.39823  -0.246086  -0.379146
2.19911  4.39823  4.39823  -0.15446  -0.322726
2.82743  4.39823  4.39823  -0.10504  -0.275432
4.08407  4.39823  4.39823  -0.0572992  -0.209665
7.22566  4.39823  4.39823  -0.0208836  -0.129121
14.7655  4.39823  4.39823  -0.00543777  -0.0662812
-16.6504  4.39823  5.02655  -4.99299e-09  0.0593369
-7.22566  4.39823  5.02655  -5.41631e-08  0.132502
-5.34071  4.39823  5.02655  -1.831e-08  0.175842
-4.08407  4.39823  5.02655  -7.16367e-08  0.225322
-2.82743  4.39823  5.02655  -1.91291e-07  0.315434
-2.19911  4.39823  5.02655  -2.9226e-07  0.396477
-1.5708  4.39823  5.02655  -5.27382e-07  0.5383
-0.942478  4.39823  5.02655  -1.31498e-06  0.85703
-0.314159  4.39823  5.02655  -9.54701e-06  2.32681
0.314159  4.39823  5.02655  -9.37349e-06  -2.32677
0.942478  4.39823  5.02655  -1.24992e-06  -0.857025
1.5708  4.39823  5.02655  -4.8393e-07  -0.538298
2.19911  4.39823  5.02655  -2.5644e-07  -0.396476
2.82743  4.39823  5.02655  -1.57133e-07  -0.315433
4.08407  4.39823  5.02655  -6.98642e-08  -0.225322
7.22566  4.39823  5.02655  -2.7879e-08  -0.132501
14.7655  4.39823  5.02655  -7.8622e-09  -0.0667274
-16.6504  4.39823  5.65487  0.00349316  0.0591306
-7.22566  4.39823  5.65487  0.0170475  0.130273
-5.34071  4.39823  5.65487  0.0295444  0.170731
-4.08407  4.39823  5.65487  0.0474875  0.214817
-2.82743  4.39823  5.65487  0.0887826  0.287992
-2.19911  4.39823  5.65487  0.133282  0.344754
-1.5708  4.39823  5.65487  0.220976  0.42208
-0.942478  4.39823  5.65487  0.420717  0.505943
-0.314159  4.39823  5.65487  0.862975  0.380157
0.314159  4.39823  5.65487  0.862972  -0.38016
0.942478  4.39823  5.65487  0.420715  -0.505943
1.5708  4.39823  5.65487  0.220975  -0.422079
2.19911  4.39823  5.65487  0.133281  -0.344754
2.82743  4.39823  5.65487  0.0887824  -0.287991
4.08407  4.39823  5.65487  0.0474873  -0.214817
7.22566  4.39823  5.65487  0.0170474  -0.130273
14.7655  4.39823  5.65487  0.00440965  -0.0664349
-16.6504  4.39823  6.28319  0.00481225  0.0589441
-7.22566  4.39823  6.28319  0.0232042  0.128308
-5.34071  4.39823  6.28319  0.0397776  0.166332
-4.08407  4.39823  6.28319  0.0629551  0.206079
-2.82743  4.39823  6.28319  0.113694  0.266899
-2.19911  4.39823  6.28319  0.164653  0.308255
-1.5708  4.39823  6.28319  0.255289  0.352959
-0.942478  4.39823  6.28319  0.423757  0.368772
-0.314159  4.39823  6.28319  0.677023  0.215404
0.314159  4.39823  6.28319  0.677022  -0.215406
0.942478  4.39823  6.28319  0.423755  -0.368772
1.5708  4.39823  6.28319  0.255288  -0.352959
2.19911  4.39823  6.28319  0.164653  -0.308254
2.82743  4.39823  6.28319  0.113694  -0.266899
4.08407  4.39823  6.28319  0.062955  -0.206079
7.22566  4.39823  6.28319  0.0232041  -0.128308
14.7655  4.39823  6.28319  0.00606983  -0.0661709
-16.6504  5.02655  0  0.00896235  0.0579507
-7.22566  5.02655  0  0.0406221  0.118581
-5.34071  5.02655  0  0.0660965  0.145888
-4.08407  5.02655  0  0.0977046  0.168754
-2.82743  5.02655  0  0.154266  0.190842
-2.19911  5.02655  0  0.198405  0.195449
-1.5708  5.02655  0  0.256511  0.186062
-0.942478  5.02655  0  0.325001  0.147438
-0.314159  5.02655  0  0.38204  0.0620508
0.314159  5.02655  0  0.38204  -0.0620512
0.942478  5.02655  0  0.325001  -0.147438
1.5708  5.02655  0  0.256511  -0.186062
2.19911  5.02655  0  0.198404  -0.195449
2.82743  5.02655  0  0.154266  -0.190842
4.08407  5.02655  0  0.0977045  -0.168754
7.22566  5.02655  0  0.0406221  -0.118581
14.7655  5.02655  0  0.011255  -0.0647716
-16.6504  5.02655  0.628319  0.00770344  0.0583192
-7.22566  5.02655  0.628319  0.0357098  0.12205
-5.34071  5.02655  0.628319  0.0591785  0.152936
-4.08407  5.02655  0.628319  0.0895259  0.181056
-2.82743  5.02655  0.628319  0.147512  0.213708
-2.19911  5.02655  0.628319  0.196385  0.2266
-1.5708  5.02655  0.628319  0.266209  0.226267
-0.942478  5.02655  0.628319  0.357749  0.190396
-0.314159  5.02655  0.628319  0.443064  0.0850741
0.314159  5.02655  0.628319  0.443063  -0.0850748
0.942478  5.02655  0.628319  0.357749  -0.190397
1.5708  5.02655  0.628319  0.266208  -0.226267
2.19911  5.02655  0.628319  0.196385  -0.2266
2.82743  5.02655  0.628319  0.147512  -0.213708
4.08407  5.02655  0.628319  0.0895258  -0.181056
7.22566  5.02655  0.628319  0.0357098  -0.12205
14.7655  5.02655  0.628319  0.00968973  -0.0652892
-16.6504  5.02655  1.25664  0.0043097  0.0590221
-7.22566  5.02655  1.25664  0.0208836  0.129122
-5.34071  5.02655  1.25664  0.0359646  0.168146
-4.08407  5.02655  1.25664  0.0572992  0.209665
-2.82743  5.02655  1.25664  0.10504  0.275432
-2.19911  5.02655  1.25664  0.154461  0.322727
-1.5708  5.02655  1.25664  0.246087  0.379147
-0.942478  5.02655  1.25664  0.429537  0.415544
-0.314159  5.02655  1.25664  0.740453  0.260881
0.314159  5.02655  1.25664  0.740451  -0.260883
0.942478  5.02655  1.25664  0.429535  -0.415544
1.5708  5.02655  1.25664  0.246086  -0.379147
2.19911  5.02655  1.25664  0.15446  -0.322727
2.82743  5.02655  1.25664  0.10504  -0.275432
4.08407  5.02655  1.25664  0.0572991  -0.209665
7.22566  5.02655  1.25664  0.0208836  -0.129122
14.7655  5.02655  1.25664  0.00543776  -0.0662812
-16.6504  5.02655  1.88496  -4.99299e-09  0.0593369
-7.22566  5.02655  1.88496  -5.41631e-08  0.132502
-5.34071  5.02655  1.88496  -1.831e-08  0.175842
-4.08407  5.02655  1.88496  -7.16367e-08  0.225322
-2.82743  5.02655  1.88496  -1.91291e-07  0.315434
-2.19911  5.02655  1.88496  -2.9226e-07  0.396477
-1.5708  5.02655  1.88496  -5.27382e-07  0.5383
-0.942478  5.02655  1.88496  -1.31498e-06  0.85703
-0.314159  5.02655  1.88496  -9.54701e-06  2.32681
0.314159  5.02655  1.88496  -9.37349e-06  -2.32677
0.942478  5.02655  1.88496  -1.24992e-06  -0.857025
1.5708  5.02655  1.88496  -4.8393e-07  -0.538298
2.19911  5.02655  1.88496  -2.5644e-07  -0.396476
2.82743  5.02655  1.88496  -1.57133e-07  -0.315433
4.08407  5.02655  1.88496  -6.98642e-08  -0.225322
7.22566  5.02655  1.88496  -2.7879e-08  -0.132501
14.7655  5.02655  1.88496  -7.8622e-09  -0.0667274
-16.6504  5.02655  2.51327  -0.00349317  0.0591306
-7.22566  5.02655  2.51327  -0.0170476  0.130273
-5.34071  5.02655  2.51327  -0.0295444  0.170731
-4.08407  5.02655  2.51327  -0.0474876  0.214817
-2.82743  5.02655  2.51327  -0.088783  0.287991
-2.19911  5.02655  2.51327  -0.133282  0.344754
-1.5708  5.02655  2.51327  -0.220977  0.422079
-0.942478  5.02655  2.51327  -0.420718  0.505942
-0.314159  5.02655  2.51327  -0.862974  0.380154
0.314159  5.02655  2.51327  -0.862969  -0.380159
0.942478  5.02655  2.51327  -0.420715  -0.505941
1.5708  5.02655  2.51327  -0.220975  -0.422078
2.19911  5.02655  2.51327  -0.133282  -0.344753
2.82743  5.02655  2.51327  -0.0887825  -0.287991
4.08407  5.02655  2.51327  -0.0474874  -0.214817
7.22566  5.02655  2.51327  -0.0170475  -0.130273
14.7655  5.02655  2.51327  -0.00440967  -0.0664349
-16.6504  5.02655  3.14159  -0.00481226  0.0589442
-7.22566  5.02655  3.14159  -0.0232043  0.128308
-5.34071  5.02655  3.14159  -0.0397776  0.166332
-4.08407  5.02655  3.14159  -0.0629553  0.206079
-2.82743  5.02655  3.14159  -0.113695  0.266899
-2.19911  5.02655  3.14159  -0.164654  0.308254
-1.5708  5.02655  3.14159  -0.255289  0.352958
-0.942478  5.02655  3.14159  -0.423757  0.368771
-0.314159  5.02655  3.14159  -0.677023  0.215403
0.314159  5.02655  3.14159  -0.67702  -0.215406
0.942478  5.02655  3.14159  -0.423754  -0.368771
1.5708  5.02655  3.14159  -0.255288  -0.352958
2.19911  5.02655  3.14159  -0.164653  -0.308254
2.82743  5.02655  3.14159  -0.113694  -0.266899
4.08407  5.02655  3.14159  -0.062955  -0.206079
7.22566  5.02655  3.14159  -0.0232042  -0.128308
14.7655  5.02655  3.14159  -0.00606985  -0.0661709
-16.6504  5.02655  3.76991  -0.00349317  0.0591306
-7.22566  5.02655  3.76991  -0.0170476  0.130273
-5.34071  5.02655  3.76991  -0.0295444  0.170731
-4.08407  5.02655  3.76991  -0.0474876  0.214817
-2.82743  5.02655  3.76991  -0.088783  0.287991
-2.19911  5.02655  3.76991  -0.133282  0.344754
-1.5708  5.02655  3.76991  -0.220977  0.422079
-0.942478  5.02655  3.76991  -0.420718  0.505942
-0.314159  5.02655  3.76991  -0.862974  0.380154
0.314159  5.02655  3.76991  -0.862969  -0.380159
0.942478  5.02655  3.76991  -0.420715  -0.505941
1.5708  5.02655  3.76991  -0.220975  -0.422078
2.19911  5.02655  3.76991  -0.133282  -0.344753
2.82743  5.02655  3.76991  -0.0887825  -0.287991
4.08407  5.02655  3.76991  -0.0474874  -0.214817
7.22566  5.02655  3.76991  -0.0170475  -0.130273
14.7655  5.02655  3.76991  -0.00440967  -0.0664349
-16.6504  5.02655  4.39823  -4.99299e-09  0.0593369
-7.22566  5.02655  4.39823  -5.41631e-08  0.132502
-5.34071  5.02655  4.39823  -1.831e-08  0.175842
-4.08407  5.02655  4.39823  -7.16367e-08  0.225322
-2.82743  5.02655  4.39823  -1.91291e-07  0.315434
-2.19911  5.02655  4.39823  -2.9226e-07  0.396477
-1.5708  5.02655  4.39823  -5.27382e-07  0.5383
-0.942478  5.02655  4.39823  -1.31498e-06  0.85703
-0.314159  5.02655  4.39823  -9.54701e-06  2.32681
0.314159  5.02655  4.39823  -9.37349e-06  -2.32677
0.942478  5.02655  4.39823  -1.24992e-06  -0.857025
1.5708  5.02655  4.39823  -4.8393e-07  -0.538298
2.19911  5.02655  4.39823  -2.5644e-07  -0.396476
2.82743  5.02655  4.39823  -1.57133e-07  -0.315433
4.08407  5.02655  4.39823  -6.98642e-08  -0.225322
7.22566  5.02655  4.39823  -2.7879e-08  -0.132501
14.7655  5.02655  4.39823  -7.8622e-09  -0.0667274
-16.6504  5.02655  5.02655  0.0043097  0.0590221
-7.22566  5.02655  5.02655  0.0208836  0.129122
-5.34071  5.02655  5.02655  0.0359646  0.168146
-4.08407  5.02655  5.02655  0.0572992  0.209665
-2.82743  5.02655  5.02655  0.10504  0.275432
-2.19911  5.02655  5.02655  0.154461  0.322727
-1.5708  5.02655  5.02655  0.246087  0.379147
-0.942478  5.02655  5.02655  0.429537  0.415544
-0.314159  5.02655  5.02655  0.740453  0.260881
0.314159  5.02655  5.02655  0.740451  -0.260883
0.942478  5.02655  5.02655  0.429535  -0.415544
1.5708  5.02655  5.02655  0.246086  -0.379147
2.19911  5.02655  5.02655  0.15446  -0.322727
2.82743  5.02655  5.02655  0.10504  -0.275432
4.08407  5.02655  5.02655  0.0572991  -0.209665
7.22566  5.02655  5.02655  0.0208836  -0.129122
14.7655  5.02655  5.02655  0.00543776  -0.0662812
-16.6504  5.02655  5.65487  0.00770344  0.0583192
-7.22566  5.02655  5.65487  0.0357098  0.12205
-5.34071  5.02655  5.65487  0.0591785  0.152936
-4.08407  5.02655  5.65487  0.0895259  0.181056
-2.82743  5.02655  5.65487  0.147512  0.213708
-2.19911  5.02655  5.65487  0.196385  0.2266
-1.5708  5.02655  5.65487  0.266209  0.226267
-0.942478  5.02655  5.65487  0.357749  0.190396
-0.314159  5.02655  5.65487  0.443064  0.0850741
0.314159  5.02655  5.65487  0.443063  -0.0850748
0.942478  5.02655  5.65487  0.357749  -0.190397
1.5708  5.02655  5.65487  0.266208  -0.226267
2.19911  5.02655  5.65487  0.196385  -0.2266
2.82743  5.02655  5.65487  0.147512  -0.213708
4.08407  5.02655  5.65487  0.0895258  -0.181056
7.22566  5.02655  5.65487  0.0357098  -0.12205
14.7655  5.02655  5.65487  0.00968973  -0.0652892
-16.6504  5.02655  6.28319  0.00896235  0.0579507
-7.22566  5.02655  6.28319  0.0406221  0.118581
-5.34071  5.02655  6.28319  0.0660965  0.145888
-4.08407  5.02655  6.28319  0.0977046  0.168754
-2.82743  5.02655  6.28319  0.154266  0.190842
-2.19911  5.02655  6.28319  0.198405  0.195449
-1.5708  5.02655  6.28319  0.256511  0.186062
-0.942478  5.02655  6.28319  0.325001  0.147438
-0.314159  5.02655  6.28319  0.38204  0.0620508
0.314159  5.02655  6.28319  0.38204  -0.0620512
0.942478  5.02655  6.28319  0.325001  -0.147438
1.5708  5.02655  6.28319  0.256511  -0.186062
2.19911  5.02655  6.28319  0.198404  -0.195449
2.82743  5.02655  6.28319  0.154266  -0.190842
4.08407  5.02655  6.28319  0.0977045  -0.168754
7.22566  5.02655  6.28319  0.0406221  -0.118581
14.7655  5.02655  6.28319  0.011255  -0.0647716
-16.6504  5.65487  0  0.0121274  0.0567448
-7.22566  5.65487  0  0.0512372  0.108238
-5.34071  5.65487  0  0.0790867  0.126308
-4.08407  5.65487  0  0.109933  0.137347
-2.82743  5.65487  0  0.156879  0.140249
-2.19911  5.65487  0  0.187685  0.133462
-1.5708  5.65487  0  0.222198  0.1161
-0.942478  5.65487  0  0.255938  0.0833012
-0.314159  5.65487  0  0.279402  0.0323367
0.314159  5.65487  0  0.279402  -0.0323368
0.942478  5.65487  0  0.255938  -0.0833013
1.5708  5.65487  0  0.222198  -0.1161
2.19911  5.65487  0  0.187685  -0.133462
2.82743  5.65487  0  0.156879  -0.140249
4.08407  5.65487  0  0.109933  -0.137347
7.22566  5.65487  0  0.0512372  -0.108238
14.7655  5.65487  0  0.0151493  -0.0630893
-16.6504  5.65487  0.628319  0.0109428  0.0572449
-7.22566  5.65487  0.628319  0.0475706  0.112352
-5.34071  5.65487  0.628319  0.0749593  0.13385
-4.08407  5.65487  0.628319  0.10665  0.148991
-2.82743  5.65487  0.628319  0.157835  0.157828
-2.19911  5.65487  0.628319  0.193535  0.15399
-1.5708  5.65487  0.628319  0.235719  0.137909
-0.942478  5.65487  0.628319  0.279436  0.101979
-0.314159  5.65487  0.628319  0.31152  0.0404859
0.314159  5.65487  0.628319  0.31152  -0.0404862
0.942478  5.65487  0.628319  0.279436  -0.101979
1.5708  5.65487  0.628319  0.235719  -0.137909
2.19911  5.65487  0.628319  0.193535  -0.15399
2.82743  5.65487  0.628319  0.157835  -0.157828
4.08407  5.65487  0.628319  0.10665  -0.148991
7.22566  5.65487  0.628319  0.0475706  -0.112352
14.7655  5.65487  0.628319  0.0136995  -0.0637848
-16.6504  5.65487  1.25664  0.00770344  0.0583192
-7.22566  5.65487  1.25664  0.0357098  0.12205
-5.34071  5.65487  1.25664  0.0591785  0.152936
-4.08407  5.65487  1.25664  0.0895259  0.181056
-2.82743  5.65487  1.25664  0.147512  0.213708
-2.19911  5.65487  1.25664  0.196385  0.2266
-1.5708  5.65487  1.25664  0.266209  0.226267
-0.942478  5.65487  1.25664  0.357749  0.190396
-0.314159  5.65487  1.25664  0.443064  0.0850741
0.314159  5.65487  1.25664  0.443063  -0.0850748
0.942478  5.65487  1.25664  0.357749  -0.190397
1.5708  5.65487  1.25664  0.266208  -0.226267
2.19911  5.65487  1.25664  0.196385  -0.2266
2.82743  5.65487  1.25664  0.147512  -0.213708
4.08407  5.65487  1.25664  0.0895258  -0.181056
7.22566  5.65487  1.25664  0.0357098  -0.12205
14.7655  5.65487  1.25664  0.00968973  -0.0652892
-16.6504  5.65487  1.88496  0.00349316  0.0591306
-7.22566  5.65487  1.88496  0.0170475  0.130273
-5.34071  5.65487  1.88496  0.0295444  0.170731
-4.08407  5.65487  1.88496  0.0474875  0.214817
-2.82743  5.65487  1.88496  0.0887826  0.287992
-2.19911  5.65487  1.88496  0.133282  0.344754
-1.5708  5.65487  1.88496  0.220976  0.42208
-0.942478  5.65487  1.88496  0.420717  0.505943
-0.314159  5.65487  1.88496  0.862975  0.380157
0.314159  5.65487  1.88496  0.862972  -0.38016
0.942478  5.65487  1.88496  0.420715  -0.505943
1.5708  5.65487  1.88496  0.220975  -0.422079
2.19911  5.65487  1.88496  0.133281  -0.344754
2.82743  5.65487  1.88496  0.0887824  -0.287991
4.08407  5.65487  1.88496  0.0474873  -0.214817
7.22566  5.65487  1.88496  0.0170474  -0.130273
14.7655  5.65487  1.88496  0.00440965  -0.0664349
-16.6504  5.65487  2.51327  -5.036e-09  0.0593372
-7.22566  5.65487  2.51327  -5.34084e-08  0.132509
-5.34071  5.65487  2.51327  -1.86772e-08  0.175852
-4.08407  5.65487  2.51327  -7.22302e-08  0.22531
-2.82743  5.65487  2.51327  -1.91161e-07  0.315234
-2.19911  5.65487  2.51327  -2.91776e-07  0.395875
-1.5708  5.65487  2.51327  -5.24361e-07  0.536425
-0.942478  5.65487  2.51327  -1.29526e-06  0.850215
-0.314159  5.65487  2.51327  -9.18634e-06  2.28207
0.314159  5.65487  2.51327  -9.00742e-06  -2.28203
0.942478  5.65487  2.51327  -1.22734e-06  -0.85021
1.5708  5.65487  2.51327  -4.78409e-07  -0.536423
2.19911  5.65487  2.51327  -2.53218e-07  -0.395874
2.82743  5.65487  2.51327  -1.53157e-07  -0.315233
4.08407  5.65487  2.51327  -6.99116e-08  -0.22531
7.22566  5.65487  2.51327  -2.79252e-08  -0.132509
14.7655  5.65487  2.51327  -7.83493e-09  -0.066728
-16.6504  5.65487  3.14159  -0.00133832  0.0593071
-7.22566  5.65487  3.14159  -0.00660766  0.132181
-5.34071  5.65487  3.14159  -0.0115728  0.17509
-4.08407  5.65487  3.14159  -0.0188831  0.223716
-2.82743  5.65487  3.14159  -0.0365533  0.310889
-2.19911  5.65487  3.14159  -0.0570289  0.387323
-1.5708  5.65487  3.14159  -0.102493  0.515508
-0.942478  5.65487  3.14159  -0.242143  0.771987
-0.314159  5.65487  3.14159  -1.11498  1.33298
0.314159  5.65487  3.14159  -1.11496  -1.33297
0.942478  5.65487  3.14159  -0.242141  -0.771984
1.5708  5.65487  3.14159  -0.102492  -0.515506
2.19911  5.65487  3.14159  -0.0570285  -0.387322
2.82743  5.65487  3.14159  -0.036553  -0.310888
4.08407  5.65487  3.14159  -0.018883  -0.223715
7.22566  5.65487  3.14159  -0.00660762  -0.132181
14.7655  5.65487  3.14159  -0.00169079  -0.0666853
-16.6504  5.65487  3.76991  -5.036e-09  0.0593372
-7.22566  5.65487  3.76991  -5.34084e-08  0.132509
-5.34071  5.65487  3.76991  -1.86772e-08  0.175852
-4.08407  5.65487  3.76991  -7.22302e-08  0.22531
-2.82743  5.65487  3.76991  -1.91161e-07  0.315234
-2.19911  5.65487  3.76991  -2.91776e-07  0.395875
-1.5708  5.65487  3.76991  -5.24361e-07  0.536425
-0.942478  5.65487  3.76991  -1.29526e-06  0.850215
-0.314159  5.65487  3.76991  -9.18634e-06  2.28207
0.314159  5.65487  3.76991  -9.00742e-06  -2.28203
0.942478  5.65487  3.76991  -1.22734e-06  -0.85021
1.5708  5.65487  3.76991  -4.78409e-07  -0.536423
2.19911  5.65487  3.76991  -2.53218e-07  -0.395874
2.82743  5.65487  3.76991  -1.53157e-07  -0.315233
4.08407  5.65487  3.76991  -6.99116e-08  -0.22531
7.22566  5.65487  3.76991  -2.79252e-08  -0.132509
14.7655  5.65487  3.76991  -7.83493e-09  -0.066728
-16.6504  5.65487  4.39823  0.00349316  0.0591306
-7.22566  5.65487  4.39823  0.0170475  0.130273
-5.34071  5.65487  4.39823  0.0295444  0.170731
-4.08407  5.65487  4.39823  0.0474875  0.214817
-2.82743  5.65487  4.39823  0.0887826  0.287992
-2.19911  5.65487  4.39823  0.133282  0.344754
-1.5708  5.65487  4.39823  0.220976  0.42208
-0.942478  5.65487  4.39823  0.420717  0.505943
-0.314159  5.65487  4.39823  0.862975  0.380157
0.314159  5.65487  4.39823  0.862972  -0.38016
0.942478  5.65487  4.39823  0.420715  -0.505943
1.5708  5.65487  4.39823  0.220975  -0.422079
2.19911  5.65487  4.39823  0.133281  -0.344754
2.82743  5.65487  4.39823  0.0887824  -0.287991
4.08407  5.65487  4.39823  0.0474873  -0.214817
7.22566  5.65487  4.39823  0.0170474  -0.130273
14.7655  5.65487  4.39823  0.00440965  -0.0664349
-16.6504  5.65487  5.02655  0.00770344  0.0583192
-7.22566  5.65487  5.02655  0.0357098  0.12205
-5.34071  5.65487  5.02655  0.0591785  0.152936
-4.08407  5.65487  5.02655  0.0895259  0.181056
-2.82743  5.65487  5.02655  0.147512  0.213708
-2.19911  5.65487  5.02655  0.196385  0.2266
-1.5708  5.65487  5.02655  0.266209  0.226267
-0.942478  5.65487  5.02655  0.357749  0.190396
-0.314159  5.65487  5.02655  0.443064  0.0850741
0.314159  5.65487  5.02655  0.443063  -0.0850748
0.942478  5.65487  5.02655  0.357749  -0.190397
1.5708  5.65487  5.02655  0.266208  -0.226267
2.19911  5.65487  5.02655  0.196385  -0.2266
2.82743  5.65487  5.02655  0.147512  -0.213708
4.08407  5.65487  5.02655  0.0895258  -0.181056
7.22566  5.65487  5.02655  0.0357098  -0.12205
14.7655  5.65487  5.02655  0.00968973  -0.0652892
-16.6504  5.65487  5.65487  0.0109428  0.0572449
-7.22566  5.65487  5.65487  0.0475706  0.112352
-5.34071  5.65487  5.65487  0.0749593  0.13385
-4.08407  5.65487  5.65487  0.10665  0.148991
-2.82743  5.65487  5.65487  0.157835  0.157828
-2.19911  5.65487  5.65487  0.193535  0.15399
-1.5708  5.65487  5.65487  0.235719  0.137909
-0.942478  5.65487  5.65487  0.279436  0.101979
-0.314159  5.65487  5.65487  0.31152  0.0404859
0.314159  5.65487  5.65487  0.31152  -0.0404862
0.942478  5.65487  5.65487  0.279436  -0.101979
1.5708  5.65487  5.65487  0.235719  -0.137909
2.19911  5.65487  5.65487  0.193535  -0.15399
2.82743  5.65487  5.65487  0.157835  -0.157828
4.08407  5.65487  5.65487  0.10665  -0.148991
7.22566  5.65487  5.65487  0.0475706  -0.112352
14.7655  5.65487  5.65487  0.0136995  -0.0637848
-16.6504  5.65487  6.28319  0.0121274  0.0567448
-7.22566  5.65487  6.28319  0.0512372  0.108238
-5.34071  5.65487  6.28319  0.0790867  0.126308
-4.08407  5.65487  6.28319  0.109933  0.137347
-2.82743  5.65487  6.28319  0.156879  0.140249
-2.19911  5.65487  6.28319  0.187685  0.133462
-1.5708  5.65487  6.28319  0.222198  0.1161
-0.942478  5.65487  6.28319  0.255938  0.0833012
-0.314159  5.65487  6.28319  0.279402  0.0323367
0.314159  5.65487  6.28319  0.279402  -0.0323368
0.942478  5.65487  6.28319  0.255938  -0.0833013
1.5708  5.65487  6.28319  0.222198  -0.1161
2.19911  5.65487  6.28319  0.187685  -0.133462
2.82743  5.65487  6.28319  0.156879  -0.140249
4.08407  5.65487  6.28319  0.109933  -0.137347
7.22566  5.65487  6.28319  0.0512372  -0.108238
14.7655  5.65487  6.28319  0.0151493  -0.0630893
-16.6504  6.28319  0  0.0132786  0.0561992
-7.22566  6.28319  0  0.0544297  0.104005
-5.34071  6.28319  0  0.0822841  0.118865
-4.08407  6.28319  0  0.111837  0.126368
-2.82743  6.28319  0  0.154391  0.124785
-2.19911  6.28319  0  0.180836  0.116212
-1.5708  6.28319  0  0.20916  0.0986986
-0.942478  6.28319  0  0.235575  0.0691605
-0.314159  6.28319  0  0.253212  0.0263371
0.314159  6.28319  0  0.253212  -0.0263372
0.942478  6.28319  0  0.235575  -0.0691606
1.5708  6.28319  0  0.20916  -0.0986986
2.19911  6.28319  0  0.180836  -0.116212
2.82743  6.28319  0  0.15439  -0.124785
4.08407  6.28319  0  0.111837  -0.126368
7.22566  6.28319  0  0.0544296  -0.104005
14.7655  6.28319  0  0.0165478  -0.062334
-16.6504  6.28319  0.628319  0.0121274  0.0567448
-7.22566  6.28319  0.628319  0.0512372  0.108238
-5.34071  6.28319  0.628319  0.0790867  0.126308
-4.08407  6.28319  0.628319  0.109933  0.137347
-2.82743  6.28319  0.628319  0.156879  0.140249
-2.19911  6.28319  0.628319  0.187685  0.133462
-1.5708  6.28319  0.628319  0.222198  0.1161
-0.942478  6.28319  0.628319  0.255938  0.0833012
-0.314159  6.28319  0.628319  0.279402  0.0323367
0.314159  6.28319  0.628319  0.279402  -0.0323368
0.942478  6.28319  0.628319  0.255938  -0.0833013
1.5708  6.28319  0.628319  0.222198  -0.1161
2.19911  6.28319  0.628319  0.187685  -0.133462
2.82743  6.28319  0.628319  0.156879  -0.140249
4.08407  6.28319  0.628319  0.109933  -0.137347
7.22566  6.28319  0.628319  0.0512372  -0.108238
14.7655  6.28319  0.628319  0.0151493  -0.0630893
-16.6504  6.28319  1.25664  0.00896235  0.0579507
-7.22566  6.28319  1.25664  0.0406221  0.118581
-5.34071  6.28319  1.25664  0.0660965  0.145888
-4.08407  6.28319  1.25664  0.0977046  0.168754
-2.82743  6.28319  1.25664  0.154266  0.190842
-2.19911  6.28319  1.25664  0.198405  0.195449
-1.5708  6.28319  1.25664  0.256511  0.186062
-0.942478  6.28319  1.25664  0.325001  0.147438
-0.314159  6.28319  1.25664  0.38204  0.0620508
0.314159  6.28319  1.25664  0.38204  -0.0620512
0.942478  6.28319  1.25664  0.325001  -0.147438
1.5708  6.28319  1.25664  0.256511  -0.186062
2.19911  6.28319  1.25664  0.198404  -0.195449
2.82743  6.28319  1.25664  0.154266  -0.190842
4.08407  6.28319  1.25664  0.0977045  -0.168754
7.22566  6.28319  1.25664  0.0406221  -0.118581
14.7655  6.28319  1.25664  0.011255  -0.0647716
-16.6504  6.28319  1.88496  0.00481225  0.0589441
-7.22566  6.28319  1.88496  0.0232042  0.128308
-5.34071  6.28319  1.88496  0.0397776  0.166332
-4.08407  6.28319  1.88496  0.0629551  0.206079
-2.82743  6.28319  1.88496  0.113694  0.266899
-2.19911  6.28319  1.88496  0.164653  0.308255
-1.5708  6.28319  1.88496  0.255289  0.352959
-0.942478  6.28319  1.88496  0.423757  0.368772
-0.314159  6.28319  1.88496  0.677023  0.215404
0.314159  6.28319  1.88496  0.677022  -0.215406
0.942478  6.28319  1.88496  0.423755  -0.368772
1.5708  6.28319  1.88496  0.255288  -0.352959
2.19911  6.28319  1.88496  0.164653  -0.308254
2.82743  6.28319  1.88496  0.113694  -0.266899
4.08407  6.28319  1.88496  0.062955  -0.206079
7.22566  6.28319  1.88496  0.0232041  -0.128308
14.7655  6.28319  1.88496  0.00606983  -0.0661709
-16.6504  6.28319  2.51327  0.00133831  0.0593071
-7.22566  6.28319  2.51327  0.00660756  0.132181
-5.34071  6.28319  2.51327  0.0115728  0.17509
-4.08407  6.28319  2.51327  0.0188829  0.223716
-2.82743  6.28319  2.51327  0.0365529  0.310889
-2.19911  6.28319  2.51327  0.0570283  0.387323
-1.5708  6.28319  2.51327  0.102492  0.515508
-0.942478  6.28319  2.51327  0.242141  0.771988
-0.314159  6.28319  2.51327  1.11498  1.33299
0.314159  6.28319  2.51327  1.11496  -1.33298
0.942478  6.28319  2.51327  0.242139  -0.771985
1.5708  6.28319  2.51327  0.102491  -0.515507
2.19911  6.28319  2.51327  0.057028  -0.387322
2.82743  6.28319  2.51327  0.0365528  -0.310888
4.08407  6.28319  2.51327  0.0188829  -0.223715
7.22566  6.28319  2.51327  0.00660756  -0.132181
14.7655  6.28319  2.51327  0.00169078  -0.0666853
-16.6504  6.28319  3.14159  -5.05913e-09  0.0593374
-7.22566  6.28319  3.14159  -5.30224e-08  0.132514
-5.34071  6.28319  3.14159  -1.88282e-08  0.175859
-4.08407  6.28319  3.14159  -7.24849e-08  0.225311
-2.82743  6.28319  3.14159  -1.90999e-07  0.31514
-2.19911  6.28319  3.14159  -2.91356e-07  0.395554
-1.5708  6.28319  3.14159  -5.22176e-07  0.535264
-0.942478  6.28319  3.14159  -1.27893e-06  0.844845
-0.314159  6.28319  3.14159  -8.73657e-06  2.22566
0.314159  6.28319  3.14159  -8.55997e-06  -2.22563
0.942478  6.28319  3.14159  -1.2096e-06  -0.844841
1.5708  6.28319  3.14159  -4.74643e-07  -0.535262
2.19911  6.28319  3.14159  -2.51043e-07  -0.395553
2.82743  6.28319  3.14159  -1.5084e-07  -0.31514
4.08407  6.28319  3.14159  -7.02488e-08  -0.22531
7.22566  6.28319  3.14159  -2.79841e-08  -0.132514
14.7655  6.28319  3.14159  -7.80651e-09  -0.0667283
-16.6504  6.28319  3.76991  0.00133831  0.0593071
-7.22566  6.28319  3.76991  0.00660756  0.132181
-5.34071  6.28319  3.76991  0.0115728  0.17509
-4.08407  6.28319  3.76991  0.0188829  0.223716
-2.82743  6.28319  3.76991  0.0365529  0.310889
-2.19911  6.28319  3.76991  0.0570283  0.387323
-1.5708  6.28319  3.76991  0.102492  0.515508
-0.942478  6.28319  3.76991  0.242141  0.771988
-0.314159  6.28319  3.76991  1.11498  1.33299
0.314159  6.28319  3.76991  1.11496  -1.33298
0.942478  6.28319  3.76991  0.242139  -0.771985
1.5708  6.28319  3.76991  0.102491  -0.515507
2.19911  6.28319  3.76991  0.057028  -0.387322
2.82743  6.28319  3.76991  0.0365528  -0.310888
4.08407  6.28319  3.76991  0.0188829  -0.223715
7.22566  6.28319  3.76991  0.00660756  -0.132181
14.7655  6.28319  3.76991  0.00169078  -0.0666853
-16.6504  6.28319  4.39823  0.00481225  0.0589441
-7.22566  6.28319  4.39823  0.0232042  0.128308
-5.34071  6.28319  4.39823  0.0397776  0.166332
-4.08407  6.28319  4.39823  0.0629551  0.206079
-2.82743  6.28319  4.39823  0.113694  0.266899
-2.19911  6.28319  4.39823  0.164653  0.308255
-1.5708  6.28319  4.39823  0.255289  0.352959
-0.942478  6.28319  4.39823  0.423757  0.368772
-0.314159  6.28319  4.39823  0.677023  0.215404
0.314159  6.28319  4.39823  0.677022  -0.215406
0.942478  6.28319  4.39823  0.423755  -0.368772
1.5708  6.28319  4.39823  0.255288  -0.352959
2.19911  6.28319  4.39823  0.164653  -0.308254
2.82743  6.28319  4.39823  0.113694  -0.266899
4.08407  6.28319  4.39823  0.062955  -0.206079
7.22566  6.28319  4.39823  0.0232041  -0.128308
14.7655  6.28319  4.39823  0.00606983  -0.0661709
-16.6504  6.28319  5.02655  0.00896235  0.0579507
-7.22566  6.28319  5.02655  0.0406221  0.118581
-5.34071  6.28319  5.02655  0.0660965  0.145888
-4.08407  6.28319  5.02655  0.0977046  0.168754
-2.82743  6.28319  5.02655  0.154266  0.190842
-2.19911  6.28319  5.02655  0.198405  0.195449
-1.5708  6.28319  5.02655  0.256511  0.186062
-0.942478  6.28319  5.02655  0.325001  0.147438
-0.314159  6.28319  5.02655  0.38204  0.0620508
0.314159  6.28319  5.02655  0.38204  -0.0620512
0.942478  6.28319  5.02655  0.325001  -0.147438
1.5708  6.28319  5.02655  0.256511  -0.186062
2.19911  6.28319  5.02655  0.198404  -0.195449
2.82743  6.28319  5.02655  0.154266  -0.190842
4.08407  6.28319  5.02655  0.0977045  -0.168754
7.22566  6.28319  5.02655  0.0406221  -0.118581
14.7655  6.28319  5.02655  0.011255  -0.0647716
-16.6504  6.28319  5.65487  0.0121274  0.0567448
-7.22566  6.28319  5.65487  0.0512372  0.108238
-5.34071  6.28319  5.65487  0.0790867  0.126308
-4.08407  6.28319  5.65487  0.109933  0.137347
-2.82743  6.28319  5.65487  0.156879  0.140249
-2.19911  6.28319  5.65487  0.187685  0.133462
-1.5708  6.28319  5.65487  0.222198  0.1161
-0.942478  6.28319  5.65487  0.255938  0.0833012
-0.314159  6.28319  5.65487  0.279402  0.0323367
0.314159  6.28319  5.65487  0.279402  -0.0323368
0.942478  6.28319  5.65487  0.255938  -0.0833013
1.5708  6.28319  5.65487  0.222198  -0.1161
2.19911  6.28319  5.65487  0.187685  -0.133462
2.82743  6.28319  5.65487  0.156879  -0.140249
4.08407  6.28319  5.65487  0.109933  -0.137347
7.22566  6.28319  5.65487  0.0512372  -0.108238
14.7655  6.28319  5.65487  0.0151493  -0.0630893
-16.6504  6.28319  6.28319  0.0132786  0.0561992
-7.22566  6.28319  6.28319  0.0544297  0.104005
-5.34071  6.28319  6.28319  0.0822841  0.118865
-4.08407  6.28319  6.28319  0.111837  0.126368
-2.82743  6.28319  6.28319  0.154391  0.124785
-2.19911  6.28319  6.28319  0.180836  0.116212
-1.5708  6.28319  6.28319  0.20916  0.0986986
-0.942478  6.28319  6.28319  0.235575  0.0691605
-0.314159  6.28319  6.28319  0.253212  0.0263371
0.314159  6.28319  6.28319  0.253212  -0.0263372
0.942478  6.28319  6.28319  0.235575  -0.0691606
1.5708  6.28319  6.28319  0.20916  -0.0986986
2.19911  6.28319  6.28319  0.180836  -0.116212
2.82743  6.28319  6.28319  0.15439  -0.124785
4.08407  6.28319  6.28319  0.111837  -0.126368
7.22566  6.28319  6.28319  0.0544296  -0.104005
14.7655  6.28319  6.28319  0.0165478  -0.062334
