-16.6504  0  0  0.0180107  0.20256
-7.22566  0  0  0.0500188  0.322055
-5.34071  0  0  0.0628763  0.346733
-4.08407  0  0  0.0726227  0.353566
-2.82743  0  0  0.0822234  0.339077
-2.19911  0  0  0.0863728  0.315921
-1.5708  0  0  0.0896814  0.274412
-0.942478  0  0  0.0919137  0.204863
-0.314159  0  0  0.0930014  0.0922162
0.314159  0  0  0.0930014  -0.0922172
0.942478  0  0  0.0919138  -0.204864
1.5708  0  0  0.0896815  -0.274413
2.19911  0  0  0.0863729  -0.315923
2.82743  0  0  0.0822237  -0.339078
4.08407  0  0  0.0726237  -0.353567
7.22566  0  0  0.0500176  -0.322059
14.7655  0  0  0.0215576  -0.220956
-16.6504  0  0.628319  0.0162316  0.202551
-7.22566  0  0.628319  0.0451614  0.321956
-5.34071  0  0.628319  0.0569327  0.346678
-4.08407  0  0.628319  0.0660104  0.353712
-2.82743  0  0.628319  0.0752125  0.339832
-2.19911  0  0.628319  0.0793338  0.317238
-1.5708  0  0.628319  0.0827258  0.276427
-0.942478  0  0.628319  0.0850897  0.207406
-0.314159  0  0.628319  0.0862694  0.094591
0.314159  0  0.628319  0.0862694  -0.0945926
0.942478  0  0.628319  0.0850897  -0.207407
1.5708  0  0.628319  0.0827259  -0.276429
2.19911  0  0.628319  0.079334  -0.31724
2.82743  0  0.628319  0.0752127  -0.339834
4.08407  0  0.628319  0.0660112  -0.353715
7.22566  0  0.628319  0.0451603  -0.321962
14.7655  0  0.628319  0.0194279  -0.220941
-16.6504  0  1.25664  0.0116442  0.202513
-7.22566  0  1.25664  0.0325696  0.321661
-5.34071  0  1.25664  0.0413808  0.346476
-4.08407  0  1.25664  0.0484905  0.35401
-2.82743  0  1.25664  0.0562672  0.34172
-2.19911  0  1.25664  0.0601052  0.320704
-1.5708  0  1.25664  0.0635753  0.282093
-0.942478  0  1.25664  0.0662792  0.215135
-0.314159  0  1.25664  0.0677814  0.100052
0.314159  0  1.25664  0.0677814  -0.100055
0.942478  0  1.25664  0.0662793  -0.215138
1.5708  0  1.25664  0.0635754  -0.282096
2.19911  0  1.25664  0.0601052  -0.320707
2.82743  0  1.25664  0.0562673  -0.341724
4.08407  0  1.25664  0.048491  -0.354013
7.22566  0  1.25664  0.0325684  -0.321668
14.7655  0  1.25664  0.0139373  -0.220884
-16.6504  0  1.88496  0.00608309  0.202446
-7.22566  0  1.88496  0.0171287  0.321246
-5.34071  0  1.88496  0.0219779  0.346141
-4.08407  0  1.88496  0.0261107  0.35423
-2.82743  0  1.88496  0.0310617  0.343839
-2.19911  0  1.88496  0.0338027  0.32484
-1.5708  0  1.88496  0.0365878  0.289307
-0.942478  0  1.88496  0.0391054  0.22614
-0.314159  0  1.88496  0.0406876  0.112587
0.314159  0  1.88496  0.0406875  -0.112592
0.942478  0  1.88496  0.0391054  -0.226145
1.5708  0  1.88496  0.0365877  -0.289311
2.19911  0  1.88496  0.0338026  -0.324844
2.82743  0  1.88496  0.0310615  -0.343844
4.08407  0  1.88496  0.026111  -0.354235
7.22566  0  1.88496  0.0171274  -0.321254
14.7655  0  1.88496  0.00728121  -0.220791
-16.6504  0  2.51327  0.00166867  0.202378
-7.22566  0  2.51327  0.00472377  0.320875
-5.34071  0  2.51327  0.00610879  0.345801
-4.08407  0  2.51327  0.00734347  0.35427
-2.82743  0  2.51327  0.00893225  0.345289
-2.19911  0  2.51327  0.00989248  0.327925
-1.5708  0  2.51327  0.0109588  0.295273
-0.942478  0  2.51327  0.012058  0.236853
-0.314159  0  2.51327  0.0127716  0.127223
0.314159  0  2.51327  0.0127715  -0.127229
0.942478  0  2.51327  0.0120579  -0.23686
1.5708  0  2.51327  0.0109587  -0.295279
2.19911  0  2.51327  0.00989227  -0.327931
2.82743  0  2.51327  0.0089319  -0.345295
4.08407  0  2.51327  0.0073435  -0.354277
7.22566  0  2.51327  0.00472239  -0.320884
14.7655  0  2.51327  0.00199742  -0.220698
-16.6504  0  3.14159  1.43688e-06  0.202349
-7.22566  0  3.14159  3.01952e-06  0.320725
-5.34071  0  3.14159  6.08805e-07  0.345653
-4.08407  0  3.14159  1.42786e-06  0.354248
-2.82743  0  3.14159  1.9232e-06  0.345757
-2.19911  0  3.14159  1.86214e-06  0.328986
-1.5708  0  3.14159  1.82256e-06  0.297441
-0.942478  0  3.14159  1.79181e-06  0.241171
-0.314159  0  3.14159  1.76369e-06  0.135145
0.314159  0  3.14159  1.72809e-06  -0.135152
0.942478  0  3.14159  1.6947e-06  -0.241177
1.5708  0  3.14159  1.65666e-06  -0.297448
2.19911  0  3.14159  1.6045e-06  -0.328993
2.82743  0  3.14159  1.51883e-06  -0.345764
4.08407  0  3.14159  1.38381e-06  -0.354255
7.22566  0  3.14159  1.59364e-06  -0.320735
14.7655  0  3.14159  1.75322e-06  -0.22066
-16.6504  0  3.76991  0.00166867  0.202378
-7.22566  0  3.76991  0.00472377  0.320875
-5.34071  0  3.76991  0.00610879  0.345801
-4.08407  0  3.76991  0.00734347  0.35427
-2.82743  0  3.76991  0.00893225  0.345289
-2.19911  0  3.76991  0.00989248  0.327925
-1.5708  0  3.76991  0.0109588  0.295273
-0.942478  0  3.76991  0.012058  0.236853
-0.314159  0  3.76991  0.0127716  0.127223
0.314159  0  3.76991  0.0127715  -0.127229
0.942478  0  3.76991  0.0120579  -0.23686
1.5708  0  3.76991  0.0109587  -0.295279
2.19911  0  3.76991  0.00989227  -0.327931
2.82743  0  3.76991  0.0089319  -0.345295
4.08407  0  3.76991  0.0073435  -0.354277
7.22566  0  3.76991  0.00472239  -0.320884
14.7655  0  3.76991  0.00199742  -0.220698
-16.6504  0  4.39823  0.00608309  0.202446
-7.22566  0  4.39823  0.0171287  0.321246
-5.34071  0  4.39823  0.0219779  0.346141
-4.08407  0  4.39823  0.0261107  0.35423
-2.82743  0  4.39823  0.0310617  0.343839
-2.19911  0  4.39823  0.0338027  0.32484
-1.5708  0  4.39823  0.0365878  0.289307
-0.942478  0  4.39823  0.0391054  0.22614
-0.314159  0  4.39823  0.0406876  0.112587
0.314159  0  4.39823  0.0406875  -0.112592
0.942478  0  4.39823  0.0391054  -0.226145
1.5708  0  4.39823  0.0365877  -0.289311
2.19911  0  4.39823  0.0338026  -0.324844
2.82743  0  4.39823  0.0310615  -0.343844
4.08407  0  4.39823  0.026111  -0.354235
7.22566  0  4.39823  0.0171274  -0.321254
14.7655  0  4.39823  0.00728121  -0.220791
-16.6504  0  5.02655  0.0116442  0.202513
-7.22566  0  5.02655  0.0325696  0.321661
-5.34071  0  5.02655  0.0413808  0.346476
-4.08407  0  5.02655  0.0484905  0.35401
-2.82743  0  5.02655  0.0562672  0.34172
-2.19911  0  5.02655  0.0601052  0.320704
-1.5708  0  5.02655  0.0635753  0.282093
-0.942478  0  5.02655  0.0662792  0.215135
-0.314159  0  5.02655  0.0677814  0.100052
0.314159  0  5.02655  0.0677814  -0.100055
0.942478  0  5.02655  0.0662793  -0.215138
1.5708  0  5.02655  0.0635754  -0.282096
2.19911  0  5.02655  0.0601052  -0.320707
2.82743  0  5.02655  0.0562673  -0.341724
4.08407  0  5.02655  0.048491  -0.354013
7.22566  0  5.02655  0.0325684  -0.321668
14.7655  0  5.02655  0.0139373  -0.220884
-16.6504  0  5.65487  0.0162316  0.202551
-7.22566  0  5.65487  0.0451614  0.321956
-5.34071  0  5.65487  0.0569327  0.346678
-4.08407  0  5.65487  0.0660104  0.353712
-2.82743  0  5.65487  0.0752125  0.339832
-2.19911  0  5.65487  0.0793338  0.317238
-1.5708  0  5.65487  0.0827258  0.276427
-0.942478  0  5.65487  0.0850897  0.207406
-0.314159  0  5.65487  0.0862694  0.094591
0.314159  0  5.65487  0.0862694  -0.0945926
0.942478  0  5.65487  0.0850897  -0.207407
1.5708  0  5.65487  0.0827259  -0.276429
2.19911  0  5.65487  0.079334  -0.31724
2.82743  0  5.65487  0.0752127  -0.339834
4.08407  0  5.65487  0.0660112  -0.353715
7.22566  0  5.65487  0.0451603  -0.321962
14.7655  0  5.65487  0.0194279  -0.220941
-16.6504  0  6.28319  0.0180107  0.20256
-7.22566  0  6.28319  0.0500188  0.322055
-5.34071  0  6.28319  0.0628763  0.346733
-4.08407  0  6.28319  0.0726227  0.353566
-2.82743  0  6.28319  0.0822234  0.339077
-2.19911  0  6.28319  0.0863728  0.315921
-1.5708  0  6.28319  0.0896814  0.274412
-0.942478  0  6.28319  0.0919137  0.204863
-0.314159  0  6.28319  0.0930014  0.0922162
0.314159  0  6.28319  0.0930014  -0.0922172
0.942478  0  6.28319  0.0919138  -0.204864
1.5708  0  6.28319  0.0896815  -0.274413
2.19911  0  6.28319  0.0863729  -0.315923
2.82743  0  6.28319  0.0822237  -0.339078
4.08407  0  6.28319  0.0726237  -0.353567
7.22566  0  6.28319  0.0500176  -0.322059
14.7655  0  6.28319  0.0215576  -0.220956
-16.6504  0.628319  0  0.0162316  0.202551
-7.22566  0.628319  0  0.0451614  0.321956
-5.34071  0.628319  0  0.0569327  0.346678
-4.08407  0.628319  0  0.0660104  0.353712
-2.82743  0.628319  0  0.0752125  0.339832
-2.19911  0.628319  0  0.0793338  0.317238
-1.5708  0.628319  0  0.0827258  0.276427
-0.942478  0.628319  0  0.0850897  0.207406
-0.314159  0.628319  0  0.0862694  0.094591
0.314159  0.628319  0  0.0862694  -0.0945926
0.942478  0.628319  0  0.0850897  -0.207407
1.5708  0.628319  0  0.0827259  -0.276429
2.19911  0.628319  0  0.079334  -0.31724
2.82743  0.628319  0  0.0752127  -0.339834
4.08407  0.628319  0  0.0660112  -0.353715
7.22566  0.628319  0  0.0451603  -0.321962
14.7655  0.628319  0  0.0194279  -0.220941
-16.6504  0.628319  0.628319  0.0144859  0.202545
-7.22566  0.628319  0.628319  0.0403775  0.321877
-5.34071  0.628319  0.628319  0.051033  0.346625
-4.08407  0.628319  0.628319  0.0593785  0.35381
-2.82743  0.628319  0.628319  0.0680718  0.340423
-2.19911  0.628319  0.628319  0.0721082  0.31834
-1.5708  0.628319  0.628319  0.0755471  0.278286
-0.942478  0.628319  0.628319  0.0780362  0.210033
-0.314159  0.628319  0.628319  0.0793165  0.0961008
0.314159  0.628319  0.628319  0.0793165  -0.0961029
0.942478  0.628319  0.628319  0.0780362  -0.210035
1.5708  0.628319  0.628319  0.0755472  -0.278288
2.19911  0.628319  0.628319  0.0721083  -0.318343
2.82743  0.628319  0.628319  0.0680719  -0.340426
4.08407  0.628319  0.628319  0.0593792  -0.353812
7.22566  0.628319  0.628319  0.0403764  -0.321883
14.7655  0.628319  0.628319  0.0173387  -0.22093
-16.6504  0.628319  1.25664  0.00994564  0.202516
-7.22566  0.628319  1.25664  0.0278469  0.321635
-5.34071  0.628319  1.25664  0.0354265  0.346441
-4.08407  0.628319  1.25664  0.0415947  0.353997
-2.82743  0.628319  1.25664  0.0484598  0.341854
-2.19911  0.628319  1.25664  0.0519373  0.321053
-1.5708  0.628319  1.25664  0.0551741  0.282881
-0.942478  0.628319  1.25664  0.0577945  0.216813
-0.314159  0.628319  1.25664  0.0593109  0.103807
0.314159  0.628319  1.25664  0.0593109  -0.103811
0.942478  0.628319  1.25664  0.0577945  -0.216817
1.5708  0.628319  1.25664  0.0551741  -0.282884
2.19911  0.628319  1.25664  0.0519373  -0.321057
2.82743  0.628319  1.25664  0.0484598  -0.341858
4.08407  0.628319  1.25664  0.0415952  -0.354001
7.22566  0.628319  1.25664  0.0278457  -0.321642
14.7655  0.628319  1.25664  0.0119046  -0.220887
-16.6504  0.628319  1.88496  0.00440867  0.202461
-7.22566  0.628319  1.88496  0.0124078  0.321297
-5.34071  0.628319  1.88496  0.0159083  0.346164
-4.08407  0.628319  1.88496  0.0188851  0.354163
-2.82743  0.628319  1.88496  0.022449  0.343529
-2.19911  0.628319  1.88496  0.0244296  0.324348
-1.5708  0.628319  1.88496  0.0264591  0.288735
-0.942478  0.628319  1.88496  0.0283252  0.226032
-0.314159  0.628319  1.88496  0.0295425  0.113346
0.314159  0.628319  1.88496  0.0295424  -0.113351
0.942478  0.628319  1.88496  0.0283252  -0.226038
1.5708  0.628319  1.88496  0.026459  -0.28874
2.19911  0.628319  1.88496  0.0244295  -0.324354
2.82743  0.628319  1.88496  0.0224488  -0.343535
4.08407  0.628319  1.88496  0.0188853  -0.354169
7.22566  0.628319  1.88496  0.0124065  -0.321305
14.7655  0.628319  1.88496  0.00527707  -0.220811
-16.6504  0.628319  2.51327  1.43032e-06  0.202402
-7.22566  0.628319  2.51327  3.04172e-06  0.320996
-5.34071  0.628319  2.51327  6.03977e-07  0.345908
-4.08407  0.628319  2.51327  1.42284e-06  0.354251
-2.82743  0.628319  2.51327  1.92369e-06  0.344814
-2.19911  0.628319  2.51327  1.8618e-06  0.326932
-1.5708  0.628319  2.51327  1.82227e-06  0.293398
-0.942478  0.628319  2.51327  1.79184e-06  0.233696
-0.314159  0.628319  2.51327  1.76394e-06  0.12404
0.314159  0.628319  2.51327  1.72964e-06  -0.124046
0.942478  0.628319  2.51327  1.6979e-06  -0.233702
1.5708  0.628319  2.51327  1.66259e-06  -0.293405
2.19911  0.628319  2.51327  1.61577e-06  -0.326939
2.82743  0.628319  2.51327  1.54125e-06  -0.344821
4.08407  0.628319  2.51327  1.37717e-06  -0.354258
7.22566  0.628319  2.51327  1.5904e-06  -0.321007
14.7655  0.628319  2.51327  1.75962e-06  -0.220733
-16.6504  0.628319  3.14159  -0.00166581  0.202377
-7.22566  0.628319  3.14159  -0.00471771  0.320874
-5.34071  0.628319  3.14159  -0.00610757  0.3458
-4.08407  0.628319  3.14159  -0.00734062  0.35427
-2.82743  0.628319  3.14159  -0.0089284  0.345288
-2.19911  0.628319  3.14159  -0.00988876  0.327924
-1.5708  0.628319  3.14159  -0.0109551  0.295273
-0.942478  0.628319  3.14159  -0.0120544  0.236853
-0.314159  0.628319  3.14159  -0.012768  0.127222
0.314159  0.628319  3.14159  -0.0127681  -0.127229
0.942478  0.628319  3.14159  -0.0120545  -0.23686
1.5708  0.628319  3.14159  -0.0109553  -0.29528
2.19911  0.628319  3.14159  -0.00988905  -0.327932
2.82743  0.628319  3.14159  -0.00892885  -0.345296
4.08407  0.628319  3.14159  -0.00734074  -0.354277
7.22566  0.628319  3.14159  -0.0047192  -0.320885
14.7655  0.628319  3.14159  -0.0019939  -0.220699
-16.6504  0.628319  3.76991  1.43032e-06  0.202402
-7.22566  0.628319  3.76991  3.04172e-06  0.320996
-5.34071  0.628319  3.76991  6.03977e-07  0.345908
-4.08407  0.628319  3.76991  1.42284e-06  0.354251
-2.82743  0.628319  3.76991  1.92369e-06  0.344814
-2.19911  0.628319  3.76991  1.8618e-06  0.326932
-1.5708  0.628319  3.76991  1.82227e-06  0.293398
-0.942478  0.628319  3.76991  1.79184e-06  0.233696
-0.314159  0.628319  3.76991  1.76394e-06  0.12404
0.314159  0.628319  3.76991  1.72964e-06  -0.124046
0.942478  0.628319  3.76991  1.6979e-06  -0.233702
1.5708  0.628319  3.76991  1.66259e-06  -0.293405
2.19911  0.628319  3.76991  1.61577e-06  -0.326939
2.82743  0.628319  3.76991  1.54125e-06  -0.344821
4.08407  0.628319  3.76991  1.37717e-06  -0.354258
7.22566  0.628319  3.76991  1.5904e-06  -0.321007
14.7655  0.628319  3.76991  1.75962e-06  -0.220733
-16.6504  0.628319  4.39823  0.00440867  0.202461
-7.22566  0.628319  4.39823  0.0124078  0.321297
-5.34071  0.628319  4.39823  0.0159083  0.346164
-4.08407  0.628319  4.39823  0.0188851  0.354163
-2.82743  0.628319  4.39823  0.022449  0.343529
-2.19911  0.628319  4.39823  0.0244296  0.324348
-1.5708  0.628319  4.39823  0.0264591  0.288735
-0.942478  0.628319  4.39823  0.0283252  0.226032
-0.314159  0.628319  4.39823  0.0295425  0.113346
0.314159  0.628319  4.39823  0.0295424  -0.113351
0.942478  0.628319  4.39823  0.0283252  -0.226038
1.5708  0.628319  4.39823  0.026459  -0.28874
2.19911  0.628319  4.39823  0.0244295  -0.324354
2.82743  0.628319  4.39823  0.0224488  -0.343535
4.08407  0.628319  4.39823  0.0188853  -0.354169
7.22566  0.628319  4.39823  0.0124065  -0.321305
14.7655  0.628319  4.39823  0.00527707  -0.220811
-16.6504  0.628319  5.02655  0.00994564  0.202516
-7.22566  0.628319  5.02655  0.0278469  0.321635
-5.34071  0.628319  5.02655  0.0354265  0.346441
-4.08407  0.628319  5.02655  0.0415947  0.353997
-2.82743  0.628319  5.02655  0.0484598  0.341854
-2.19911  0.628319  5.02655  0.0519373  0.321053
-1.5708  0.628319  5.02655  0.0551741  0.282881
-0.942478  0.628319  5.02655  0.0577945  0.216813
-0.314159  0.628319  5.02655  0.0593109  0.103807
0.314159  0.628319  5.02655  0.0593109  -0.103811
0.942478  0.628319  5.02655  0.0577945  -0.216817
1.5708  0.628319  5.02655  0.0551741  -0.282884
2.19911  0.628319  5.02655  0.0519373  -0.321057
2.82743  0.628319  5.02655  0.0484598  -0.341858
4.08407  0.628319  5.02655  0.0415952  -0.354001
7.22566  0.628319  5.02655  0.0278457  -0.321642
14.7655  0.628319  5.02655  0.0119046  -0.220887
-16.6504  0.628319  5.65487  0.0144859  0.202545
-7.22566  0.628319  5.65487  0.0403775  0.321877
-5.34071  0.628319  5.65487  0.051033  0.346625
-4.08407  0.628319  5.65487  0.0593785  0.35381
-2.82743  0.628319  5.65487  0.0680718  0.340423
-2.19911  0.628319  5.65487  0.0721082  0.31834
-1.5708  0.628319  5.65487  0.0755471  0.278286
-0.942478  0.628319  5.65487  0.0780362  0.210033
-0.314159  0.628319  5.65487  0.0793165  0.0961008
0.314159  0.628319  5.65487  0.0793165  -0.0961029
0.942478  0.628319  5.65487  0.0780362  -0.210035
1.5708  0.628319  5.65487  0.0755472  -0.278288
2.19911  0.628319  5.65487  0.0721083  -0.318343
2.82743  0.628319  5.65487  0.0680719  -0.340426
4.08407  0.628319  5.65487  0.0593792  -0.353812
7.22566  0.628319  5.65487  0.0403764  -0.321883
14.7655  0.628319  5.65487  0.0173387  -0.22093
-16.6504  0.628319  6.28319  0.0162316  0.202551
-7.22566  0.628319  6.28319  0.0451614  0.321956
-5.34071  0.628319  6.28319  0.0569327  0.346678
-4.08407  0.628319  6.28319  0.0660104  0.353712
-2.82743  0.628319  6.28319  0.0752125  0.339832
-2.19911  0.628319  6.28319  0.0793338  0.317238
-1.5708  0.628319  6.28319  0.0827258  0.276427
-0.942478  0.628319  6.28319  0.0850897  0.207406
-0.314159  0.628319  6.28319  0.0862694  0.094591
0.314159  0.628319  6.28319  0.0862694  -0.0945926
0.942478  0.628319  6.28319  0.0850897  -0.207407
1.5708  0.628319  6.28319  0.0827259  -0.276429
2.19911  0.628319  6.28319  0.079334  -0.31724
2.82743  0.628319  6.28319  0.0752127  -0.339834
4.08407  0.628319  6.28319  0.0660112  -0.353715
7.22566  0.628319  6.28319  0.0451603  -0.321962
14.7655  0.628319  6.28319  0.0194279  -0.220941
-16.6504  1.25664  0  0.0116442  0.202513
-7.22566  1.25664  0  0.0325696  0.321661
-5.34071  1.25664  0  0.0413808  0.346476
-4.08407  1.25664  0  0.0484905  0.35401
-2.82743  1.25664  0  0.0562672  0.34172
-2.19911  1.25664  0  0.0601052  0.320704
-1.5708  1.25664  0  0.0635753  0.282093
-0.942478  1.25664  0  0.0662792  0.215135
-0.314159  1.25664  0  0.0677814  0.100052
0.314159  1.25664  0  0.0677814  -0.100055
0.942478  1.25664  0  0.0662793  -0.215138
1.5708  1.25664  0  0.0635754  -0.282096
2.19911  1.25664  0  0.0601052  -0.320707
2.82743  1.25664  0  0.0562673  -0.341724
4.08407  1.25664  0  0.048491  -0.354013
7.22566  1.25664  0  0.0325684  -0.321668
14.7655  1.25664  0  0.0139373  -0.220884
-16.6504  1.25664  0.628319  0.00994564  0.202516
-7.22566  1.25664  0.628319  0.0278469  0.321635
-5.34071  1.25664  0.628319  0.0354265  0.346441
-4.08407  1.25664  0.628319  0.0415947  0.353997
-2.82743  1.25664  0.628319  0.0484598  0.341854
-2.19911  1.25664  0.628319  0.0519373  0.321053
-1.5708  1.25664  0.628319  0.0551741  0.282881
-0.942478  1.25664  0.628319  0.0577945  0.216813
-0.314159  1.25664  0.628319  0.0593109  0.103807
0.314159  1.25664  0.628319  0.0593109  -0.103811
0.942478  1.25664  0.628319  0.0577945  -0.216817
1.5708  1.25664  0.628319  0.0551741  -0.282884
2.19911  1.25664  0.628319  0.0519373  -0.321057
2.82743  1.25664  0.628319  0.0484598  -0.341858
4.08407  1.25664  0.628319  0.0415952  -0.354001
7.22566  1.25664  0.628319  0.0278457  -0.321642
14.7655  1.25664  0.628319  0.0119046  -0.220887
-16.6504  1.25664  1.25664  0.00549302  0.202513
-7.22566  1.25664  1.25664  0.0154145  0.321548
-5.34071  1.25664  1.25664  0.0196687  0.34634
-4.08407  1.25664  1.25664  0.0231971  0.353976
-2.82743  1.25664  1.25664  0.02727  0.342227
-2.19911  1.25664  1.25664  0.0294459  0.321978
-1.5708  1.25664  1.25664  0.0315977  0.284934
-0.942478  1.25664  1.25664  0.0334856  0.220929
-0.314159  1.25664  1.25664  0.0346759  0.109122
0.314159  1.25664  1.25664  0.0346759  -0.109127
0.942478  1.25664  1.25664  0.0334855  -0.220934
1.5708  1.25664  1.25664  0.0315976  -0.284939
2.19911  1.25664  1.25664  0.0294458  -0.321983
2.82743  1.25664  1.25664  0.0272698  -0.342232
4.08407  1.25664  1.25664  0.0231973  -0.353981
7.22566  1.25664  1.25664  0.0154132  -0.321557
14.7655  1.25664  1.25664  0.00657536  -0.220882
-16.6504  1.25664  1.88496  1.41811e-06  0.20249
-7.22566  1.25664  1.88496  3.08504e-06  0.321416
-5.34071  1.25664  1.88496  5.92167e-07  0.346229
-4.08407  1.25664  1.88496  1.41101e-06  0.354024
-2.82743  1.25664  1.88496  1.92255e-06  0.342805
-2.19911  1.25664  1.88496  1.85923e-06  0.323099
-1.5708  1.25664  1.88496  1.82002e-06  0.286903
-0.942478  1.25664  1.88496  1.79031e-06  0.224343
-0.314159  1.25664  1.88496  1.76338e-06  0.115614
0.314159  1.25664  1.88496  1.73138e-06  -0.115621
0.942478  1.25664  1.88496  1.70175e-06  -0.224349
1.5708  1.25664  1.88496  1.67008e-06  -0.28691
2.19911  1.25664  1.88496  1.63137e-06  -0.323105
2.82743  1.25664  1.88496  1.57926e-06  -0.342812
4.08407  1.25664  1.88496  1.3761e-06  -0.354031
7.22566  1.25664  1.88496  1.58795e-06  -0.321426
14.7655  1.25664  1.88496  1.76577e-06  -0.220853
-16.6504  1.25664  2.51327  -0.00440583  0.202457
-7.22566  1.25664  2.51327  -0.0124016  0.321296
-5.34071  1.25664  2.51327  -0.0159071  0.346163
-4.08407  1.25664  2.51327  -0.0188823  0.354162
-2.82743  1.25664  2.51327  -0.0224452  0.343528
-2.19911  1.25664  2.51327  -0.0244259  0.324347
-1.5708  1.25664  2.51327  -0.0264554  0.288734
-0.942478  1.25664  2.51327  -0.0283216  0.226031
-0.314159  1.25664  2.51327  -0.0295389  0.113344
0.314159  1.25664  2.51327  -0.029539  -0.113352
0.942478  1.25664  2.51327  -0.0283218  -0.226039
1.5708  1.25664  2.51327  -0.0264556  -0.288742
2.19911  1.25664  2.51327  -0.0244263  -0.324355
2.82743  1.25664  2.51327  -0.0224457  -0.343536
4.08407  1.25664  2.51327  -0.0188826  -0.35417
7.22566  1.25664  2.51327  -0.0124033  -0.321307
14.7655  1.25664  2.51327  -0.00527355  -0.220811
-16.6504  1.25664  3.14159  -0.00608025  0.20244
-7.22566  1.25664  3.14159  -0.0171226  0.321245
-5.34071  1.25664  3.14159  -0.0219767  0.346139
-4.08407  1.25664  3.14159  -0.0261079  0.354228
-2.82743  1.25664  3.14159  -0.0310578  0.343837
-2.19911  1.25664  3.14159  -0.033799  0.324838
-1.5708  1.25664  3.14159  -0.0365841  0.289305
-0.942478  1.25664  3.14159  -0.0391018  0.226138
-0.314159  1.25664  3.14159  -0.040684  0.112585
0.314159  1.25664  3.14159  -0.0406841  -0.112594
0.942478  1.25664  3.14159  -0.039102  -0.226147
1.5708  1.25664  3.14159  -0.0365844  -0.289313
2.19911  1.25664  3.14159  -0.0337993  -0.324846
2.82743  1.25664  3.14159  -0.0310584  -0.343846
4.08407  1.25664  3.14159  -0.0261082  -0.354237
7.22566  1.25664  3.14159  -0.0171242  -0.321257
14.7655  1.25664  3.14159  -0.0072777  -0.220791
-16.6504  1.25664  3.76991  -0.00440583  0.202457
-7.22566  1.25664  3.76991  -0.0124016  0.321296
-5.34071  1.25664  3.76991  -0.0159071  0.346163
-4.08407  1.25664  3.76991  -0.0188823  0.354162
-2.82743  1.25664  3.76991  -0.0224452  0.343528
-2.19911  1.25664  3.76991  -0.0244259  0.324347
-1.5708  1.25664  3.76991  -0.0264554  0.288734
-0.942478  1.25664  3.76991  -0.0283216  0.226031
-0.314159  1.25664  3.76991  -0.0295389  0.113344
0.314159  1.25664  3.76991  -0.029539  -0.113352
0.942478  1.25664  3.76991  -0.0283218  -0.226039
1.5708  1.25664  3.76991  -0.0264556  -0.288742
2.19911  1.25664  3.76991  -0.0244263  -0.324355
2.82743  1.25664  3.76991  -0.0224457  -0.343536
4.08407  1.25664  3.76991  -0.0188826  -0.35417
7.22566  1.25664  3.76991  -0.0124033  -0.321307
14.7655  1.25664  3.76991  -0.00527355  -0.220811
-16.6504  1.25664  4.39823  1.41811e-06  0.20249
-7.22566  1.25664  4.39823  3.08504e-06  0.321416
-5.34071  1.25664  4.39823  5.92167e-07  0.346229
-4.08407  1.25664  4.39823  1.41101e-06  0.354024
-2.82743  1.25664  4.39823  1.92255e-06  0.342805
-2.19911  1.25664  4.39823  1.85923e-06  0.323099
-1.5708  1.25664  4.39823  1.82002e-06  0.286903
-0.942478  1.25664  4.39823  1.79031e-06  0.224343
-0.314159  1.25664  4.39823  1.76338e-06  0.115614
0.314159  1.25664  4.39823  1.73138e-06  -0.115621
0.942478  1.25664  4.39823  1.70175e-06  -0.224349
1.5708  1.25664  4.39823  1.67008e-06  -0.28691
2.19911  1.25664  4.39823  1.63137e-06  -0.323105
2.82743  1.25664  4.39823  1.57926e-06  -0.342812
4.08407  1.25664  4.39823  1.3761e-06  -0.354031
7.22566  1.25664  4.39823  1.58795e-06  -0.321426
14.7655  1.25664  4.39823  1.76577e-06  -0.220853
-16.6504  1.25664  5.02655  0.00549302  0.202513
-7.22566  1.25664  5.02655  0.0154145  0.321548
-5.34071  1.25664  5.02655  0.0196687  0.34634
-4.08407  1.25664  5.02655  0.0231971  0.353976
-2.82743  1.25664  5.02655  0.02727  0.342227
-2.19911  1.25664  5.02655  0.0294459  0.321978
-1.5708  1.25664  5.02655  0.0315977  0.284934
-0.942478  1.25664  5.02655  0.0334856  0.220929
-0.314159  1.25664  5.02655  0.0346759  0.109122
0.314159  1.25664  5.02655  0.0346759  -0.109127
0.942478  1.25664  5.02655  0.0334855  -0.220934
1.5708  1.25664  5.02655  0.0315976  -0.284939
2.19911  1.25664  5.02655  0.0294458  -0.321983
2.82743  1.25664  5.02655  0.0272698  -0.342232
4.08407  1.25664  5.02655  0.0231973  -0.353981
7.22566  1.25664  5.02655  0.0154132  -0.321557
14.7655  1.25664  5.02655  0.00657536  -0.220882
-16.6504  1.25664  5.65487  0.00994564  0.202516
-7.22566  1.25664  5.65487  0.0278469  0.321635
-5.34071  1.25664  5.65487  0.0354265  0.346441
-4.08407  1.25664  5.65487  0.0415947  0.353997
-2.82743  1.25664  5.65487  0.0484598  0.341854
-2.19911  1.25664  5.65487  0.0519373  0.321053
-1.5708  1.25664  5.65487  0.0551741  0.282881
-0.942478  1.25664  5.65487  0.0577945  0.216813
-0.314159  1.25664  5.65487  0.0593109  0.103807
0.314159  1.25664  5.65487  0.0593109  -0.103811
0.942478  1.25664  5.65487  0.0577945  -0.216817
1.5708  1.25664  5.65487  0.0551741  -0.282884
2.19911  1.25664  5.65487  0.0519373  -0.321057
2.82743  1.25664  5.65487  0.0484598  -0.341858
4.08407  1.25664  5.65487  0.0415952  -0.354001
7.22566  1.25664  5.65487  0.0278457  -0.321642
14.7655  1.25664  5.65487  0.0119046  -0.220887
-16.6504  1.25664  6.28319  0.0116442  0.202513
-7.22566  1.25664  6.28319  0.0325696  0.321661
-5.34071  1.25664  6.28319  0.0413808  0.346476
-4.08407  1.25664  6.28319  0.0484905  0.35401
-2.82743  1.25664  6.28319  0.0562672  0.34172
-2.19911  1.25664  6.28319  0.0601052  0.320704
-1.5708  1.25664  6.28319  0.0635753  0.282093
-0.942478  1.25664  6.28319  0.0662792  0.215135
-0.314159  1.25664  6.28319  0.0677814  0.100052
0.314159  1.25664  6.28319  0.0677814  -0.100055
0.942478  1.25664  6.28319  0.0662793  -0.215138
1.5708  1.25664  6.28319  0.0635754  -0.282096
2.19911  1.25664  6.28319  0.0601052  -0.320707
2.82743  1.25664  6.28319  0.0562673  -0.341724
4.08407  1.25664  6.28319  0.048491  -0.354013
7.22566  1.25664  6.28319  0.0325684  -0.321668
14.7655  1.25664  6.28319  0.0139373  -0.220884
-16.6504  1.88496  0  0.00608309  0.202446
-7.22566  1.88496  0  0.0171287  0.321246
-5.34071  1.88496  0  0.0219779  0.346141
-4.08407  1.88496  0  0.0261107  0.35423
-2.82743  1.88496  0  0.0310617  0.343839
-2.19911  1.88496  0  0.0338027  0.32484
-1.5708  1.88496  0  0.0365878  0.289307
-0.942478  1.88496  0  0.0391054  0.22614
-0.314159  1.88496  0  0.0406876  0.112587
0.314159  1.88496  0  0.0406875  -0.112592
0.942478  1.88496  0  0.0391054  -0.226145
1.5708  1.88496  0  0.0365877  -0.289311
2.19911  1.88496  0  0.0338026  -0.324844
2.82743  1.88496  0  0.0310615  -0.343844
4.08407  1.88496  0  0.026111  -0.354235
7.22566  1.88496  0  0.0171274  -0.321254
14.7655  1.88496  0  0.00728121  -0.220791
-16.6504  1.88496  0.628319  0.00440867  0.202461
-7.22566  1.88496  0.628319  0.0124078  0.321297
-5.34071  1.88496  0.628319  0.0159083  0.346164
-4.08407  1.88496  0.628319  0.0188851  0.354163
-2.82743  1.88496  0.628319  0.022449  0.343529
-2.19911  1.88496  0.628319  0.0244296  0.324348
-1.5708  1.88496  0.628319  0.0264591  0.288735
-0.942478  1.88496  0.628319  0.0283252  0.226032
-0.314159  1.88496  0.628319  0.0295425  0.113346
0.314159  1.88496  0.628319  0.0295424  -0.113351
0.942478  1.88496  0.628319  0.0283252  -0.226038
1.5708  1.88496  0.628319  0.026459  -0.28874
2.19911  1.88496  0.628319  0.0244295  -0.324354
2.82743  1.88496  0.628319  0.0224488  -0.343535
4.08407  1.88496  0.628319  0.0188853  -0.354169
7.22566  1.88496  0.628319  0.0124065  -0.321305
14.7655  1.88496  0.628319  0.00527707  -0.220811
-16.6504  1.88496  1.25664  1.41811e-06  0.20249
-7.22566  1.88496  1.25664  3.08504e-06  0.321416
-5.34071  1.88496  1.25664  5.92167e-07  0.346229
-4.08407  1.88496  1.25664  1.41101e-06  0.354024
-2.82743  1.88496  1.25664  1.92255e-06  0.342805
-2.19911  1.88496  1.25664  1.85923e-06  0.323099
-1.5708  1.88496  1.25664  1.82002e-06  0.286903
-0.942478  1.88496  1.25664  1.79031e-06  0.224343
-0.314159  1.88496  1.25664  1.76338e-06  0.115614
0.314159  1.88496  1.25664  1.73138e-06  -0.115621
0.942478  1.88496  1.25664  1.70175e-06  -0.224349
1.5708  1.88496  1.25664  1.67008e-06  -0.28691
2.19911  1.88496  1.25664  1.63137e-06  -0.323105
2.82743  1.88496  1.25664  1.57926e-06  -0.342812
4.08407  1.88496  1.25664  1.3761e-06  -0.354031
7.22566  1.88496  1.25664  1.58795e-06  -0.321426
14.7655  1.88496  1.25664  1.76577e-06  -0.220853
-16.6504  1.88496  1.88496  -0.00549019  0.202508
-7.22566  1.88496  1.88496  -0.0154083  0.321547
-5.34071  1.88496  1.88496  -0.0196675  0.346339
-4.08407  1.88496  1.88496  -0.0231943  0.353974
-2.82743  1.88496  1.88496  -0.0272661  0.342225
-2.19911  1.88496  1.88496  -0.0294422  0.321976
-1.5708  1.88496  1.88496  -0.0315941  0.284933
-0.942478  1.88496  1.88496  -0.033482  0.220927
-0.314159  1.88496  1.88496  -0.0346724  0.109121
0.314159  1.88496  1.88496  -0.0346724  -0.109129
0.942478  1.88496  1.88496  -0.0334821  -0.220936
1.5708  1.88496  1.88496  -0.0315943  -0.284941
2.19911  1.88496  1.88496  -0.0294425  -0.321984
2.82743  1.88496  1.88496  -0.0272666  -0.342234
4.08407  1.88496  1.88496  -0.0231946  -0.353983
7.22566  1.88496  1.88496  -0.01541  -0.321559
14.7655  1.88496  1.88496  -0.00657183  -0.220883
-16.6504  1.88496  2.51327  -0.00994283  0.202506
-7.22566  1.88496  2.51327  -0.0278407  0.321633
-5.34071  1.88496  2.51327  -0.0354254  0.346438
-4.08407  1.88496  2.51327  -0.0415919  0.353995
-2.82743  1.88496  2.51327  -0.048456  0.341851
-2.19911  1.88496  2.51327  -0.0519336  0.32105
-1.5708  1.88496  2.51327  -0.0551705  0.282878
-0.942478  1.88496  2.51327  -0.057791  0.21681
-0.314159  1.88496  2.51327  -0.0593074  0.103804
0.314159  1.88496  2.51327  -0.0593075  -0.103814
0.942478  1.88496  2.51327  -0.0577911  -0.21682
1.5708  1.88496  2.51327  -0.0551708  -0.282888
2.19911  1.88496  2.51327  -0.0519341  -0.32106
2.82743  1.88496  2.51327  -0.0484566  -0.341861
4.08407  1.88496  2.51327  -0.0415924  -0.354005
7.22566  1.88496  2.51327  -0.0278425  -0.321647
14.7655  1.88496  2.51327  -0.0119011  -0.220888
-16.6504  1.88496  3.14159  -0.0116414  0.202501
-7.22566  1.88496  3.14159  -0.0325634  0.321659
-5.34071  1.88496  3.14159  -0.0413796  0.346473
-4.08407  1.88496  3.14159  -0.0484877  0.354006
-2.82743  1.88496  3.14159  -0.0562634  0.341717
-2.19911  1.88496  3.14159  -0.0601014  0.3207
-1.5708  1.88496  3.14159  -0.0635717  0.282089
-0.942478  1.88496  3.14159  -0.0662757  0.215131
-0.314159  1.88496  3.14159  -0.0677779  0.100048
0.314159  1.88496  3.14159  -0.0677779  -0.100058
0.942478  1.88496  3.14159  -0.0662759  -0.215141
1.5708  1.88496  3.14159  -0.063572  -0.2821
2.19911  1.88496  3.14159  -0.0601019  -0.320711
2.82743  1.88496  3.14159  -0.0562641  -0.341727
4.08407  1.88496  3.14159  -0.0484883  -0.354017
7.22566  1.88496  3.14159  -0.0325653  -0.321673
14.7655  1.88496  3.14159  -0.0139338  -0.220886
-16.6504  1.88496  3.76991  -0.00994283  0.202506
-7.22566  1.88496  3.76991  -0.0278407  0.321633
-5.34071  1.88496  3.76991  -0.0354254  0.346438
-4.08407  1.88496  3.76991  -0.0415919  0.353995
-2.82743  1.88496  3.76991  -0.048456  0.341851
-2.19911  1.88496  3.76991  -0.0519336  0.32105
-1.5708  1.88496  3.76991  -0.0551705  0.282878
-0.942478  1.88496  3.76991  -0.057791  0.21681
-0.314159  1.88496  3.76991  -0.0593074  0.103804
0.314159  1.88496  3.76991  -0.0593075  -0.103814
0.942478  1.88496  3.76991  -0.0577911  -0.21682
1.5708  1.88496  3.76991  -0.0551708  -0.282888
2.19911  1.88496  3.76991  -0.0519341  -0.32106
2.82743  1.88496  3.76991  -0.0484566  -0.341861
4.08407  1.88496  3.76991  -0.0415924  -0.354005
7.22566  1.88496  3.76991  -0.0278425  -0.321647
14.7655  1.88496  3.76991  -0.0119011  -0.220888
-16.6504  1.88496  4.39823  -0.00549019  0.202508
-7.22566  1.88496  4.39823  -0.0154083  0.321547
-5.34071  1.88496  4.39823  -0.0196675  0.346339
-4.08407  1.88496  4.39823  -0.0231943  0.353974
-2.82743  1.88496  4.39823  -0.0272661  0.342225
-2.19911  1.88496  4.39823  -0.0294422  0.321976
-1.5708  1.88496  4.39823  -0.0315941  0.284933
-0.942478  1.88496  4.39823  -0.033482  0.220927
-0.314159  1.88496  4.39823  -0.0346724  0.109121
0.314159  1.88496  4.39823  -0.0346724  -0.109129
0.942478  1.88496  4.39823  -0.0334821  -0.220936
1.5708  1.88496  4.39823  -0.0315943  -0.284941
2.19911  1.88496  4.39823  -0.0294425  -0.321984
2.82743  1.88496  4.39823  -0.0272666  -0.342234
4.08407  1.88496  4.39823  -0.0231946  -0.353983
7.22566  1.88496  4.39823  -0.01541  -0.321559
14.7655  1.88496  4.39823  -0.00657183  -0.220883
-16.6504  1.88496  5.02655  1.41811e-06  0.20249
-7.22566  1.88496  5.02655  3.08504e-06  0.321416
-5.34071  1.88496  5.02655  5.92167e-07  0.346229
-4.08407  1.88496  5.02655  1.41101e-06  0.354024
-2.82743  1.88496  5.02655  1.92255e-06  0.342805
-2.19911  1.88496  5.02655  1.85923e-06  0.323099
-1.5708  1.88496  5.02655  1.82002e-06  0.286903
-0.942478  1.88496  5.02655  1.79031e-06  0.224343
-0.314159  1.88496  5.02655  1.76338e-06  0.115614
0.314159  1.88496  5.02655  1.73138e-06  -0.115621
0.942478  1.88496  5.02655  1.70175e-06  -0.224349
1.5708  1.88496  5.02655  1.67008e-06  -0.28691
2.19911  1.88496  5.02655  1.63137e-06  -0.323105
2.82743  1.88496  5.02655  1.57926e-06  -0.342812
4.08407  1.88496  5.02655  1.3761e-06  -0.354031
7.22566  1.88496  5.02655  1.58795e-06  -0.321426
14.7655  1.88496  5.02655  1.76577e-06  -0.220853
-16.6504  1.88496  5.65487  0.00440867  0.202461
-7.22566  1.88496  5.65487  0.0124078  0.321297
-5.34071  1.88496  5.65487  0.0159083  0.346164
-4.08407  1.88496  5.65487  0.0188851  0.354163
-2.82743  1.88496  5.65487  0.022449  0.343529
-2.19911  1.88496  5.65487  0.0244296  0.324348
-1.5708  1.88496  5.65487  0.0264591  0.288735
-0.942478  1.88496  5.65487  0.0283252  0.226032
-0.314159  1.88496  5.65487  0.0295425  0.113346
0.314159  1.88496  5.65487  0.0295424  -0.113351
0.942478  1.88496  5.65487  0.0283252  -0.226038
1.5708  1.88496  5.65487  0.026459  -0.28874
2.19911  1.88496  5.65487  0.0244295  -0.324354
2.82743  1.88496  5.65487  0.0224488  -0.343535
4.08407  1.88496  5.65487  0.0188853  -0.354169
7.22566  1.88496  5.65487  0.0124065  -0.321305
14.7655  1.88496  5.65487  0.00527707  -0.220811
-16.6504  1.88496  6.28319  0.00608309  0.202446
-7.22566  1.88496  6.28319  0.0171287  0.321246
-5.34071  1.88496  6.28319  0.0219779  0.346141
-4.08407  1.88496  6.28319  0.0261107  0.35423
-2.82743  1.88496  6.28319  0.0310617  0.343839
-2.19911  1.88496  6.28319  0.0338027  0.32484
-1.5708  1.88496  6.28319  0.0365878  0.289307
-0.942478  1.88496  6.28319  0.0391054  0.22614
-0.314159  1.88496  6.28319  0.0406876  0.112587
0.314159  1.88496  6.28319  0.0406875  -0.112592
0.942478  1.88496  6.28319  0.0391054  -0.226145
1.5708  1.88496  6.28319  0.0365877  -0.289311
2.19911  1.88496  6.28319  0.0338026  -0.324844
2.82743  1.88496  6.28319  0.0310615  -0.343844
4.08407  1.88496  6.28319  0.026111  -0.354235
7.22566  1.88496  6.28319  0.0171274  -0.321254
14.7655  1.88496  6.28319  0.00728121  -0.220791
-16.6504  2.51327  0  0.00166867  0.202378
-7.22566  2.51327  0  0.00472377  0.320875
-5.34071  2.51327  0  0.00610879  0.345801
-4.08407  2.51327  0  0.00734347  0.35427
-2.82743  2.51327  0  0.00893225  0.345289
-2.19911  2.51327  0  0.00989248  0.327925
-1.5708  2.51327  0  0.0109588  0.295273
-0.942478  2.51327  0  0.012058  0.236853
-0.314159  2.51327  0  0.0127716  0.127223
0.314159  2.51327  0  0.0127715  -0.127229
0.942478  2.51327  0  0.0120579  -0.23686
1.5708  2.51327  0  0.0109587  -0.295279
2.19911  2.51327  0  0.00989227  -0.327931
2.82743  2.51327  0  0.0089319  -0.345295
4.08407  2.51327  0  0.0073435  -0.354277
7.22566  2.51327  0  0.00472239  -0.320884
14.7655  2.51327  0  0.00199742  -0.220698
-16.6504  2.51327  0.628319  1.43032e-06  0.202402
-7.22566  2.51327  0.628319  3.04172e-06  0.320996
-5.34071  2.51327  0.628319  6.03977e-07  0.345908
-4.08407  2.51327  0.628319  1.42284e-06  0.354251
-2.82743  2.51327  0.628319  1.92369e-06  0.344814
-2.19911  2.51327  0.628319  1.8618e-06  0.326932
-1.5708  2.51327  0.628319  1.82227e-06  0.293398
-0.942478  2.51327  0.628319  1.79184e-06  0.233696
-0.314159  2.51327  0.628319  1.76394e-06  0.12404
0.314159  2.51327  0.628319  1.72964e-06  -0.124046
0.942478  2.51327  0.628319  1.6979e-06  -0.233702
1.5708  2.51327  0.628319  1.66259e-06  -0.293405
2.19911  2.51327  0.628319  1.61577e-06  -0.326939
2.82743  2.51327  0.628319  1.54125e-06  -0.344821
4.08407  2.51327  0.628319  1.37717e-06  -0.354258
7.22566  2.51327  0.628319  1.5904e-06  -0.321007
14.7655  2.51327  0.628319  1.75962e-06  -0.220733
-16.6504  2.51327  1.25664  -0.00440583  0.202457
-7.22566  2.51327  1.25664  -0.0124016  0.321296
-5.34071  2.51327  1.25664  -0.0159071  0.346163
-4.08407  2.51327  1.25664  -0.0188823  0.354162
-2.82743  2.51327  1.25664  -0.0224452  0.343528
-2.19911  2.51327  1.25664  -0.0244259  0.324347
-1.5708  2.51327  1.25664  -0.0264554  0.288734
-0.942478  2.51327  1.25664  -0.0283216  0.226031
-0.314159  2.51327  1.25664  -0.0295389  0.113344
0.314159  2.51327  1.25664  -0.029539  -0.113352
0.942478  2.51327  1.25664  -0.0283218  -0.226039
1.5708  2.51327  1.25664  -0.0264556  -0.288742
2.19911  2.51327  1.25664  -0.0244263  -0.324355
2.82743  2.51327  1.25664  -0.0224457  -0.343536
4.08407  2.51327  1.25664  -0.0188826  -0.35417
7.22566  2.51327  1.25664  -0.0124033  -0.321307
14.7655  2.51327  1.25664  -0.00527355  -0.220811
-16.6504  2.51327  1.88496  -0.00994283  0.202506
-7.22566  2.51327  1.88496  -0.0278407  0.321633
-5.34071  2.51327  1.88496  -0.0354254  0.346438
-4.08407  2.51327  1.88496  -0.0415919  0.353995
-2.82743  2.51327  1.88496  -0.048456  0.341851
-2.19911  2.51327  1.88496  -0.0519336  0.32105
-1.5708  2.51327  1.88496  -0.0551705  0.282878
-0.942478  2.51327  1.88496  -0.057791  0.21681
-0.314159  2.51327  1.88496  -0.0593074  0.103804
0.314159  2.51327  1.88496  -0.0593075  -0.103814
0.942478  2.51327  1.88496  -0.0577911  -0.21682
1.5708  2.51327  1.88496  -0.0551708  -0.282888
2.19911  2.51327  1.88496  -0.0519341  -0.32106
2.82743  2.51327  1.88496  -0.0484566  -0.341861
4.08407  2.51327  1.88496  -0.0415924  -0.354005
7.22566  2.51327  1.88496  -0.0278425  -0.321647
14.7655  2.51327  1.88496  -0.0119011  -0.220888
-16.6504  2.51327  2.51327  -0.0144831  0.20253
-7.22566  2.51327  2.51327  -0.0403713  0.321874
-5.34071  2.51327  2.51327  -0.0510319  0.346621
-4.08407  2.51327  2.51327  -0.0593757  0.353806
-2.82743  2.51327  2.51327  -0.068068  0.340419
-2.19911  2.51327  2.51327  -0.0721045  0.318336
-1.5708  2.51327  2.51327  -0.0755435  0.278282
-0.942478  2.51327  2.51327  -0.0780326  0.210029
-0.314159  2.51327  2.51327  -0.079313  0.0960964
0.314159  2.51327  2.51327  -0.0793131  -0.0961074
0.942478  2.51327  2.51327  -0.0780328  -0.21004
1.5708  2.51327  2.51327  -0.0755439  -0.278293
2.19911  2.51327  2.51327  -0.072105  -0.318348
2.82743  2.51327  2.51327  -0.0680687  -0.340431
4.08407  2.51327  2.51327  -0.0593765  -0.353817
7.22566  2.51327  2.51327  -0.0403733  -0.321889
14.7655  2.51327  2.51327  -0.0173352  -0.220932
-16.6504  2.51327  3.14159  -0.0162288  0.202535
-7.22566  2.51327  3.14159  -0.0451551  0.321954
-5.34071  2.51327  3.14159  -0.0569316  0.346673
-4.08407  2.51327  3.14159  -0.0660076  0.353708
-2.82743  2.51327  3.14159  -0.0752086  0.339827
-2.19911  2.51327  3.14159  -0.0793301  0.317233
-1.5708  2.51327  3.14159  -0.0827222  0.276423
-0.942478  2.51327  3.14159  -0.0850861  0.207401
-0.314159  2.51327  3.14159  -0.0862659  0.0945861
0.314159  2.51327  3.14159  -0.086266  -0.0945976
0.942478  2.51327  3.14159  -0.0850863  -0.207413
1.5708  2.51327  3.14159  -0.0827225  -0.276434
2.19911  2.51327  3.14159  -0.0793307  -0.317245
2.82743  2.51327  3.14159  -0.0752094  -0.339839
4.08407  2.51327  3.14159  -0.0660085  -0.35372
7.22566  2.51327  3.14159  -0.0451572  -0.321968
14.7655  2.51327  3.14159  -0.0194244  -0.220943
-16.6504  2.51327  3.76991  -0.0144831  0.20253
-7.22566  2.51327  3.76991  -0.0403713  0.321874
-5.34071  2.51327  3.76991  -0.0510319  0.346621
-4.08407  2.51327  3.76991  -0.0593757  0.353806
-2.82743  2.51327  3.76991  -0.068068  0.340419
-2.19911  2.51327  3.76991  -0.0721045  0.318336
-1.5708  2.51327  3.76991  -0.0755435  0.278282
-0.942478  2.51327  3.76991  -0.0780326  0.210029
-0.314159  2.51327  3.76991  -0.079313  0.0960964
0.314159  2.51327  3.76991  -0.0793131  -0.0961074
0.942478  2.51327  3.76991  -0.0780328  -0.21004
1.5708  2.51327  3.76991  -0.0755439  -0.278293
2.19911  2.51327  3.76991  -0.072105  -0.318348
2.82743  2.51327  3.76991  -0.0680687  -0.340431
4.08407  2.51327  3.76991  -0.0593765  -0.353817
7.22566  2.51327  3.76991  -0.0403733  -0.321889
14.7655  2.51327  3.76991  -0.0173352  -0.220932
-16.6504  2.51327  4.39823  -0.00994283  0.202506
-7.22566  2.51327  4.39823  -0.0278407  0.321633
-5.34071  2.51327  4.39823  -0.0354254  0.346438
-4.08407  2.51327  4.39823  -0.0415919  0.353995
-2.82743  2.51327  4.39823  -0.048456  0.341851
-2.19911  2.51327  4.39823  -0.0519336  0.32105
-1.5708  2.51327  4.39823  -0.0551705  0.282878
-0.942478  2.51327  4.39823  -0.057791  0.21681
-0.314159  2.51327  4.39823  -0.0593074  0.103804
0.314159  2.51327  4.39823  -0.0593075  -0.103814
0.942478  2.51327  4.39823  -0.0577911  -0.21682
1.5708  2.51327  4.39823  -0.0551708  -0.282888
2.19911  2.51327  4.39823  -0.0519341  -0.32106
2.82743  2.51327  4.39823  -0.0484566  -0.341861
4.08407  2.51327  4.39823  -0.0415924  -0.354005
7.22566  2.51327  4.39823  -0.0278425  -0.321647
14.7655  2.51327  4.39823  -0.0119011  -0.220888
-16.6504  2.51327  5.02655  -0.00440583  0.202457
-7.22566  2.51327  5.02655  -0.0124016  0.321296
-5.34071  2.51327  5.02655  -0.0159071  0.346163
-4.08407  2.51327  5.02655  -0.0188823  0.354162
-2.82743  2.51327  5.02655  -0.0224452  0.343528
-2.19911  2.51327  5.02655  -0.0244259  0.324347
-1.5708  2.51327  5.02655  -0.0264554  0.288734
-0.942478  2.51327  5.02655  -0.0283216  0.226031
-0.314159  2.51327  5.02655  -0.0295389  0.113344
0.314159  2.51327  5.02655  -0.029539  -0.113352
0.942478  2.51327  5.02655  -0.0283218  -0.226039
1.5708  2.51327  5.02655  -0.0264556  -0.288742
2.19911  2.51327  5.02655  -0.0244263  -0.324355
2.82743  2.51327  5.02655  -0.0224457  -0.343536
4.08407  2.51327  5.02655  -0.0188826  -0.35417
7.22566  2.51327  5.02655  -0.0124033  -0.321307
14.7655  2.51327  5.02655  -0.00527355  -0.220811
-16.6504  2.51327  5.65487  1.43032e-06  0.202402
-7.22566  2.51327  5.65487  3.04172e-06  0.320996
-5.34071  2.51327  5.65487  6.03977e-07  0.345908
-4.08407  2.51327  5.65487  1.42284e-06  0.354251
-2.82743  2.51327  5.65487  1.92369e-06  0.344814
-2.19911  2.51327  5.65487  1.8618e-06  0.326932
-1.5708  2.51327  5.65487  1.82227e-06  0.293398
-0.942478  2.51327  5.65487  1.79184e-06  0.233696
-0.314159  2.51327  5.65487  1.76394e-06  0.12404
0.314159  2.51327  5.65487  1.72964e-06  -0.124046
0.942478  2.51327  5.65487  1.6979e-06  -0.233702
1.5708  2.51327  5.65487  1.66259e-06  -0.293405
2.19911  2.51327  5.65487  1.61577e-06  -0.326939
2.82743  2.51327  5.65487  1.54125e-06  -0.344821
4.08407  2.51327  5.65487  1.37717e-06  -0.354258
7.22566  2.51327  5.65487  1.5904e-06  -0.321007
14.7655  2.51327  5.65487  1.75962e-06  -0.220733
-16.6504  2.51327  6.28319  0.00166867  0.202378
-7.22566  2.51327  6.28319  0.00472377  0.320875
-5.34071  2.51327  6.28319  0.00610879  0.345801
-4.08407  2.51327  6.28319  0.00734347  0.35427
-2.82743  2.51327  6.28319  0.00893225  0.345289
-2.19911  2.51327  6.28319  0.00989248  0.327925
-1.5708  2.51327  6.28319  0.0109588  0.295273
-0.942478  2.51327  6.28319  0.012058  0.236853
-0.314159  2.51327  6.28319  0.0127716  0.127223
0.314159  2.51327  6.28319  0.0127715  -0.127229
0.942478  2.51327  6.28319  0.0120579  -0.23686
1.5708  2.51327  6.28319  0.0109587  -0.295279
2.19911  2.51327  6.28319  0.00989227  -0.327931
2.82743  2.51327  6.28319  0.0089319  -0.345295
4.08407  2.51327  6.28319  0.0073435  -0.354277
7.22566  2.51327  6.28319  0.00472239  -0.320884
14.7655  2.51327  6.28319  0.00199742  -0.220698
-16.6504  3.14159  0  1.43688e-06  0.202349
-7.22566  3.14159  0  3.01952e-06  0.320725
-5.34071  3.14159  0  6.08805e-07  0.345653
-4.08407  3.14159  0  1.42786e-06  0.354248
-2.82743  3.14159  0  1.9232e-06  0.345757
-2.19911  3.14159  0  1.86214e-06  0.328986
-1.5708  3.14159  0  1.82256e-06  0.297441
-0.942478  3.14159  0  1.79181e-06  0.241171
-0.314159  3.14159  0  1.76369e-06  0.135145
0.314159  3.14159  0  1.72809e-06  -0.135152
0.942478  3.14159  0  1.6947e-06  -0.241177
1.5708  3.14159  0  1.65666e-06  -0.297448
2.19911  3.14159  0  1.6045e-06  -0.328993
2.82743  3.14159  0  1.51883e-06  -0.345764
4.08407  3.14159  0  1.38381e-06  -0.354255
7.22566  3.14159  0  1.59364e-06  -0.320735
14.7655  3.14159  0  1.75322e-06  -0.22066
-16.6504  3.14159  0.628319  -0.00166581  0.202377
-7.22566  3.14159  0.628319  -0.00471771  0.320874
-5.34071  3.14159  0.628319  -0.00610757  0.3458
-4.08407  3.14159  0.628319  -0.00734062  0.35427
-2.82743  3.14159  0.628319  -0.0089284  0.345288
-2.19911  3.14159  0.628319  -0.00988876  0.327924
-1.5708  3.14159  0.628319  -0.0109551  0.295273
-0.942478  3.14159  0.628319  -0.0120544  0.236853
-0.314159  3.14159  0.628319  -0.012768  0.127222
0.314159  3.14159  0.628319  -0.0127681  -0.127229
0.942478  3.14159  0.628319  -0.0120545  -0.23686
1.5708  3.14159  0.628319  -0.0109553  -0.29528
2.19911  3.14159  0.628319  -0.00988905  -0.327932
2.82743  3.14159  0.628319  -0.00892885  -0.345296
4.08407  3.14159  0.628319  -0.00734074  -0.354277
7.22566  3.14159  0.628319  -0.0047192  -0.320885
14.7655  3.14159  0.628319  -0.0019939  -0.220699
-16.6504  3.14159  1.25664  -0.00608025  0.20244
-7.22566  3.14159  1.25664  -0.0171226  0.321245
-5.34071  3.14159  1.25664  -0.0219767  0.346139
-4.08407  3.14159  1.25664  -0.0261079  0.354228
-2.82743  3.14159  1.25664  -0.0310578  0.343837
-2.19911  3.14159  1.25664  -0.033799  0.324838
-1.5708  3.14159  1.25664  -0.0365841  0.289305
-0.942478  3.14159  1.25664  -0.0391018  0.226138
-0.314159  3.14159  1.25664  -0.040684  0.112585
0.314159  3.14159  1.25664  -0.0406841  -0.112594
0.942478  3.14159  1.25664  -0.039102  -0.226147
1.5708  3.14159  1.25664  -0.0365844  -0.289313
2.19911  3.14159  1.25664  -0.0337993  -0.324846
2.82743  3.14159  1.25664  -0.0310584  -0.343846
4.08407  3.14159  1.25664  -0.0261082  -0.354237
7.22566  3.14159  1.25664  -0.0171242  -0.321257
14.7655  3.14159  1.25664  -0.0072777  -0.220791
-16.6504  3.14159  1.88496  -0.0116414  0.202501
-7.22566  3.14159  1.88496  -0.0325634  0.321659
-5.34071  3.14159  1.88496  -0.0413796  0.346473
-4.08407  3.14159  1.88496  -0.0484877  0.354006
-2.82743  3.14159  1.88496  -0.0562634  0.341717
-2.19911  3.14159  1.88496  -0.0601014  0.3207
-1.5708  3.14159  1.88496  -0.0635717  0.282089
-0.942478  3.14159  1.88496  -0.0662757  0.215131
-0.314159  3.14159  1.88496  -0.0677779  0.100048
0.314159  3.14159  1.88496  -0.0677779  -0.100058
0.942478  3.14159  1.88496  -0.0662759  -0.215141
1.5708  3.14159  1.88496  -0.063572  -0.2821
2.19911  3.14159  1.88496  -0.0601019  -0.320711
2.82743  3.14159  1.88496  -0.0562641  -0.341727
4.08407  3.14159  1.88496  -0.0484883  -0.354017
7.22566  3.14159  1.88496  -0.0325653  -0.321673
14.7655  3.14159  1.88496  -0.0139338  -0.220886
-16.6504  3.14159  2.51327  -0.0162288  0.202535
-7.22566  3.14159  2.51327  -0.0451551  0.321954
-5.34071  3.14159  2.51327  -0.0569316  0.346673
-4.08407  3.14159  2.51327  -0.0660076  0.353708
-2.82743  3.14159  2.51327  -0.0752086  0.339827
-2.19911  3.14159  2.51327  -0.0793301  0.317233
-1.5708  3.14159  2.51327  -0.0827222  0.276423
-0.942478  3.14159  2.51327  -0.0850861  0.207401
-0.314159  3.14159  2.51327  -0.0862659  0.0945861
0.314159  3.14159  2.51327  -0.086266  -0.0945976
0.942478  3.14159  2.51327  -0.0850863  -0.207413
1.5708  3.14159  2.51327  -0.0827225  -0.276434
2.19911  3.14159  2.51327  -0.0793307  -0.317245
2.82743  3.14159  2.51327  -0.0752094  -0.339839
4.08407  3.14159  2.51327  -0.0660085  -0.35372
7.22566  3.14159  2.51327  -0.0451572  -0.321968
14.7655  3.14159  2.51327  -0.0194244  -0.220943
-16.6504  3.14159  3.14159  -0.018008  0.202543
-7.22566  3.14159  3.14159  -0.0500125  0.322052
-5.34071  3.14159  3.14159  -0.0628752  0.346727
-4.08407  3.14159  3.14159  -0.07262  0.35356
-2.82743  3.14159  3.14159  -0.0822196  0.339072
-2.19911  3.14159  3.14159  -0.0863691  0.315916
-1.5708  3.14159  3.14159  -0.0896778  0.274407
-0.942478  3.14159  3.14159  -0.0919101  0.204857
-0.314159  3.14159  3.14159  -0.0929979  0.0922107
0.314159  3.14159  3.14159  -0.092998  -0.0922228
0.942478  3.14159  3.14159  -0.0919104  -0.204869
1.5708  3.14159  3.14159  -0.0896782  -0.274419
2.19911  3.14159  3.14159  -0.0863696  -0.315929
2.82743  3.14159  3.14159  -0.0822204  -0.339085
4.08407  3.14159  3.14159  -0.0726209  -0.353573
7.22566  3.14159  3.14159  -0.0500145  -0.322067
14.7655  3.14159  3.14159  -0.0215541  -0.220959
-16.6504  3.14159  3.76991  -0.0162288  0.202535
-7.22566  3.14159  3.76991  -0.0451551  0.321954
-5.34071  3.14159  3.76991  -0.0569316  0.346673
-4.08407  3.14159  3.76991  -0.0660076  0.353708
-2.82743  3.14159  3.76991  -0.0752086  0.339827
-2.19911  3.14159  3.76991  -0.0793301  0.317233
-1.5708  3.14159  3.76991  -0.0827222  0.276423
-0.942478  3.14159  3.76991  -0.0850861  0.207401
-0.314159  3.14159  3.76991  -0.0862659  0.0945861
0.314159  3.14159  3.76991  -0.086266  -0.0945976
0.942478  3.14159  3.76991  -0.0850863  -0.207413
1.5708  3.14159  3.76991  -0.0827225  -0.276434
2.19911  3.14159  3.76991  -0.0793307  -0.317245
2.82743  3.14159  3.76991  -0.0752094  -0.339839
4.08407  3.14159  3.76991  -0.0660085  -0.35372
7.22566  3.14159  3.76991  -0.0451572  -0.321968
14.7655  3.14159  3.76991  -0.0194244  -0.220943
-16.6504  3.14159  4.39823  -0.0116414  0.202501
-7.22566  3.14159  4.39823  -0.0325634  0.321659
-5.34071  3.14159  4.39823  -0.0413796  0.346473
-4.08407  3.14159  4.39823  -0.0484877  0.354006
-2.82743  3.14159  4.39823  -0.0562634  0.341717
-2.19911  3.14159  4.39823  -0.0601014  0.3207
-1.5708  3.14159  4.39823  -0.0635717  0.282089
-0.942478  3.14159  4.39823  -0.0662757  0.215131
-0.314159  3.14159  4.39823  -0.0677779  0.100048
0.314159  3.14159  4.39823  -0.0677779  -0.100058
0.942478  3.14159  4.39823  -0.0662759  -0.215141
1.5708  3.14159  4.39823  -0.063572  -0.2821
2.19911  3.14159  4.39823  -0.0601019  -0.320711
2.82743  3.14159  4.39823  -0.0562641  -0.341727
4.08407  3.14159  4.39823  -0.0484883  -0.354017
7.22566  3.14159  4.39823  -0.0325653  -0.321673
14.7655  3.14159  4.39823  -0.0139338  -0.220886
-16.6504  3.14159  5.02655  -0.00608025  0.20244
-7.22566  3.14159  5.02655  -0.0171226  0.321245
-5.34071  3.14159  5.02655  -0.0219767  0.346139
-4.08407  3.14159  5.02655  -0.0261079  0.354228
-2.82743  3.14159  5.02655  -0.0310578  0.343837
-2.19911  3.14159  5.02655  -0.033799  0.324838
-1.5708  3.14159  5.02655  -0.0365841  0.289305
-0.942478  3.14159  5.02655  -0.0391018  0.226138
-0.314159  3.14159  5.02655  -0.040684  0.112585
0.314159  3.14159  5.02655  -0.0406841  -0.112594
0.942478  3.14159  5.02655  -0.039102  -0.226147
1.5708  3.14159  5.02655  -0.0365844  -0.289313
2.19911  3.14159  5.02655  -0.0337993  -0.324846
2.82743  3.14159  5.02655  -0.0310584  -0.343846
4.08407  3.14159  5.02655  -0.0261082  -0.354237
7.22566  3.14159  5.02655  -0.0171242  -0.321257
14.7655  3.14159  5.02655  -0.0072777  -0.220791
-16.6504  3.14159  5.65487  -0.00166581  0.202377
-7.22566  3.14159  5.65487  -0.00471771  0.320874
-5.34071  3.14159  5.65487  -0.00610757  0.3458
-4.08407  3.14159  5.65487  -0.00734062  0.35427
-2.82743  3.14159  5.65487  -0.0089284  0.345288
-2.19911  3.14159  5.65487  -0.00988876  0.327924
-1.5708  3.14159  5.65487  -0.0109551  0.295273
-0.942478  3.14159  5.65487  -0.0120544  0.236853
-0.314159  3.14159  5.65487  -0.012768  0.127222
0.314159  3.14159  5.65487  -0.0127681  -0.127229
0.942478  3.14159  5.65487  -0.0120545  -0.23686
1.5708  3.14159  5.65487  -0.0109553  -0.29528
2.19911  3.14159  5.65487  -0.00988905  -0.327932
2.82743  3.14159  5.65487  -0.00892885  -0.345296
4.08407  3.14159  5.65487  -0.00734074  -0.354277
7.22566  3.14159  5.65487  -0.0047192  -0.320885
14.7655  3.14159  5.65487  -0.0019939  -0.220699
-16.6504  3.14159  6.28319  1.43688e-06  0.202349
-7.22566  3.14159  6.28319  3.01952e-06  0.320725
-5.34071  3.14159  6.28319  6.08805e-07  0.345653
-4.08407  3.14159  6.28319  1.42786e-06  0.354248
-2.82743  3.14159  6.28319  1.9232e-06  0.345757
-2.19911  3.14159  6.28319  1.86214e-06  0.328986
-1.5708  3.14159  6.28319  1.82256e-06  0.297441
-0.942478  3.14159  6.28319  1.79181e-06  0.241171
-0.314159  3.14159  6.28319  1.76369e-06  0.135145
0.314159  3.14159  6.28319  1.72809e-06  -0.135152
0.942478  3.14159  6.28319  1.6947e-06  -0.241177
1.5708  3.14159  6.28319  1.65666e-06  -0.297448
2.19911  3.14159  6.28319  1.6045e-06  -0.328993
2.82743  3.14159  6.28319  1.51883e-06  -0.345764
4.08407  3.14159  6.28319  1.38381e-06  -0.354255
7.22566  3.14159  6.28319  1.59364e-06  -0.320735
14.7655  3.14159  6.28319  1.75322e-06  -0.22066
-16.6504  3.76991  0  0.00166867  0.202378
-7.22566  3.76991  0  0.00472377  0.320875
-5.34071  3.76991  0  0.00610879  0.345801
-4.08407  3.76991  0  0.00734347  0.35427
-2.82743  3.76991  0  0.00893225  0.345289
-2.19911  3.76991  0  0.00989248  0.327925
-1.5708  3.76991  0  0.0109588  0.295273
-0.942478  3.76991  0  0.012058  0.236853
-0.314159  3.76991  0  0.0127716  0.127223
0.314159  3.76991  0  0.0127715  -0.127229
0.942478  3.76991  0  0.0120579  -0.23686
1.5708  3.76991  0  0.0109587  -0.295279
2.19911  3.76991  0  0.00989227  -0.327931
2.82743  3.76991  0  0.0089319  -0.345295
4.08407  3.76991  0  0.0073435  -0.354277
7.22566  3.76991  0  0.00472239  -0.320884
14.7655  3.76991  0  0.00199742  -0.220698
-16.6504  3.76991  0.628319  1.43032e-06  0.202402
-7.22566  3.76991  0.628319  3.04172e-06  0.320996
-5.34071  3.76991  0.628319  6.03977e-07  0.345908
-4.08407  3.76991  0.628319  1.42284e-06  0.354251
-2.82743  3.76991  0.628319  1.92369e-06  0.344814
-2.19911  3.76991  0.628319  1.8618e-06  0.326932
-1.5708  3.76991  0.628319  1.82227e-06  0.293398
-0.942478  3.76991  0.628319  1.79184e-06  0.233696
-0.314159  3.76991  0.628319  1.76394e-06  0.12404
0.314159  3.76991  0.628319  1.72964e-06  -0.124046
0.942478  3.76991  0.628319  1.6979e-06  -0.233702
1.5708  3.76991  0.628319  1.66259e-06  -0.293405
2.19911  3.76991  0.628319  1.61577e-06  -0.326939
2.82743  3.76991  0.628319  1.54125e-06  -0.344821
4.08407  3.76991  0.628319  1.37717e-06  -0.354258
7.22566  3.76991  0.628319  1.5904e-06  -0.321007
14.7655  3.76991  0.628319  1.75962e-06  -0.220733
-16.6504  3.76991  1.25664  -0.00440583  0.202457
-7.22566  3.76991  1.25664  -0.0124016  0.321296
-5.34071  3.76991  1.25664  -0.0159071  0.346163
-4.08407  3.76991  1.25664  -0.0188823  0.354162
-2.82743  3.76991  1.25664  -0.0224452  0.343528
-2.19911  3.76991  1.25664  -0.0244259  0.324347
-1.5708  3.76991  1.25664  -0.0264554  0.288734
-0.942478  3.76991  1.25664  -0.0283216  0.226031
-0.314159  3.76991  1.25664  -0.0295389  0.113344
0.314159  3.76991  1.25664  -0.029539  -0.113352
0.942478  3.76991  1.25664  -0.0283218  -0.226039
1.5708  3.76991  1.25664  -0.0264556  -0.288742
2.19911  3.76991  1.25664  -0.0244263  -0.324355
2.82743  3.76991  1.25664  -0.0224457  -0.343536
4.08407  3.76991  1.25664  -0.0188826  -0.35417
7.22566  3.76991  1.25664  -0.0124033  -0.321307
14.7655  3.76991  1.25664  -0.00527355  -0.220811
-16.6504  3.76991  1.88496  -0.00994283  0.202506
-7.22566  3.76991  1.88496  -0.0278407  0.321633
-5.34071  3.76991  1.88496  -0.0354254  0.346438
-4.08407  3.76991  1.88496  -0.0415919  0.353995
-2.82743  3.76991  1.88496  -0.048456  0.341851
-2.19911  3.76991  1.88496  -0.0519336  0.32105
-1.5708  3.76991  1.88496  -0.0551705  0.282878
-0.942478  3.76991  1.88496  -0.057791  0.21681
-0.314159  3.76991  1.88496  -0.0593074  0.103804
0.314159  3.76991  1.88496  -0.0593075  -0.103814
0.942478  3.76991  1.88496  -0.0577911  -0.21682
1.5708  3.76991  1.88496  -0.0551708  -0.282888
2.19911  3.76991  1.88496  -0.0519341  -0.32106
2.82743  3.76991  1.88496  -0.0484566  -0.341861
4.08407  3.76991  1.88496  -0.0415924  -0.354005
7.22566  3.76991  1.88496  -0.0278425  -0.321647
14.7655  3.76991  1.88496  -0.0119011  -0.220888
-16.6504  3.76991  2.51327  -0.0144831  0.20253
-7.22566  3.76991  2.51327  -0.0403713  0.321874
-5.34071  3.76991  2.51327  -0.0510319  0.346621
-4.08407  3.76991  2.51327  -0.0593757  0.353806
-2.82743  3.76991  2.51327  -0.068068  0.340419
-2.19911  3.76991  2.51327  -0.0721045  0.318336
-1.5708  3.76991  2.51327  -0.0755435  0.278282
-0.942478  3.76991  2.51327  -0.0780326  0.210029
-0.314159  3.76991  2.51327  -0.079313  0.0960964
0.314159  3.76991  2.51327  -0.0793131  -0.0961074
0.942478  3.76991  2.51327  -0.0780328  -0.21004
1.5708  3.76991  2.51327  -0.0755439  -0.278293
2.19911  3.76991  2.51327  -0.072105  -0.318348
2.82743  3.76991  2.51327  -0.0680687  -0.340431
4.08407  3.76991  2.51327  -0.0593765  -0.353817
7.22566  3.76991  2.51327  -0.0403733  -0.321889
14.7655  3.76991  2.51327  -0.0173352  -0.220932
-16.6504  3.76991  3.14159  -0.0162288  0.202535
-7.22566  3.76991  3.14159  -0.0451551  0.321954
-5.34071  3.76991  3.14159  -0.0569316  0.346673
-4.08407  3.76991  3.14159  -0.0660076  0.353708
-2.82743  3.76991  3.14159  -0.0752086  0.339827
-2.19911  3.76991  3.14159  -0.0793301  0.317233
-1.5708  3.76991  3.14159  -0.0827222  0.276423
-0.942478  3.76991  3.14159  -0.0850861  0.207401
-0.314159  3.76991  3.14159  -0.0862659  0.0945861
0.314159  3.76991  3.14159  -0.086266  -0.0945976
0.942478  3.76991  3.14159  -0.0850863  -0.207413
1.5708  3.76991  3.14159  -0.0827225  -0.276434
2.19911  3.76991  3.14159  -0.0793307  -0.317245
2.82743  3.76991  3.14159  -0.0752094  -0.339839
4.08407  3.76991  3.14159  -0.0660085  -0.35372
7.22566  3.76991  3.14159  -0.0451572  -0.321968
14.7655  3.76991  3.14159  -0.0194244  -0.220943
-16.6504  3.76991  3.76991  -0.0144831  0.20253
-7.22566  3.76991  3.76991  -0.0403713  0.321874
-5.34071  3.76991  3.76991  -0.0510319  0.346621
-4.08407  3.76991  3.76991  -0.0593757  0.353806
-2.82743  3.76991  3.76991  -0.068068  0.340419
-2.19911  3.76991  3.76991  -0.0721045  0.318336
-1.5708  3.76991  3.76991  -0.0755435  0.278282
-0.942478  3.76991  3.76991  -0.0780326  0.210029
-0.314159  3.76991  3.76991  -0.079313  0.0960964
0.314159  3.76991  3.76991  -0.0793131  -0.0961074
0.942478  3.76991  3.76991  -0.0780328  -0.21004
1.5708  3.76991  3.76991  -0.0755439  -0.278293
2.19911  3.76991  3.76991  -0.072105  -0.318348
2.82743  3.76991  3.76991  -0.0680687  -0.340431
4.08407  3.76991  3.76991  -0.0593765  -0.353817
7.22566  3.76991  3.76991  -0.0403733  -0.321889
14.7655  3.76991  3.76991  -0.0173352  -0.220932
-16.6504  3.76991  4.39823  -0.00994283  0.202506
-7.22566  3.76991  4.39823  -0.0278407  0.321633
-5.34071  3.76991  4.39823  -0.0354254  0.346438
-4.08407  3.76991  4.39823  -0.0415919  0.353995
-2.82743  3.76991  4.39823  -0.048456  0.341851
-2.19911  3.76991  4.39823  -0.0519336  0.32105
-1.5708  3.76991  4.39823  -0.0551705  0.282878
-0.942478  3.76991  4.39823  -0.057791  0.21681
-0.314159  3.76991  4.39823  -0.0593074  0.103804
0.314159  3.76991  4.39823  -0.0593075  -0.103814
0.942478  3.76991  4.39823  -0.0577911  -0.21682
1.5708  3.76991  4.39823  -0.0551708  -0.282888
2.19911  3.76991  4.39823  -0.0519341  -0.32106
2.82743  3.76991  4.39823  -0.0484566  -0.341861
4.08407  3.76991  4.39823  -0.0415924  -0.354005
7.22566  3.76991  4.39823  -0.0278425  -0.321647
14.7655  3.76991  4.39823  -0.0119011  -0.220888
-16.6504  3.76991  5.02655  -0.00440583  0.202457
-7.22566  3.76991  5.02655  -0.0124016  0.321296
-5.34071  3.76991  5.02655  -0.0159071  0.346163
-4.08407  3.76991  5.02655  -0.0188823  0.354162
-2.82743  3.76991  5.02655  -0.0224452  0.343528
-2.19911  3.76991  5.02655  -0.0244259  0.324347
-1.5708  3.76991  5.02655  -0.0264554  0.288734
-0.942478  3.76991  5.02655  -0.0283216  0.226031
-0.314159  3.76991  5.02655  -0.0295389  0.113344
0.314159  3.76991  5.02655  -0.029539  -0.113352
0.942478  3.76991  5.02655  -0.0283218  -0.226039
1.5708  3.76991  5.02655  -0.0264556  -0.288742
2.19911  3.76991  5.02655  -0.0244263  -0.324355
2.82743  3.76991  5.02655  -0.0224457  -0.343536
4.08407  3.76991  5.02655  -0.0188826  -0.35417
7.22566  3.76991  5.02655  -0.0124033  -0.321307
14.7655  3.76991  5.02655  -0.00527355  -0.220811
-16.6504  3.76991  5.65487  1.43032e-06  0.202402
-7.22566  3.76991  5.65487  3.04172e-06  0.320996
-5.34071  3.76991  5.65487  6.03977e-07  0.345908
-4.08407  3.76991  5.65487  1.42284e-06  0.354251
-2.82743  3.76991  5.65487  1.92369e-06  0.344814
-2.19911  3.76991  5.65487  1.8618e-06  0.326932
-1.5708  3.76991  5.65487  1.82227e-06  0.293398
-0.942478  3.76991  5.65487  1.79184e-06  0.233696
-0.314159  3.76991  5.65487  1.76394e-06  0.12404
0.314159  3.76991  5.65487  1.72964e-06  -0.124046
0.942478  3.76991  5.65487  1.6979e-06  -0.233702
1.5708  3.76991  5.65487  1.66259e-06  -0.293405
2.19911  3.76991  5.65487  1.61577e-06  -0.326939
2.82743  3.76991  5.65487  1.54125e-06  -0.344821
4.08407  3.76991  5.65487  1.37717e-06  -0.354258
7.22566  3.76991  5.65487  1.5904e-06  -0.321007
14.7655  3.76991  5.65487  1.75962e-06  -0.220733
-16.6504  3.76991  6.28319  0.00166867  0.202378
-7.22566  3.76991  6.28319  0.00472377  0.320875
-5.34071  3.76991  6.28319  0.00610879  0.345801
-4.08407  3.76991  6.28319  0.00734347  0.35427
-2.82743  3.76991  6.28319  0.00893225  0.345289
-2.19911  3.76991  6.28319  0.00989248  0.327925
-1.5708  3.76991  6.28319  0.0109588  0.295273
-0.942478  3.76991  6.28319  0.012058  0.236853
-0.314159  3.76991  6.28319  0.0127716  0.127223
0.314159  3.76991  6.28319  0.0127715  -0.127229
0.942478  3.76991  6.28319  0.0120579  -0.23686
1.5708  3.76991  6.28319  0.0109587  -0.295279
2.19911  3.76991  6.28319  0.00989227  -0.327931
2.82743  3.76991  6.28319  0.0089319  -0.345295
4.08407  3.76991  6.28319  0.0073435  -0.354277
7.22566  3.76991  6.28319  0.00472239  -0.320884
14.7655  3.76991  6.28319  0.00199742  -0.220698
-16.6504  4.39823  0  0.00608309  0.202446
-7.22566  4.39823  0  0.0171287  0.321246
-5.34071  4.39823  0  0.0219779  0.346141
-4.08407  4.39823  0  0.0261107  0.35423
-2.82743  4.39823  0  0.0310617  0.343839
-2.19911  4.39823  0  0.0338027  0.32484
-1.5708  4.39823  0  0.0365878  0.289307
-0.942478  4.39823  0  0.0391054  0.22614
-0.314159  4.39823  0  0.0406876  0.112587
0.314159  4.39823  0  0.0406875  -0.112592
0.942478  4.39823  0  0.0391054  -0.226145
1.5708  4.39823  0  0.0365877  -0.289311
2.19911  4.39823  0  0.0338026  -0.324844
2.82743  4.39823  0  0.0310615  -0.343844
4.08407  4.39823  0  0.026111  -0.354235
7.22566  4.39823  0  0.0171274  -0.321254
14.7655  4.39823  0  0.00728121  -0.220791
-16.6504  4.39823  0.628319  0.00440867  0.202461
-7.22566  4.39823  0.628319  0.0124078  0.321297
-5.34071  4.39823  0.628319  0.0159083  0.346164
-4.08407  4.39823  0.628319  0.0188851  0.354163
-2.82743  4.39823  0.628319  0.022449  0.343529
-2.19911  4.39823  0.628319  0.0244296  0.324348
-1.5708  4.39823  0.628319  0.0264591  0.288735
-0.942478  4.39823  0.628319  0.0283252  0.226032
-0.314159  4.39823  0.628319  0.0295425  0.113346
0.314159  4.39823  0.628319  0.0295424  -0.113351
0.942478  4.39823  0.628319  0.0283252  -0.226038
1.5708  4.39823  0.628319  0.026459  -0.28874
2.19911  4.39823  0.628319  0.0244295  -0.324354
2.82743  4.39823  0.628319  0.0224488  -0.343535
4.08407  4.39823  0.628319  0.0188853  -0.354169
7.22566  4.39823  0.628319  0.0124065  -0.321305
14.7655  4.39823  0.628319  0.00527707  -0.220811
-16.6504  4.39823  1.25664  1.41811e-06  0.20249
-7.22566  4.39823  1.25664  3.08504e-06  0.321416
-5.34071  4.39823  1.25664  5.92167e-07  0.346229
-4.08407  4.39823  1.25664  1.41101e-06  0.354024
-2.82743  4.39823  1.25664  1.92255e-06  0.342805
-2.19911  4.39823  1.25664  1.85923e-06  0.323099
-1.5708  4.39823  1.25664  1.82002e-06  0.286903
-0.942478  4.39823  1.25664  1.79031e-06  0.224343
-0.314159  4.39823  1.25664  1.76338e-06  0.115614
0.314159  4.39823  1.25664  1.73138e-06  -0.115621
0.942478  4.39823  1.25664  1.70175e-06  -0.224349
1.5708  4.39823  1.25664  1.67008e-06  -0.28691
2.19911  4.39823  1.25664  1.63137e-06  -0.323105
2.82743  4.39823  1.25664  1.57926e-06  -0.342812
4.08407  4.39823  1.25664  1.3761e-06  -0.354031
7.22566  4.39823  1.25664  1.58795e-06  -0.321426
14.7655  4.39823  1.25664  1.76577e-06  -0.220853
-16.6504  4.39823  1.88496  -0.00549019  0.202508
-7.22566  4.39823  1.88496  -0.0154083  0.321547
-5.34071  4.39823  1.88496  -0.0196675  0.346339
-4.08407  4.39823  1.88496  -0.0231943  0.353974
-2.82743  4.39823  1.88496  -0.0272661  0.342225
-2.19911  4.39823  1.88496  -0.0294422  0.321976
-1.5708  4.39823  1.88496  -0.0315941  0.284933
-0.942478  4.39823  1.88496  -0.033482  0.220927
-0.314159  4.39823  1.88496  -0.0346724  0.109121
0.314159  4.39823  1.88496  -0.0346724  -0.109129
0.942478  4.39823  1.88496  -0.0334821  -0.220936
1.5708  4.39823  1.88496  -0.0315943  -0.284941
2.19911  4.39823  1.88496  -0.0294425  -0.321984
2.82743  4.39823  1.88496  -0.0272666  -0.342234
4.08407  4.39823  1.88496  -0.0231946  -0.353983
7.22566  4.39823  1.88496  -0.01541  -0.321559
14.7655  4.39823  1.88496  -0.00657183  -0.220883
-16.6504  4.39823  2.51327  -0.00994283  0.202506
-7.22566  4.39823  2.51327  -0.0278407  0.321633
-5.34071  4.39823  2.51327  -0.0354254  0.346438
-4.08407  4.39823  2.51327  -0.0415919  0.353995
-2.82743  4.39823  2.51327  -0.048456  0.341851
-2.19911  4.39823  2.51327  -0.0519336  0.32105
-1.5708  4.39823  2.51327  -0.0551705  0.282878
-0.942478  4.39823  2.51327  -0.057791  0.21681
-0.314159  4.39823  2.51327  -0.0593074  0.103804
0.314159  4.39823  2.51327  -0.0593075  -0.103814
0.942478  4.39823  2.51327  -0.0577911  -0.21682
1.5708  4.39823  2.51327  -0.0551708  -0.282888
2.19911  4.39823  2.51327  -0.0519341  -0.32106
2.82743  4.39823  2.51327  -0.0484566  -0.341861
4.08407  4.39823  2.51327  -0.0415924  -0.354005
7.22566  4.39823  2.51327  -0.0278425  -0.321647
14.7655  4.39823  2.51327  -0.0119011  -0.220888
-16.6504  4.39823  3.14159  -0.0116414  0.202501
-7.22566  4.39823  3.14159  -0.0325634  0.321659
-5.34071  4.39823  3.14159  -0.0413796  0.346473
-4.08407  4.39823  3.14159  -0.0484877  0.354006
-2.82743  4.39823  3.14159  -0.0562634  0.341717
-2.19911  4.39823  3.14159  -0.0601014  0.3207
-1.5708  4.39823  3.14159  -0.0635717  0.282089
-0.942478  4.39823  3.14159  -0.0662757  0.215131
-0.314159  4.39823  3.14159  -0.0677779  0.100048
0.314159  4.39823  3.14159  -0.0677779  -0.100058
0.942478  4.39823  3.14159  -0.0662759  -0.215141
1.5708  4.39823  3.14159  -0.063572  -0.2821
2.19911  4.39823  3.14159  -0.0601019  -0.320711
2.82743  4.39823  3.14159  -0.0562641  -0.341727
4.08407  4.39823  3.14159  -0.0484883  -0.354017
7.22566  4.39823  3.14159  -0.0325653  -0.321673
14.7655  4.39823  3.14159  -0.0139338  -0.220886
-16.6504  4.39823  3.76991  -0.00994283  0.202506
-7.22566  4.39823  3.76991  -0.0278407  0.321633
-5.34071  4.39823  3.76991  -0.0354254  0.346438
-4.08407  4.39823  3.76991  -0.0415919  0.353995
-2.82743  4.39823  3.76991  -0.048456  0.341851
-2.19911  4.39823  3.76991  -0.0519336  0.32105
-1.5708  4.39823  3.76991  -0.0551705  0.282878
-0.942478  4.39823  3.76991  -0.057791  0.21681
-0.314159  4.39823  3.76991  -0.0593074  0.103804
0.314159  4.39823  3.76991  -0.0593075  -0.103814
0.942478  4.39823  3.76991  -0.0577911  -0.21682
1.5708  4.39823  3.76991  -0.0551708  -0.282888
2.19911  4.39823  3.76991  -0.0519341  -0.32106
2.82743  4.39823  3.76991  -0.0484566  -0.341861
4.08407  4.39823  3.76991  -0.0415924  -0.354005
7.22566  4.39823  3.76991  -0.0278425  -0.321647
14.7655  4.39823  3.76991  -0.0119011  -0.220888
-16.6504  4.39823  4.39823  -0.00549019  0.202508
-7.22566  4.39823  4.39823  -0.0154083  0.321547
-5.34071  4.39823  4.39823  -0.0196675  0.346339
-4.08407  4.39823  4.39823  -0.0231943  0.353974
-2.82743  4.39823  4.39823  -0.0272661  0.342225
-2.19911  4.39823  4.39823  -0.0294422  0.321976
-1.5708  4.39823  4.39823  -0.0315941  0.284933
-0.942478  4.39823  4.39823  -0.033482  0.220927
-0.314159  4.39823  4.39823  -0.0346724  0.109121
0.314159  4.39823  4.39823  -0.0346724  -0.109129
0.942478  4.39823  4.39823  -0.0334821  -0.220936
1.5708  4.39823  4.39823  -0.0315943  -0.284941
2.19911  4.39823  4.39823  -0.0294425  -0.321984
2.82743  4.39823  4.39823  -0.0272666  -0.342234
4.08407  4.39823  4.39823  -0.0231946  -0.353983
7.22566  4.39823  4.39823  -0.01541  -0.321559
14.7655  4.39823  4.39823  -0.00657183  -0.220883
-16.6504  4.39823  5.02655  1.41811e-06  0.20249
-7.22566  4.39823  5.02655  3.08504e-06  0.321416
-5.34071  4.39823  5.02655  5.92167e-07  0.346229
-4.08407  4.39823  5.02655  1.41101e-06  0.354024
-2.82743  4.39823  5.02655  1.92255e-06  0.342805
-2.19911  4.39823  5.02655  1.85923e-06  0.323099
-1.5708  4.39823  5.02655  1.82002e-06  0.286903
-0.942478  4.39823  5.02655  1.79031e-06  0.224343
-0.314159  4.39823  5.02655  1.76338e-06  0.115614
0.314159  4.39823  5.02655  1.73138e-06  -0.115621
0.942478  4.39823  5.02655  1.70175e-06  -0.224349
1.5708  4.39823  5.02655  1.67008e-06  -0.28691
2.19911  4.39823  5.02655  1.63137e-06  -0.323105
2.82743  4.39823  5.02655  1.57926e-06  -0.342812
4.08407  4.39823  5.02655  1.3761e-06  -0.354031
7.22566  4.39823  5.02655  1.58795e-06  -0.321426
14.7655  4.39823  5.02655  1.76577e-06  -0.220853
-16.6504  4.39823  5.65487  0.00440867  0.202461
-7.22566  4.39823  5.65487  0.0124078  0.321297
-5.34071  4.39823  5.65487  0.0159083  0.346164
-4.08407  4.39823  5.65487  0.0188851  0.354163
-2.82743  4.39823  5.65487  0.022449  0.343529
-2.19911  4.39823  5.65487  0.0244296  0.324348
-1.5708  4.39823  5.65487  0.0264591  0.288735
-0.942478  4.39823  5.65487  0.0283252  0.226032
-0.314159  4.39823  5.65487  0.0295425  0.113346
0.314159  4.39823  5.65487  0.0295424  -0.113351
0.942478  4.39823  5.65487  0.0283252  -0.226038
1.5708  4.39823  5.65487  0.026459  -0.28874
2.19911  4.39823  5.65487  0.0244295  -0.324354
2.82743  4.39823  5.65487  0.0224488  -0.343535
4.08407  4.39823  5.65487  0.0188853  -0.354169
7.22566  4.39823  5.65487  0.0124065  -0.321305
14.7655  4.39823  5.65487  0.00527707  -0.220811
-16.6504  4.39823  6.28319  0.00608309  0.202446
-7.22566  4.39823  6.28319  0.0171287  0.321246
-5.34071  4.39823  6.28319  0.0219779  0.346141
-4.08407  4.39823  6.28319  0.0261107  0.35423
-2.82743  4.39823  6.28319  0.0310617  0.343839
-2.19911  4.39823  6.28319  0.0338027  0.32484
-1.5708  4.39823  6.28319  0.0365878  0.289307
-0.942478  4.39823  6.28319  0.0391054  0.22614
-0.314159  4.39823  6.28319  0.0406876  0.112587
0.314159  4.39823  6.28319  0.0406875  -0.112592
0.942478  4.39823  6.28319  0.0391054  -0.226145
1.5708  4.39823  6.28319  0.0365877  -0.289311
2.19911  4.39823  6.28319  0.0338026  -0.324844
2.82743  4.39823  6.28319  0.0310615  -0.343844
4.08407  4.39823  6.28319  0.026111  -0.354235
7.22566  4.39823  6.28319  0.0171274  -0.321254
14.7655  4.39823  6.28319  0.00728121  -0.220791
-16.6504  5.02655  0  0.0116442  0.202513
-7.22566  5.02655  0  0.0325696  0.321661
-5.34071  5.02655  0  0.0413808  0.346476
-4.08407  5.02655  0  0.0484905  0.35401
-2.82743  5.02655  0  0.0562672  0.34172
-2.19911  5.02655  0  0.0601052  0.320704
-1.5708  5.02655  0  0.0635753  0.282093
-0.942478  5.02655  0  0.0662792  0.215135
-0.314159  5.02655  0  0.0677814  0.100052
0.314159  5.02655  0  0.0677814  -0.100055
0.942478  5.02655  0  0.0662793  -0.215138
1.5708  5.02655  0  0.0635754  -0.282096
2.19911  5.02655  0  0.0601052  -0.320707
2.82743  5.02655  0  0.0562673  -0.341724
4.08407  5.02655  0  0.048491  -0.354013
7.22566  5.02655  0  0.0325684  -0.321668
14.7655  5.02655  0  0.0139373  -0.220884
-16.6504  5.02655  0.628319  0.00994564  0.202516
-7.22566  5.02655  0.628319  0.0278469  0.321635
-5.34071  5.02655  0.628319  0.0354265  0.346441
-4.08407  5.02655  0.628319  0.0415947  0.353997
-2.82743  5.02655  0.628319  0.0484598  0.341854
-2.19911  5.02655  0.628319  0.0519373  0.321053
-1.5708  5.02655  0.628319  0.0551741  0.282881
-0.942478  5.02655  0.628319  0.0577945  0.216813
-0.314159  5.02655  0.628319  0.0593109  0.103807
0.314159  5.02655  0.628319  0.0593109  -0.103811
0.942478  5.02655  0.628319  0.0577945  -0.216817
1.5708  5.02655  0.628319  0.0551741  -0.282884
2.19911  5.02655  0.628319  0.0519373  -0.321057
2.82743  5.02655  0.628319  0.0484598  -0.341858
4.08407  5.02655  0.628319  0.0415952  -0.354001
7.22566  5.02655  0.628319  0.0278457  -0.321642
14.7655  5.02655  0.628319  0.0119046  -0.220887
-16.6504  5.02655  1.25664  0.00549302  0.202513
-7.22566  5.02655  1.25664  0.0154145  0.321548
-5.34071  5.02655  1.25664  0.0196687  0.34634
-4.08407  5.02655  1.25664  0.0231971  0.353976
-2.82743  5.02655  1.25664  0.02727  0.342227
-2.19911  5.02655  1.25664  0.0294459  0.321978
-1.5708  5.02655  1.25664  0.0315977  0.284934
-0.942478  5.02655  1.25664  0.0334856  0.220929
-0.314159  5.02655  1.25664  0.0346759  0.109122
0.314159  5.02655  1.25664  0.0346759  -0.109127
0.942478  5.02655  1.25664  0.0334855  -0.220934
1.5708  5.02655  1.25664  0.0315976  -0.284939
2.19911  5.02655  1.25664  0.0294458  -0.321983
2.82743  5.02655  1.25664  0.0272698  -0.342232
4.08407  5.02655  1.25664  0.0231973  -0.353981
7.22566  5.02655  1.25664  0.0154132  -0.321557
14.7655  5.02655  1.25664  0.00657536  -0.220882
-16.6504  5.02655  1.88496  1.41811e-06  0.20249
-7.22566  5.02655  1.88496  3.08504e-06  0.321416
-5.34071  5.02655  1.88496  5.92167e-07  0.346229
-4.08407  5.02655  1.88496  1.41101e-06  0.354024
-2.82743  5.02655  1.88496  1.92255e-06  0.342805
-2.19911  5.02655  1.88496  1.85923e-06  0.323099
-1.5708  5.02655  1.88496  1.82002e-06  0.286903
-0.942478  5.02655  1.88496  1.79031e-06  0.224343
-0.314159  5.02655  1.88496  1.76338e-06  0.115614
0.314159  5.02655  1.88496  1.73138e-06  -0.115621
0.942478  5.02655  1.88496  1.70175e-06  -0.224349
1.5708  5.02655  1.88496  1.67008e-06  -0.28691
2.19911  5.02655  1.88496  1.63137e-06  -0.323105
2.82743  5.02655  1.88496  1.57926e-06  -0.342812
4.08407  5.02655  1.88496  1.3761e-06  -0.354031
7.22566  5.02655  1.88496  1.58795e-06  -0.321426
14.7655  5.02655  1.88496  1.76577e-06  -0.220853
-16.6504  5.02655  2.51327  -0.00440583  0.202457
-7.22566  5.02655  2.51327  -0.0124016  0.321296
-5.34071  5.02655  2.51327  -0.0159071  0.346163
-4.08407  5.02655  2.51327  -0.0188823  0.354162
-2.82743  5.02655  2.51327  -0.0224452  0.343528
-2.19911  5.02655  2.51327  -0.0244259  0.324347
-1.5708  5.02655  2.51327  -0.0264554  0.288734
-0.942478  5.02655  2.51327  -0.0283216  0.226031
-0.314159  5.02655  2.51327  -0.0295389  0.113344
0.314159  5.02655  2.51327  -0.029539  -0.113352
0.942478  5.02655  2.51327  -0.0283218  -0.226039
1.5708  5.02655  2.51327  -0.0264556  -0.288742
2.19911  5.02655  2.51327  -0.0244263  -0.324355
2.82743  5.02655  2.51327  -0.0224457  -0.343536
4.08407  5.02655  2.51327  -0.0188826  -0.35417
7.22566  5.02655  2.51327  -0.0124033  -0.321307
14.7655  5.02655  2.51327  -0.00527355  -0.220811
-16.6504  5.02655  3.14159  -0.00608025  0.20244
-7.22566  5.02655  3.14159  -0.0171226  0.321245
-5.34071  5.02655  3.14159  -0.0219767  0.346139
-4.08407  5.02655  3.14159  -0.0261079  0.354228
-2.82743  5.02655  3.14159  -0.0310578  0.343837
-2.19911  5.02655  3.14159  -0.033799  0.324838
-1.5708  5.02655  3.14159  -0.0365841  0.289305
-0.942478  5.02655  3.14159  -0.0391018  0.226138
-0.314159  5.02655  3.14159  -0.040684  0.112585
0.314159  5.02655  3.14159  -0.0406841  -0.112594
0.942478  5.02655  3.14159  -0.039102  -0.226147
1.5708  5.02655  3.14159  -0.0365844  -0.289313
2.19911  5.02655  3.14159  -0.0337993  -0.324846
2.82743  5.02655  3.14159  -0.0310584  -0.343846
4.08407  5.02655  3.14159  -0.0261082  -0.354237
7.22566  5.02655  3.14159  -0.0171242  -0.321257
14.7655  5.02655  3.14159  -0.0072777  -0.220791
-16.6504  5.02655  3.76991  -0.00440583  0.202457
-7.22566  5.02655  3.76991  -0.0124016  0.321296
-5.34071  5.02655  3.76991  -0.0159071  0.346163
-4.08407  5.02655  3.76991  -0.0188823  0.354162
-2.82743  5.02655  3.76991  -0.0224452  0.343528
-2.19911  5.02655  3.76991  -0.0244259  0.324347
-1.5708  5.02655  3.76991  -0.0264554  0.288734
-0.942478  5.02655  3.76991  -0.0283216  0.226031
-0.314159  5.02655  3.76991  -0.0295389  0.113344
0.314159  5.02655  3.76991  -0.029539  -0.113352
0.942478  5.02655  3.76991  -0.0283218  -0.226039
1.5708  5.02655  3.76991  -0.0264556  -0.288742
2.19911  5.02655  3.76991  -0.0244263  -0.324355
2.82743  5.02655  3.76991  -0.0224457  -0.343536
4.08407  5.02655  3.76991  -0.0188826  -0.35417
7.22566  5.02655  3.76991  -0.0124033  -0.321307
14.7655  5.02655  3.76991  -0.00527355  -0.220811
-16.6504  5.02655  4.39823  1.41811e-06  0.20249
-7.22566  5.02655  4.39823  3.08504e-06  0.321416
-5.34071  5.02655  4.39823  5.92167e-07  0.346229
-4.08407  5.02655  4.39823  1.41101e-06  0.354024
-2.82743  5.02655  4.39823  1.92255e-06  0.342805
-2.19911  5.02655  4.39823  1.85923e-06  0.323099
-1.5708  5.02655  4.39823  1.82002e-06  0.286903
-0.942478  5.02655  4.39823  1.79031e-06  0.224343
-0.314159  5.02655  4.39823  1.76338e-06  0.115614
0.314159  5.02655  4.39823  1.73138e-06  -0.115621
0.942478  5.02655  4.39823  1.70175e-06  -0.224349
1.5708  5.02655  4.39823  1.67008e-06  -0.28691
2.19911  5.02655  4.39823  1.63137e-06  -0.323105
2.82743  5.02655  4.39823  1.57926e-06  -0.342812
4.08407  5.02655  4.39823  1.3761e-06  -0.354031
7.22566  5.02655  4.39823  1.58795e-06  -0.321426
14.7655  5.02655  4.39823  1.76577e-06  -0.220853
-16.6504  5.02655  5.02655  0.00549302  0.202513
-7.22566  5.02655  5.02655  0.0154145  0.321548
-5.34071  5.02655  5.02655  0.0196687  0.34634
-4.08407  5.02655  5.02655  0.0231971  0.353976
-2.82743  5.02655  5.02655  0.02727  0.342227
-2.19911  5.02655  5.02655  0.0294459  0.321978
-1.5708  5.02655  5.02655  0.0315977  0.284934
-0.942478  5.02655  5.02655  0.0334856  0.220929
-0.314159  5.02655  5.02655  0.0346759  0.109122
0.314159  5.02655  5.02655  0.0346759  -0.109127
0.942478  5.02655  5.02655  0.0334855  -0.220934
1.5708  5.02655  5.02655  0.0315976  -0.284939
2.19911  5.02655  5.02655  0.0294458  -0.321983
2.82743  5.02655  5.02655  0.0272698  -0.342232
4.08407  5.02655  5.02655  0.0231973  -0.353981
7.22566  5.02655  5.02655  0.0154132  -0.321557
14.7655  5.02655  5.02655  0.00657536  -0.220882
-16.6504  5.02655  5.65487  0.00994564  0.202516
-7.22566  5.02655  5.65487  0.0278469  0.321635
-5.34071  5.02655  5.65487  0.0354265  0.346441
-4.08407  5.02655  5.65487  0.0415947  0.353997
-2.82743  5.02655  5.65487  0.0484598  0.341854
-2.19911  5.02655  5.65487  0.0519373  0.321053
-1.5708  5.02655  5.65487  0.0551741  0.282881
-0.942478  5.02655  5.65487  0.0577945  0.216813
-0.314159  5.02655  5.65487  0.0593109  0.103807
0.314159  5.02655  5.65487  0.0593109  -0.103811
0.942478  5.02655  5.65487  0.0577945  -0.216817
1.5708  5.02655  5.65487  0.0551741  -0.282884
2.19911  5.02655  5.65487  0.0519373  -0.321057
2.82743  5.02655  5.65487  0.0484598  -0.341858
4.08407  5.02655  5.65487  0.0415952  -0.354001
7.22566  5.02655  5.65487  0.0278457  -0.321642
14.7655  5.02655  5.65487  0.0119046  -0.220887
-16.6504  5.02655  6.28319  0.0116442  0.202513
-7.22566  5.02655  6.28319  0.0325696  0.321661
-5.34071  5.02655  6.28319  0.0413808  0.346476
-4.08407  5.02655  6.28319  0.0484905  0.35401
-2.82743  5.02655  6.28319  0.0562672  0.34172
-2.19911  5.02655  6.28319  0.0601052  0.320704
-1.5708  5.02655  6.28319  0.0635753  0.282093
-0.942478  5.02655  6.28319  0.0662792  0.215135
-0.314159  5.02655  6.28319  0.0677814  0.100052
0.314159  5.02655  6.28319  0.0677814  -0.100055
0.942478  5.02655  6.28319  0.0662793  -0.215138
1.5708  5.02655  6.28319  0.0635754  -0.282096
2.19911  5.02655  6.28319  0.0601052  -0.320707
2.82743  5.02655  6.28319  0.0562673  -0.341724
4.08407  5.02655  6.28319  0.048491  -0.354013
7.22566  5.02655  6.28319  0.0325684  -0.321668
14.7655  5.02655  6.28319  0.0139373  -0.220884
-16.6504  5.65487  0  0.0162316  0.202551
-7.22566  5.65487  0  0.0451614  0.321956
-5.34071  5.65487  0  0.0569327  0.346678
-4.08407  5.65487  0  0.0660104  0.353712
-2.82743  5.65487  0  0.0752125  0.339832
-2.19911  5.65487  0  0.0793338  0.317238
-1.5708  5.65487  0  0.0827258  0.276427
-0.942478  5.65487  0  0.0850897  0.207406
-0.314159  5.65487  0  0.0862694  0.094591
0.314159  5.65487  0  0.0862694  -0.0945926
0.942478  5.65487  0  0.0850897  -0.207407
1.5708  5.65487  0  0.0827259  -0.276429
2.19911  5.65487  0  0.079334  -0.31724
2.82743  5.65487  0  0.0752127  -0.339834
4.08407  5.65487  0  0.0660112  -0.353715
7.22566  5.65487  0  0.0451603  -0.321962
14.7655  5.65487  0  0.0194279  -0.220941
-16.6504  5.65487  0.628319  0.0144859  0.202545
-7.22566  5.65487  0.628319  0.0403775  0.321877
-5.34071  5.65487  0.628319  0.051033  0.346625
-4.08407  5.65487  0.628319  0.0593785  0.35381
-2.82743  5.65487  0.628319  0.0680718  0.340423
-2.19911  5.65487  0.628319  0.0721082  0.31834
-1.5708  5.65487  0.628319  0.0755471  0.278286
-0.942478  5.65487  0.628319  0.0780362  0.210033
-0.314159  5.65487  0.628319  0.0793165  0.0961008
0.314159  5.65487  0.628319  0.0793165  -0.0961029
0.942478  5.65487  0.628319  0.0780362  -0.210035
1.5708  5.65487  0.628319  0.0755472  -0.278288
2.19911  5.65487  0.628319  0.0721083  -0.318343
2.82743  5.65487  0.628319  0.0680719  -0.340426
4.08407  5.65487  0.628319  0.0593792  -0.353812
7.22566  5.65487  0.628319  0.0403764  -0.321883
14.7655  5.65487  0.628319  0.0173387  -0.22093
-16.6504  5.65487  1.25664  0.00994564  0.202516
-7.22566  5.65487  1.25664  0.0278469  0.321635
-5.34071  5.65487  1.25664  0.0354265  0.346441
-4.08407  5.65487  1.25664  0.0415947  0.353997
-2.82743  5.65487  1.25664  0.0484598  0.341854
-2.19911  5.65487  1.25664  0.0519373  0.321053
-1.5708  5.65487  1.25664  0.0551741  0.282881
-0.942478  5.65487  1.25664  0.0577945  0.216813
-0.314159  5.65487  1.25664  0.0593109  0.103807
0.314159  5.65487  1.25664  0.0593109  -0.103811
0.942478  5.65487  1.25664  0.0577945  -0.216817
1.5708  5.65487  1.25664  0.0551741  -0.282884
2.19911  5.65487  1.25664  0.0519373  -0.321057
2.82743  5.65487  1.25664  0.0484598  -0.341858
4.08407  5.65487  1.25664  0.0415952  -0.354001
7.22566  5.65487  1.25664  0.0278457  -0.321642
14.7655  5.65487  1.25664  0.0119046  -0.220887
-16.6504  5.65487  1.88496  0.00440867  0.202461
-7.22566  5.65487  1.88496  0.0124078  0.321297
-5.34071  5.65487  1.88496  0.0159083  0.346164
-4.08407  5.65487  1.88496  0.0188851  0.354163
-2.82743  5.65487  1.88496  0.022449  0.343529
-2.19911  5.65487  1.88496  0.0244296  0.324348
-1.5708  5.65487  1.88496  0.0264591  0.288735
-0.942478  5.65487  1.88496  0.0283252  0.226032
-0.314159  5.65487  1.88496  0.0295425  0.113346
0.314159  5.65487  1.88496  0.0295424  -0.113351
0.942478  5.65487  1.88496  0.0283252  -0.226038
1.5708  5.65487  1.88496  0.026459  -0.28874
2.19911  5.65487  1.88496  0.0244295  -0.324354
2.82743  5.65487  1.88496  0.0224488  -0.343535
4.08407  5.65487  1.88496  0.0188853  -0.354169
7.22566  5.65487  1.88496  0.0124065  -0.321305
14.7655  5.65487  1.88496  0.00527707  -0.220811
-16.6504  5.65487  2.51327  1.43032e-06  0.202402
-7.22566  5.65487  2.51327  3.04172e-06  0.320996
-5.34071  5.65487  2.51327  6.03977e-07  0.345908
-4.08407  5.65487  2.51327  1.42284e-06  0.354251
-2.82743  5.65487  2.51327  1.92369e-06  0.344814
-2.19911  5.65487  2.51327  1.8618e-06  0.326932
-1.5708  5.65487  2.51327  1.82227e-06  0.293398
-0.942478  5.65487  2.51327  1.79184e-06  0.233696
-0.314159  5.65487  2.51327  1.76394e-06  0.12404
0.314159  5.65487  2.51327  1.72964e-06  -0.124046
0.942478  5.65487  2.51327  1.6979e-06  -0.233702
1.5708  5.65487  2.51327  1.66259e-06  -0.293405
2.19911  5.65487  2.51327  1.61577e-06  -0.326939
2.82743  5.65487  2.51327  1.54125e-06  -0.344821
4.08407  5.65487  2.51327  1.37717e-06  -0.354258
7.22566  5.65487  2.51327  1.5904e-06  -0.321007
14.7655  5.65487  2.51327  1.75962e-06  -0.220733
-16.6504  5.65487  3.14159  -0.00166581  0.202377
-7.22566  5.65487  3.14159  -0.00471771  0.320874
-5.34071  5.65487  3.14159  -0.00610757  0.3458
-4.08407  5.65487  3.14159  -0.00734062  0.35427
-2.82743  5.65487  3.14159  -0.0089284  0.345288
-2.19911  5.65487  3.14159  -0.00988876  0.327924
-1.5708  5.65487  3.14159  -0.0109551  0.295273
-0.942478  5.65487  3.14159  -0.0120544  0.236853
-0.314159  5.65487  3.14159  -0.012768  0.127222
0.314159  5.65487  3.14159  -0.0127681  -0.127229
0.942478  5.65487  3.14159  -0.0120545  -0.23686
1.5708  5.65487  3.14159  -0.0109553  -0.29528
2.19911  5.65487  3.14159  -0.00988905  -0.327932
2.82743  5.65487  3.14159  -0.00892885  -0.345296
4.08407  5.65487  3.14159  -0.00734074  -0.354277
7.22566  5.65487  3.14159  -0.0047192  -0.320885
14.7655  5.65487  3.14159  -0.0019939  -0.220699
-16.6504  5.65487  3.76991  1.43032e-06  0.202402
-7.22566  5.65487  3.76991  3.04172e-06  0.320996
-5.34071  5.65487  3.76991  6.03977e-07  0.345908
-4.08407  5.65487  3.76991  1.42284e-06  0.354251
-2.82743  5.65487  3.76991  1.92369e-06  0.344814
-2.19911  5.65487  3.76991  1.8618e-06  0.326932
-1.5708  5.65487  3.76991  1.82227e-06  0.293398
-0.942478  5.65487  3.76991  1.79184e-06  0.233696
-0.314159  5.65487  3.76991  1.76394e-06  0.12404
0.314159  5.65487  3.76991  1.72964e-06  -0.124046
0.942478  5.65487  3.76991  1.6979e-06  -0.233702
1.5708  5.65487  3.76991  1.66259e-06  -0.293405
2.19911  5.65487  3.76991  1.61577e-06  -0.326939
2.82743  5.65487  3.76991  1.54125e-06  -0.344821
4.08407  5.65487  3.76991  1.37717e-06  -0.354258
7.22566  5.65487  3.76991  1.5904e-06  -0.321007
14.7655  5.65487  3.76991  1.75962e-06  -0.220733
-16.6504  5.65487  4.39823  0.00440867  0.202461
-7.22566  5.65487  4.39823  0.0124078  0.321297
-5.34071  5.65487  4.39823  0.0159083  0.346164
-4.08407  5.65487  4.39823  0.0188851  0.354163
-2.82743  5.65487  4.39823  0.022449  0.343529
-2.19911  5.65487  4.39823  0.0244296  0.324348
-1.5708  5.65487  4.39823  0.0264591  0.288735
-0.942478  5.65487  4.39823  0.0283252  0.226032
-0.314159  5.65487  4.39823  0.0295425  0.113346
0.314159  5.65487  4.39823  0.0295424  -0.113351
0.942478  5.65487  4.39823  0.0283252  -0.226038
1.5708  5.65487  4.39823  0.026459  -0.28874
2.19911  5.65487  4.39823  0.0244295  -0.324354
2.82743  5.65487  4.39823  0.0224488  -0.343535
4.08407  5.65487  4.39823  0.0188853  -0.354169
7.22566  5.65487  4.39823  0.0124065  -0.321305
14.7655  5.65487  4.39823  0.00527707  -0.220811
-16.6504  5.65487  5.02655  0.00994564  0.202516
-7.22566  5.65487  5.02655  0.0278469  0.321635
-5.34071  5.65487  5.02655  0.0354265  0.346441
-4.08407  5.65487  5.02655  0.0415947  0.353997
-2.82743  5.65487  5.02655  0.0484598  0.341854
-2.19911  5.65487  5.02655  0.0519373  0.321053
-1.5708  5.65487  5.02655  0.0551741  0.282881
-0.942478  5.65487  5.02655  0.0577945  0.216813
-0.314159  5.65487  5.02655  0.0593109  0.103807
0.314159  5.65487  5.02655  0.0593109  -0.103811
0.942478  5.65487  5.02655  0.0577945  -0.216817
1.5708  5.65487  5.02655  0.0551741  -0.282884
2.19911  5.65487  5.02655  0.0519373  -0.321057
2.82743  5.65487  5.02655  0.0484598  -0.341858
4.08407  5.65487  5.02655  0.0415952  -0.354001
7.22566  5.65487  5.02655  0.0278457  -0.321642
14.7655  5.65487  5.02655  0.0119046  -0.220887
-16.6504  5.65487  5.65487  0.0144859  0.202545
-7.22566  5.65487  5.65487  0.0403775  0.321877
-5.34071  5.65487  5.65487  0.051033  0.346625
-4.08407  5.65487  5.65487  0.0593785  0.35381
-2.82743  5.65487  5.65487  0.0680718  0.340423
-2.19911  5.65487  5.65487  0.0721082  0.31834
-1.5708  5.65487  5.65487  0.0755471  0.278286
-0.942478  5.65487  5.65487  0.0780362  0.210033
-0.314159  5.65487  5.65487  0.0793165  0.0961008
0.314159  5.65487  5.65487  0.0793165  -0.0961029
0.942478  5.65487  5.65487  0.0780362  -0.210035
1.5708  5.65487  5.65487  0.0755472  -0.278288
2.19911  5.65487  5.65487  0.0721083  -0.318343
2.82743  5.65487  5.65487  0.0680719  -0.340426
4.08407  5.65487  5.65487  0.0593792  -0.353812
7.22566  5.65487  5.65487  0.0403764  -0.321883
14.7655  5.65487  5.65487  0.0173387  -0.22093
-16.6504  5.65487  6.28319  0.0162316  0.202551
-7.22566  5.65487  6.28319  0.0451614  0.321956
-5.34071  5.65487  6.28319  0.0569327  0.346678
-4.08407  5.65487  6.28319  0.0660104  0.353712
-2.82743  5.65487  6.28319  0.0752125  0.339832
-2.19911  5.65487  6.28319  0.0793338  0.317238
-1.5708  5.65487  6.28319  0.0827258  0.276427
-0.942478  5.65487  6.28319  0.0850897  0.207406
-0.314159  5.65487  6.28319  0.0862694  0.094591
0.314159  5.65487  6.28319  0.0862694  -0.0945926
0.942478  5.65487  6.28319  0.0850897  -0.207407
1.5708  5.65487  6.28319  0.0827259  -0.276429
2.19911  5.65487  6.28319  0.079334  -0.31724
2.82743  5.65487  6.28319  0.0752127  -0.339834
4.08407  5.65487  6.28319  0.0660112  -0.353715
7.22566  5.65487  6.28319  0.0451603  -0.321962
14.7655  5.65487  6.28319  0.0194279  -0.220941
-16.6504  6.28319  0  0.0180107  0.20256
-7.22566  6.28319  0  0.0500188  0.322055
-5.34071  6.28319  0  0.0628763  0.346733
-4.08407  6.28319  0  0.0726227  0.353566
-2.82743  6.28319  0  0.0822234  0.339077
-2.19911  6.28319  0  0.0863728  0.315921
-1.5708  6.28319  0  0.0896814  0.274412
-0.942478  6.28319  0  0.0919137  0.204863
-0.314159  6.28319  0  0.0930014  0.0922162
0.314159  6.28319  0  0.0930014  -0.0922172
0.942478  6.28319  0  0.0919138  -0.204864
1.5708  6.28319  0  0.0896815  -0.274413
2.19911  6.28319  0  0.0863729  -0.315923
2.82743  6.28319  0  0.0822237  -0.339078
4.08407  6.28319  0  0.0726237  -0.353567
7.22566  6.28319  0  0.0500176  -0.322059
14.7655  6.28319  0  0.0215576  -0.220956
-16.6504  6.28319  0.628319  0.0162316  0.202551
-7.22566  6.28319  0.628319  0.0451614  0.321956
-5.34071  6.28319  0.628319  0.0569327  0.346678
-4.08407  6.28319  0.628319  0.0660104  0.353712
-2.82743  6.28319  0.628319  0.0752125  0.339832
-2.19911  6.28319  0.628319  0.0793338  0.317238
-1.5708  6.28319  0.628319  0.0827258  0.276427
-0.942478  6.28319  0.628319  0.0850897  0.207406
-0.314159  6.28319  0.628319  0.0862694  0.094591
0.314159  6.28319  0.628319  0.0862694  -0.0945926
0.942478  6.28319  0.628319  0.0850897  -0.207407
1.5708  6.28319  0.628319  0.0827259  -0.276429
2.19911  6.28319  0.628319  0.079334  -0.31724
2.82743  6.28319  0.628319  0.0752127  -0.339834
4.08407  6.28319  0.628319  0.0660112  -0.353715
7.22566  6.28319  0.628319  0.0451603  -0.321962
14.7655  6.28319  0.628319  0.0194279  -0.220941
-16.6504  6.28319  1.25664  0.0116442  0.202513
-7.22566  6.28319  1.25664  0.0325696  0.321661
-5.34071  6.28319  1.25664  0.0413808  0.346476
-4.08407  6.28319  1.25664  0.0484905  0.35401
-2.82743  6.28319  1.25664  0.0562672  0.34172
-2.19911  6.28319  1.25664  0.0601052  0.320704
-1.5708  6.28319  1.25664  0.0635753  0.282093
-0.942478  6.28319  1.25664  0.0662792  0.215135
-0.314159  6.28319  1.25664  0.0677814  0.100052
0.314159  6.28319  1.25664  0.0677814  -0.100055
0.942478  6.28319  1.25664  0.0662793  -0.215138
1.5708  6.28319  1.25664  0.0635754  -0.282096
2.19911  6.28319  1.25664  0.0601052  -0.320707
2.82743  6.28319  1.25664  0.0562673  -0.341724
4.08407  6.28319  1.25664  0.048491  -0.354013
7.22566  6.28319  1.25664  0.0325684  -0.321668
14.7655  6.28319  1.25664  0.0139373  -0.220884
-16.6504  6.28319  1.88496  0.00608309  0.202446
-7.22566  6.28319  1.88496  0.0171287  0.321246
-5.34071  6.28319  1.88496  0.0219779  0.346141
-4.08407  6.28319  1.88496  0.0261107  0.35423
-2.82743  6.28319  1.88496  0.0310617  0.343839
-2.19911  6.28319  1.88496  0.0338027  0.32484
-1.5708  6.28319  1.88496  0.0365878  0.289307
-0.942478  6.28319  1.88496  0.0391054  0.22614
-0.314159  6.28319  1.88496  0.0406876  0.112587
0.314159  6.28319  1.88496  0.0406875  -0.112592
0.942478  6.28319  1.88496  0.0391054  -0.226145
1.5708  6.28319  1.88496  0.0365877  -0.289311
2.19911  6.28319  1.88496  0.0338026  -0.324844
2.82743  6.28319  1.88496  0.0310615  -0.343844
4.08407  6.28319  1.88496  0.026111  -0.354235
7.22566  6.28319  1.88496  0.0171274  -0.321254
14.7655  6.28319  1.88496  0.00728121  -0.220791
-16.6504  6.28319  2.51327  0.00166867  0.202378
-7.22566  6.28319  2.51327  0.00472377  0.320875
-5.34071  6.28319  2.51327  0.00610879  0.345801
-4.08407  6.28319  2.51327  0.00734347  0.35427
-2.82743  6.28319  2.51327  0.00893225  0.345289
-2.19911  6.28319  2.51327  0.00989248  0.327925
-1.5708  6.28319  2.51327  0.0109588  0.295273
-0.942478  6.28319  2.51327  0.012058  0.236853
-0.314159  6.28319  2.51327  0.0127716  0.127223
0.314159  6.28319  2.51327  0.0127715  -0.127229
0.942478  6.28319  2.51327  0.0120579  -0.23686
1.5708  6.28319  2.51327  0.0109587  -0.295279
2.19911  6.28319  2.51327  0.00989227  -0.327931
2.82743  6.28319  2.51327  0.0089319  -0.345295
4.08407  6.28319  2.51327  0.0073435  -0.354277
7.22566  6.28319  2.51327  0.00472239  -0.320884
14.7655  6.28319  2.51327  0.00199742  -0.220698
-16.6504  6.28319  3.14159  1.43688e-06  0.202349
-7.22566  6.28319  3.14159  3.01952e-06  0.320725
-5.34071  6.28319  3.14159  6.08805e-07  0.345653
-4.08407  6.28319  3.14159  1.42786e-06  0.354248
-2.82743  6.28319  3.14159  1.9232e-06  0.345757
-2.19911  6.28319  3.14159  1.86214e-06  0.328986
-1.5708  6.28319  3.14159  1.82256e-06  0.297441
-0.942478  6.28319  3.14159  1.79181e-06  0.241171
-0.314159  6.28319  3.14159  1.76369e-06  0.135145
0.314159  6.28319  3.14159  1.72809e-06  -0.135152
0.942478  6.28319  3.14159  1.6947e-06  -0.241177
1.5708  6.28319  3.14159  1.65666e-06  -0.297448
2.19911  6.28319  3.14159  1.6045e-06  -0.328993
2.82743  6.28319  3.14159  1.51883e-06  -0.345764
4.08407  6.28319  3.14159  1.38381e-06  -0.354255
7.22566  6.28319  3.14159  1.59364e-06  -0.320735
14.7655  6.28319  3.14159  1.75322e-06  -0.22066
-16.6504  6.28319  3.76991  0.00166867  0.202378
-7.22566  6.28319  3.76991  0.00472377  0.320875
-5.34071  6.28319  3.76991  0.00610879  0.345801
-4.08407  6.28319  3.76991  0.00734347  0.35427
-2.82743  6.28319  3.76991  0.00893225  0.345289
-2.19911  6.28319  3.76991  0.00989248  0.327925
-1.5708  6.28319  3.76991  0.0109588  0.295273
-0.942478  6.28319  3.76991  0.012058  0.236853
-0.314159  6.28319  3.76991  0.0127716  0.127223
0.314159  6.28319  3.76991  0.0127715  -0.127229
0.942478  6.28319  3.76991  0.0120579  -0.23686
1.5708  6.28319  3.76991  0.0109587  -0.295279
2.19911  6.28319  3.76991  0.00989227  -0.327931
2.82743  6.28319  3.76991  0.0089319  -0.345295
4.08407  6.28319  3.76991  0.0073435  -0.354277
7.22566  6.28319  3.76991  0.00472239  -0.320884
14.7655  6.28319  3.76991  0.00199742  -0.220698
-16.6504  6.28319  4.39823  0.00608309  0.202446
-7.22566  6.28319  4.39823  0.0171287  0.321246
-5.34071  6.28319  4.39823  0.0219779  0.346141
-4.08407  6.28319  4.39823  0.0261107  0.35423
-2.82743  6.28319  4.39823  0.0310617  0.343839
-2.19911  6.28319  4.39823  0.0338027  0.32484
-1.5708  6.28319  4.39823  0.0365878  0.289307
-0.942478  6.28319  4.39823  0.0391054  0.22614
-0.314159  6.28319  4.39823  0.0406876  0.112587
0.314159  6.28319  4.39823  0.0406875  -0.112592
0.942478  6.28319  4.39823  0.0391054  -0.226145
1.5708  6.28319  4.39823  0.0365877  -0.289311
2.19911  6.28319  4.39823  0.0338026  -0.324844
2.82743  6.28319  4.39823  0.0310615  -0.343844
4.08407  6.28319  4.39823  0.026111  -0.354235
7.22566  6.28319  4.39823  0.0171274  -0.321254
14.7655  6.28319  4.39823  0.00728121  -0.220791
-16.6504  6.28319  5.02655  0.0116442  0.202513
-7.22566  6.28319  5.02655  0.0325696  0.321661
-5.34071  6.28319  5.02655  0.0413808  0.346476
-4.08407  6.28319  5.02655  0.0484905  0.35401
-2.82743  6.28319  5.02655  0.0562672  0.34172
-2.19911  6.28319  5.02655  0.0601052  0.320704
-1.5708  6.28319  5.02655  0.0635753  0.282093
-0.942478  6.28319  5.02655  0.0662792  0.215135
-0.314159  6.28319  5.02655  0.0677814  0.100052
0.314159  6.28319  5.02655  0.0677814  -0.100055
0.942478  6.28319  5.02655  0.0662793  -0.215138
1.5708  6.28319  5.02655  0.0635754  -0.282096
2.19911  6.28319  5.02655  0.0601052  -0.320707
2.82743  6.28319  5.02655  0.0562673  -0.341724
4.08407  6.28319  5.02655  0.048491  -0.354013
7.22566  6.28319  5.02655  0.0325684  -0.321668
14.7655  6.28319  5.02655  0.0139373  -0.220884
-16.6504  6.28319  5.65487  0.0162316  0.202551
-7.22566  6.28319  5.65487  0.0451614  0.321956
-5.34071  6.28319  5.65487  0.0569327  0.346678
-4.08407  6.28319  5.65487  0.0660104  0.353712
-2.82743  6.28319  5.65487  0.0752125  0.339832
-2.19911  6.28319  5.65487  0.0793338  0.317238
-1.5708  6.28319  5.65487  0.0827258  0.276427
-0.942478  6.28319  5.65487  0.0850897  0.207406
-0.314159  6.28319  5.65487  0.0862694  0.094591
0.314159  6.28319  5.65487  0.0862694  -0.0945926
0.942478  6.28319  5.65487  0.0850897  -0.207407
1.5708  6.28319  5.65487  0.0827259  -0.276429
2.19911  6.28319  5.65487  0.079334  -0.31724
2.82743  6.28319  5.65487  0.0752127  -0.339834
4.08407  6.28319  5.65487  0.0660112  -0.353715
7.22566  6.28319  5.65487  0.0451603  -0.321962
14.7655  6.28319  5.65487  0.0194279  -0.220941
-16.6504  6.28319  6.28319  0.0180107  0.20256
-7.22566  6.28319  6.28319  0.0500188  0.322055
-5.34071  6.28319  6.28319  0.0628763  0.346733
-4.08407  6.28319  6.28319  0.0726227  0.353566
-2.82743  6.28319  6.28319  0.0822234  0.339077
-2.19911  6.28319  6.28319  0.0863728  0.315921
-1.5708  6.28319  6.28319  0.0896814  0.274412
-0.942478  6.28319  6.28319  0.0919137  0.204863
-0.314159  6.28319  6.28319  0.0930014  0.0922162
0.314159  6.28319  6.28319  0.0930014  -0.0922172
0.942478  6.28319  6.28319  0.0919138  -0.204864
1.5708  6.28319  6.28319  0.0896815  -0.274413
2.19911  6.28319  6.28319  0.0863729  -0.315923
2.82743  6.28319  6.28319  0.0822237  -0.339078
4.08407  6.28319  6.28319  0.0726237  -0.353567
7.22566  6.28319  6.28319  0.0500176  -0.322059
14.7655  6.28319  6.28319  0.0215576  -0.220956
