-16.6504  0  0  0.0132728  0.0561984
-7.22566  0  0  0.0542943  0.103997
-5.34071  0  0  0.08198  0.118899
-4.08407  0  0  0.111327  0.126527
-2.82743  0  0  0.153637  0.125293
-2.19911  0  0  0.180032  0.117028
-1.5708  0  0  0.208464  0.0998944
-0.942478  0  0  0.235237  0.0706973
-0.314159  0  0  0.253502  0.027835
0.314159  0  0  0.253502  -0.0278354
0.942478  0  0  0.235237  -0.0706975
1.5708  0  0  0.208463  -0.0998945
2.19911  0  0  0.180032  -0.117028
2.82743  0  0  0.153636  -0.125293
4.08407  0  0  0.111327  -0.126527
7.22566  0  0  0.0542942  -0.103997
14.7655  0  0  0.0165382  -0.0623323
-16.6504  0  0.628319  0.0121221  0.0567436
-7.22566  0  0.628319  0.0511028  0.108212
-5.34071  0  0.628319  0.0787688  0.126303
-4.08407  0  0.628319  0.109369  0.137446
-2.82743  0  0.628319  0.155968  0.140709
-2.19911  0  0.628319  0.186653  0.134289
-1.5708  0  0.628319  0.221238  0.117419
-0.942478  0  0.628319  0.255422  0.0850666
-0.314159  0  0.628319  0.279513  0.0348196
0.314159  0  0.628319  0.279513  -0.0348201
0.942478  0  0.628319  0.255422  -0.085067
1.5708  0  0.628319  0.221238  -0.117419
2.19911  0  0.628319  0.186653  -0.134289
2.82743  0  0.628319  0.155968  -0.140709
4.08407  0  0.628319  0.109368  -0.137446
7.22566  0  0.628319  0.0511027  -0.108212
14.7655  0  0.628319  0.0151404  -0.0630867
-16.6504  0  1.25664  0.0089584  0.0579485
-7.22566  0  1.25664  0.0405021  0.118511
-5.34071  0  1.25664  0.065774  0.145757
-4.08407  0  1.25664  0.0970394  0.168611
-2.82743  0  1.25664  0.15288  0.190948
-2.19911  0  1.25664  0.196492  0.196024
-1.5708  0  1.25664  0.254153  0.187619
-0.942478  0  1.25664  0.322899  0.150579
-0.314159  0  1.25664  0.382002  0.0658976
0.314159  0  1.25664  0.382002  -0.0658988
0.942478  0  1.25664  0.322898  -0.15058
1.5708  0  1.25664  0.254152  -0.187619
2.19911  0  1.25664  0.196492  -0.196024
2.82743  0  1.25664  0.15288  -0.190948
4.08407  0  1.25664  0.0970391  -0.168611
7.22566  0  1.25664  0.040502  -0.118511
14.7655  0  1.25664  0.0112483  -0.0647671
-16.6504  0  1.88496  0.0048101  0.0589411
-7.22566  0  1.88496  0.0231283  0.12819
-5.34071  0  1.88496  0.0395468  0.166037
-4.08407  0  1.88496  0.0623951  0.205513
-2.82743  0  1.88496  0.112086  0.26584
-2.19911  0  1.88496  0.161701  0.306979
-1.5708  0  1.88496  0.249638  0.352176
-0.942478  0  1.88496  0.413777  0.37207
-0.314159  0  1.88496  0.668022  0.233401
0.314159  0  1.88496  0.668019  -0.233405
0.942478  0  1.88496  0.413774  -0.37207
1.5708  0  1.88496  0.249637  -0.352176
2.19911  0  1.88496  0.1617  -0.306978
2.82743  0  1.88496  0.112085  -0.265839
4.08407  0  1.88496  0.0623949  -0.205512
7.22566  0  1.88496  0.0231282  -0.12819
14.7655  0  1.88496  0.00606613  -0.066165
-16.6504  0  2.51327  0.00133772  0.0593037
-7.22566  0  2.51327  0.00658534  0.132043
-5.34071  0  2.51327  0.0115015  0.174716
-4.08407  0  2.51327  0.0186962  0.222899
-2.82743  0  2.51327  0.0359172  0.308777
-2.19911  0  2.51327  0.0556315  0.38352
-1.5708  0  2.51327  0.0986741  0.507654
-0.942478  0  2.51327  0.226253  0.75164
-0.314159  0  2.51327  0.969017  1.30739
0.314159  0  2.51327  0.968984  -1.30738
0.942478  0  2.51327  0.226249  -0.751634
1.5708  0  2.51327  0.0986729  -0.507651
2.19911  0  2.51327  0.055631  -0.383519
2.82743  0  2.51327  0.035917  -0.308776
4.08407  0  2.51327  0.0186961  -0.222898
7.22566  0  2.51327  0.00658533  -0.132043
14.7655  0  2.51327  0.00168976  -0.0666787
-16.6504  0  3.14159  -9.0813e-09  0.059334
-7.22566  0  3.14159  -6.63988e-08  0.132375
-5.34071  0  3.14159  -6.0143e-11  0.175481
-4.08407  0  3.14159  -9.87313e-08  0.224475
-2.82743  0  3.14159  -2.92509e-07  0.312924
-2.19911  0  3.14159  -4.6019e-07  0.391449
-1.5708  0  3.14159  -8.56511e-07  0.526284
-0.942478  0  3.14159  -2.17393e-06  0.81687
-0.314159  0  3.14159  -1.33814e-05  1.90196
0.314159  0  3.14159  -1.30828e-05  -1.90191
0.942478  0  3.14159  -2.1734e-06  -0.816861
1.5708  0  3.14159  -8.6034e-07  -0.52628
2.19911  0  3.14159  -4.54846e-07  -0.391447
2.82743  0  3.14159  -2.74507e-07  -0.312922
4.08407  0  3.14159  -1.3047e-07  -0.224474
7.22566  0  3.14159  -5.0013e-08  -0.132375
14.7655  0  3.14159  -9.73133e-09  -0.0667218
-16.6504  0  3.76991  0.00133772  0.0593037
-7.22566  0  3.76991  0.00658534  0.132043
-5.34071  0  3.76991  0.0115015  0.174716
-4.08407  0  3.76991  0.0186962  0.222899
-2.82743  0  3.76991  0.0359172  0.308777
-2.19911  0  3.76991  0.0556315  0.38352
-1.5708  0  3.76991  0.0986741  0.507654
-0.942478  0  3.76991  0.226253  0.75164
-0.314159  0  3.76991  0.969017  1.30739
0.314159  0  3.76991  0.968984  -1.30738
0.942478  0  3.76991  0.226249  -0.751634
1.5708  0  3.76991  0.0986729  -0.507651
2.19911  0  3.76991  0.055631  -0.383519
2.82743  0  3.76991  0.035917  -0.308776
4.08407  0  3.76991  0.0186961  -0.222898
7.22566  0  3.76991  0.00658533  -0.132043
14.7655  0  3.76991  0.00168976  -0.0666787
-16.6504  0  4.39823  0.0048101  0.0589411
-7.22566  0  4.39823  0.0231283  0.12819
-5.34071  0  4.39823  0.0395468  0.166037
-4.08407  0  4.39823  0.0623951  0.205513
-2.82743  0  4.39823  0.112086  0.26584
-2.19911  0  4.39823  0.161701  0.306979
-1.5708  0  4.39823  0.249638  0.352176
-0.942478  0  4.39823  0.413777  0.37207
-0.314159  0  4.39823  0.668022  0.233401
0.314159  0  4.39823  0.668019  -0.233405
0.942478  0  4.39823  0.413774  -0.37207
1.5708  0  4.39823  0.249637  -0.352176
2.19911  0  4.39823  0.1617  -0.306978
2.82743  0  4.39823  0.112085  -0.265839
4.08407  0  4.39823  0.0623949  -0.205512
7.22566  0  4.39823  0.0231282  -0.12819
14.7655  0  4.39823  0.00606613  -0.066165
-16.6504  0  5.02655  0.0089584  0.0579485
-7.22566  0  5.02655  0.0405021  0.118511
-5.34071  0  5.02655  0.065774  0.145757
-4.08407  0  5.02655  0.0970394  0.168611
-2.82743  0  5.02655  0.15288  0.190948
-2.19911  0  5.02655  0.196492  0.196024
-1.5708  0  5.02655  0.254153  0.187619
-0.942478  0  5.02655  0.322899  0.150579
-0.314159  0  5.02655  0.382002  0.0658976
0.314159  0  5.02655  0.382002  -0.0658988
0.942478  0  5.02655  0.322898  -0.15058
1.5708  0  5.02655  0.254152  -0.187619
2.19911  0  5.02655  0.196492  -0.196024
2.82743  0  5.02655  0.15288  -0.190948
4.08407  0  5.02655  0.0970391  -0.168611
7.22566  0  5.02655  0.040502  -0.118511
14.7655  0  5.02655  0.0112483  -0.0647671
-16.6504  0  5.65487  0.0121221  0.0567436
-7.22566  0  5.65487  0.0511028  0.108212
-5.34071  0  5.65487  0.0787688  0.126303
-4.08407  0  5.65487  0.109369  0.137446
-2.82743  0  5.65487  0.155968  0.140709
-2.19911  0  5.65487  0.186653  0.134289
-1.5708  0  5.65487  0.221238  0.117419
-0.942478  0  5.65487  0.255422  0.0850666
-0.314159  0  5.65487  0.279513  0.0348196
0.314159  0  5.65487  0.279513  -0.0348201
0.942478  0  5.65487  0.255422  -0.085067
1.5708  0  5.65487  0.221238  -0.117419
2.19911  0  5.65487  0.186653  -0.134289
2.82743  0  5.65487  0.155968  -0.140709
4.08407  0  5.65487  0.109368  -0.137446
7.22566  0  5.65487  0.0511027  -0.108212
14.7655  0  5.65487  0.0151404  -0.0630867
-16.6504  0  6.28319  0.0132728  0.0561984
-7.22566  0  6.28319  0.0542943  0.103997
-5.34071  0  6.28319  0.08198  0.118899
-4.08407  0  6.28319  0.111327  0.126527
-2.82743  0  6.28319  0.153637  0.125293
-2.19911  0  6.28319  0.180032  0.117028
-1.5708  0  6.28319  0.208464  0.0998944
-0.942478  0  6.28319  0.235237  0.0706973
-0.314159  0  6.28319  0.253502  0.027835
0.314159  0  6.28319  0.253502  -0.0278354
0.942478  0  6.28319  0.235237  -0.0706975
1.5708  0  6.28319  0.208463  -0.0998945
2.19911  0  6.28319  0.180032  -0.117028
2.82743  0  6.28319  0.153636  -0.125293
4.08407  0  6.28319  0.111327  -0.126527
7.22566  0  6.28319  0.0542942  -0.103997
14.7655  0  6.28319  0.0165382  -0.0623323
-16.6504  0.628319  0  0.0121221  0.0567436
-7.22566  0.628319  0  0.0511028  0.108212
-5.34071  0.628319  0  0.0787688  0.126303
-4.08407  0.628319  0  0.109369  0.137446
-2.82743  0.628319  0  0.155968  0.140709
-2.19911  0.628319  0  0.186653  0.134289
-1.5708  0.628319  0  0.221238  0.117419
-0.942478  0.628319  0  0.255422  0.0850666
-0.314159  0.628319  0  0.279513  0.0348196
0.314159  0.628319  0  0.279513  -0.0348201
0.942478  0.628319  0  0.255422  -0.085067
1.5708  0.628319  0  0.221238  -0.117419
2.19911  0.628319  0  0.186653  -0.134289
2.82743  0.628319  0  0.155968  -0.140709
4.08407  0.628319  0  0.109368  -0.137446
7.22566  0.628319  0  0.0511027  -0.108212
14.7655  0.628319  0  0.0151404  -0.0630867
-16.6504  0.628319  0.628319  0.010938  0.0572432
-7.22566  0.628319  0.628319  0.0474393  0.112309
-5.34071  0.628319  0.628319  0.074633  0.133801
-4.08407  0.628319  0.628319  0.106037  0.149013
-2.82743  0.628319  0.628319  0.156751  0.158201
-2.19911  0.628319  0.628319  0.192214  0.154786
-1.5708  0.628319  0.628319  0.234342  0.139373
-0.942478  0.628319  0.628319  0.278472  0.104243
-0.314159  0.628319  0.628319  0.311724  0.0428907
0.314159  0.628319  0.628319  0.311724  -0.0428913
0.942478  0.628319  0.628319  0.278472  -0.104243
1.5708  0.628319  0.628319  0.234341  -0.139373
2.19911  0.628319  0.628319  0.192214  -0.154786
2.82743  0.628319  0.628319  0.15675  -0.158201
4.08407  0.628319  0.628319  0.106037  -0.149013
7.22566  0.628319  0.628319  0.0474392  -0.112309
14.7655  0.628319  0.628319  0.0136913  -0.0637814
-16.6504  0.628319  1.25664  0.0077  0.0583167
-7.22566  0.628319  1.25664  0.0356  0.121962
-5.34071  0.628319  1.25664  0.0588712  0.152752
-4.08407  0.628319  1.25664  0.0888589  0.180789
-2.82743  0.628319  1.25664  0.145986  0.213544
-2.19911  0.628319  1.25664  0.194107  0.226841
-1.5708  0.628319  1.25664  0.263079  0.227605
-0.942478  0.628319  1.25664  0.354516  0.193952
-0.314159  0.628319  1.25664  0.441733  0.0922092
0.314159  0.628319  1.25664  0.441733  -0.0922109
0.942478  0.628319  1.25664  0.354515  -0.193953
1.5708  0.628319  1.25664  0.263078  -0.227605
2.19911  0.628319  1.25664  0.194107  -0.226841
2.82743  0.628319  1.25664  0.145985  -0.213543
4.08407  0.628319  1.25664  0.0888586  -0.180789
7.22566  0.628319  1.25664  0.0355999  -0.121962
14.7655  0.628319  1.25664  0.00968385  -0.0652842
-16.6504  0.628319  1.88496  0.00349158  0.0591274
-7.22566  0.628319  1.88496  0.0169904  0.130144
-5.34071  0.628319  1.88496  0.0293671  0.170394
-4.08407  0.628319  1.88496  0.0470439  0.214127
-2.82743  0.628319  1.88496  0.0874189  0.286474
-2.19911  0.628319  1.88496  0.130588  0.342488
-1.5708  0.628319  1.88496  0.215004  0.41901
-0.942478  0.628319  1.88496  0.40586  0.505004
-0.314159  0.628319  1.88496  0.840376  0.405455
0.314159  0.628319  1.88496  0.840369  -0.405462
0.942478  0.628319  1.88496  0.405856  -0.505003
1.5708  0.628319  1.88496  0.215002  -0.419009
2.19911  0.628319  1.88496  0.130587  -0.342487
2.82743  0.628319  1.88496  0.0874184  -0.286473
4.08407  0.628319  1.88496  0.0470437  -0.214126
7.22566  0.628319  1.88496  0.0169904  -0.130143
14.7655  0.628319  1.88496  0.00440693  -0.0664287
-16.6504  0.628319  2.51327  -9.07877e-09  0.0593338
-7.22566  0.628319  2.51327  -6.6899e-08  0.132369
-5.34071  0.628319  2.51327  -1.09632e-09  0.175468
-4.08407  0.628319  2.51327  -9.88612e-08  0.224465
-2.82743  0.628319  2.51327  -2.93301e-07  0.313009
-2.19911  0.628319  2.51327  -4.62638e-07  0.391798
-1.5708  0.628319  2.51327  -8.64391e-07  0.527695
-0.942478  0.628319  2.51327  -2.21586e-06  0.824436
-0.314159  0.628319  2.51327  -1.46555e-05  2.01527
0.314159  0.628319  2.51327  -1.44165e-05  -2.01522
0.942478  0.628319  2.51327  -2.22559e-06  -0.824427
1.5708  0.628319  2.51327  -8.71934e-07  -0.527692
2.19911  0.628319  2.51327  -4.60264e-07  -0.391796
2.82743  0.628319  2.51327  -2.78935e-07  -0.313008
4.08407  0.628319  2.51327  -1.30382e-07  -0.224464
7.22566  0.628319  2.51327  -4.99893e-08  -0.132369
14.7655  0.628319  2.51327  -9.76495e-09  -0.0667214
-16.6504  0.628319  3.14159  -0.00133774  0.0593037
-7.22566  0.628319  3.14159  -0.00658547  0.132043
-5.34071  0.628319  3.14159  -0.0115015  0.174716
-4.08407  0.628319  3.14159  -0.0186964  0.222899
-2.82743  0.628319  3.14159  -0.0359178  0.308777
-2.19911  0.628319  3.14159  -0.0556324  0.38352
-1.5708  0.628319  3.14159  -0.0986757  0.507654
-0.942478  0.628319  3.14159  -0.226257  0.751638
-0.314159  0.628319  3.14159  -0.969025  1.30738
0.314159  0.628319  3.14159  -0.968987  -1.30737
0.942478  0.628319  3.14159  -0.226252  -0.751631
1.5708  0.628319  3.14159  -0.0986744  -0.50765
2.19911  0.628319  3.14159  -0.0556319  -0.383518
2.82743  0.628319  3.14159  -0.0359175  -0.308776
4.08407  0.628319  3.14159  -0.0186963  -0.222898
7.22566  0.628319  3.14159  -0.00658543  -0.132043
14.7655  0.628319  3.14159  -0.00168978  -0.0666787
-16.6504  0.628319  3.76991  -9.07877e-09  0.0593338
-7.22566  0.628319  3.76991  -6.6899e-08  0.132369
-5.34071  0.628319  3.76991  -1.09632e-09  0.175468
-4.08407  0.628319  3.76991  -9.88612e-08  0.224465
-2.82743  0.628319  3.76991  -2.93301e-07  0.313009
-2.19911  0.628319  3.76991  -4.62638e-07  0.391798
-1.5708  0.628319  3.76991  -8.64391e-07  0.527695
-0.942478  0.628319  3.76991  -2.21586e-06  0.824436
-0.314159  0.628319  3.76991  -1.46555e-05  2.01527
0.314159  0.628319  3.76991  -1.44165e-05  -2.01522
0.942478  0.628319  3.76991  -2.22559e-06  -0.824427
1.5708  0.628319  3.76991  -8.71934e-07  -0.527692
2.19911  0.628319  3.76991  -4.60264e-07  -0.391796
2.82743  0.628319  3.76991  -2.78935e-07  -0.313008
4.08407  0.628319  3.76991  -1.30382e-07  -0.224464
7.22566  0.628319  3.76991  -4.99893e-08  -0.132369
14.7655  0.628319  3.76991  -9.76495e-09  -0.0667214
-16.6504  0.628319  4.39823  0.00349158  0.0591274
-7.22566  0.628319  4.39823  0.0169904  0.130144
-5.34071  0.628319  4.39823  0.0293671  0.170394
-4.08407  0.628319  4.39823  0.0470439  0.214127
-2.82743  0.628319  4.39823  0.0874189  0.286474
-2.19911  0.628319  4.39823  0.130588  0.342488
-1.5708  0.628319  4.39823  0.215004  0.41901
-0.942478  0.628319  4.39823  0.40586  0.505004
-0.314159  0.628319  4.39823  0.840376  0.405455
0.314159  0.628319  4.39823  0.840369  -0.405462
0.942478  0.628319  4.39823  0.405856  -0.505003
1.5708  0.628319  4.39823  0.215002  -0.419009
2.19911  0.628319  4.39823  0.130587  -0.342487
2.82743  0.628319  4.39823  0.0874184  -0.286473
4.08407  0.628319  4.39823  0.0470437  -0.214126
7.22566  0.628319  4.39823  0.0169904  -0.130143
14.7655  0.628319  4.39823  0.00440693  -0.0664287
-16.6504  0.628319  5.02655  0.0077  0.0583167
-7.22566  0.628319  5.02655  0.0356  0.121962
-5.34071  0.628319  5.02655  0.0588712  0.152752
-4.08407  0.628319  5.02655  0.0888589  0.180789
-2.82743  0.628319  5.02655  0.145986  0.213544
-2.19911  0.628319  5.02655  0.194107  0.226841
-1.5708  0.628319  5.02655  0.263079  0.227605
-0.942478  0.628319  5.02655  0.354516  0.193952
-0.314159  0.628319  5.02655  0.441733  0.0922092
0.314159  0.628319  5.02655  0.441733  -0.0922109
0.942478  0.628319  5.02655  0.354515  -0.193953
1.5708  0.628319  5.02655  0.263078  -0.227605
2.19911  0.628319  5.02655  0.194107  -0.226841
2.82743  0.628319  5.02655  0.145985  -0.213543
4.08407  0.628319  5.02655  0.0888586  -0.180789
7.22566  0.628319  5.02655  0.0355999  -0.121962
14.7655  0.628319  5.02655  0.00968385  -0.0652842
-16.6504  0.628319  5.65487  0.010938  0.0572432
-7.22566  0.628319  5.65487  0.0474393  0.112309
-5.34071  0.628319  5.65487  0.074633  0.133801
-4.08407  0.628319  5.65487  0.106037  0.149013
-2.82743  0.628319  5.65487  0.156751  0.158201
-2.19911  0.628319  5.65487  0.192214  0.154786
-1.5708  0.628319  5.65487  0.234342  0.139373
-0.942478  0.628319  5.65487  0.278472  0.104243
-0.314159  0.628319  5.65487  0.311724  0.0428907
0.314159  0.628319  5.65487  0.311724  -0.0428913
0.942478  0.628319  5.65487  0.278472  -0.104243
1.5708  0.628319  5.65487  0.234341  -0.139373
2.19911  0.628319  5.65487  0.192214  -0.154786
2.82743  0.628319  5.65487  0.15675  -0.158201
4.08407  0.628319  5.65487  0.106037  -0.149013
7.22566  0.628319  5.65487  0.0474392  -0.112309
14.7655  0.628319  5.65487  0.0136913  -0.0637814
-16.6504  0.628319  6.28319  0.0121221  0.0567436
-7.22566  0.628319  6.28319  0.0511028  0.108212
-5.34071  0.628319  6.28319  0.0787688  0.126303
-4.08407  0.628319  6.28319  0.109369  0.137446
-2.82743  0.628319  6.28319  0.155968  0.140709
-2.19911  0.628319  6.28319  0.186653  0.134289
-1.5708  0.628319  6.28319  0.221238  0.117419
-0.942478  0.628319  6.28319  0.255422  0.0850666
-0.314159  0.628319  6.28319  0.279513  0.0348196
0.314159  0.628319  6.28319  0.279513  -0.0348201
0.942478  0.628319  6.28319  0.255422  -0.085067
1.5708  0.628319  6.28319  0.221238  -0.117419
2.19911  0.628319  6.28319  0.186653  -0.134289
2.82743  0.628319  6.28319  0.155968  -0.140709
4.08407  0.628319  6.28319  0.109368  -0.137446
7.22566  0.628319  6.28319  0.0511027  -0.108212
14.7655  0.628319  6.28319  0.0151404  -0.0630867
-16.6504  1.25664  0  0.0089584  0.0579485
-7.22566  1.25664  0  0.0405021  0.118511
-5.34071  1.25664  0  0.065774  0.145757
-4.08407  1.25664  0  0.0970394  0.168611
-2.82743  1.25664  0  0.15288  0.190948
-2.19911  1.25664  0  0.196492  0.196024
-1.5708  1.25664  0  0.254153  0.187619
-0.942478  1.25664  0  0.322899  0.150579
-0.314159  1.25664  0  0.382002  0.0658976
0.314159  1.25664  0  0.382002  -0.0658988
0.942478  1.25664  0  0.322898  -0.15058
1.5708  1.25664  0  0.254152  -0.187619
2.19911  1.25664  0  0.196492  -0.196024
2.82743  1.25664  0  0.15288  -0.190948
4.08407  1.25664  0  0.0970391  -0.168611
7.22566  1.25664  0  0.040502  -0.118511
14.7655  1.25664  0  0.0112483  -0.0647671
-16.6504  1.25664  0.628319  0.0077  0.0583167
-7.22566  1.25664  0.628319  0.0356  0.121962
-5.34071  1.25664  0.628319  0.0588712  0.152752
-4.08407  1.25664  0.628319  0.0888589  0.180789
-2.82743  1.25664  0.628319  0.145986  0.213544
-2.19911  1.25664  0.628319  0.194107  0.226841
-1.5708  1.25664  0.628319  0.263079  0.227605
-0.942478  1.25664  0.628319  0.354516  0.193952
-0.314159  1.25664  0.628319  0.441733  0.0922092
0.314159  1.25664  0.628319  0.441733  -0.0922109
0.942478  1.25664  0.628319  0.354515  -0.193953
1.5708  1.25664  0.628319  0.263078  -0.227605
2.19911  1.25664  0.628319  0.194107  -0.226841
2.82743  1.25664  0.628319  0.145985  -0.213543
4.08407  1.25664  0.628319  0.0888586  -0.180789
7.22566  1.25664  0.628319  0.0355999  -0.121962
14.7655  1.25664  0.628319  0.00968385  -0.0652842
-16.6504  1.25664  1.25664  0.00430775  0.059019
-7.22566  1.25664  1.25664  0.0208145  0.128997
-5.34071  1.25664  1.25664  0.0357539  0.16783
-4.08407  1.25664  1.25664  0.0567867  0.209046
-2.82743  1.25664  1.25664  0.103557  0.274209
-2.19911  1.25664  1.25664  0.151694  0.321114
-1.5708  1.25664  1.25664  0.240534  0.377584
-0.942478  1.25664  1.25664  0.418107  0.417414
-0.314159  1.25664  1.25664  0.728181  0.279918
0.314159  1.25664  1.25664  0.728177  -0.279923
0.942478  1.25664  1.25664  0.418103  -0.417414
1.5708  1.25664  1.25664  0.240532  -0.377583
2.19911  1.25664  1.25664  0.151693  -0.321113
2.82743  1.25664  1.25664  0.103556  -0.274208
4.08407  1.25664  1.25664  0.0567865  -0.209046
7.22566  1.25664  1.25664  0.0208144  -0.128997
14.7655  1.25664  1.25664  0.0054344  -0.0662751
-16.6504  1.25664  1.88496  -9.06731e-09  0.0593335
-7.22566  1.25664  1.88496  -6.78466e-08  0.132359
-5.34071  1.25664  1.88496  -2.83916e-09  0.175453
-4.08407  1.25664  1.88496  -9.82061e-08  0.224473
-2.82743  1.25664  1.88496  -2.92339e-07  0.313261
-2.19911  1.25664  1.88496  -4.61736e-07  0.392596
-1.5708  1.25664  1.88496  -8.63912e-07  0.530273
-0.942478  1.25664  1.88496  -2.23018e-06  0.834004
-0.314159  1.25664  1.88496  -1.51554e-05  2.06851
0.314159  1.25664  1.88496  -1.50995e-05  -2.06845
0.942478  1.25664  1.88496  -2.28055e-06  -0.833995
1.5708  1.25664  1.88496  -8.87196e-07  -0.53027
2.19911  1.25664  1.88496  -4.6811e-07  -0.392594
2.82743  1.25664  1.88496  -2.86325e-07  -0.31326
4.08407  1.25664  1.88496  -1.31146e-07  -0.224473
7.22566  1.25664  1.88496  -5.00436e-08  -0.132359
14.7655  1.25664  1.88496  -9.7936e-09  -0.0667208
-16.6504  1.25664  2.51327  -0.0034916  0.0591274
-7.22566  1.25664  2.51327  -0.0169906  0.130144
-5.34071  1.25664  2.51327  -0.0293671  0.170394
-4.08407  1.25664  2.51327  -0.0470441  0.214127
-2.82743  1.25664  2.51327  -0.0874194  0.286474
-2.19911  1.25664  2.51327  -0.130589  0.342487
-1.5708  1.25664  2.51327  -0.215005  0.419009
-0.942478  1.25664  2.51327  -0.405862  0.505001
-0.314159  1.25664  2.51327  -0.840374  0.405449
0.314159  1.25664  2.51327  -0.840363  -0.405458
0.942478  1.25664  2.51327  -0.405856  -0.505
1.5708  1.25664  2.51327  -0.215002  -0.419008
2.19911  1.25664  2.51327  -0.130587  -0.342486
2.82743  1.25664  2.51327  -0.0874187  -0.286472
4.08407  1.25664  2.51327  -0.0470438  -0.214126
7.22566  1.25664  2.51327  -0.0169905  -0.130143
14.7655  1.25664  2.51327  -0.00440695  -0.0664286
-16.6504  1.25664  3.14159  -0.00481012  0.0589411
-7.22566  1.25664  3.14159  -0.0231284  0.12819
-5.34071  1.25664  3.14159  -0.0395469  0.166037
-4.08407  1.25664  3.14159  -0.0623953  0.205513
-2.82743  1.25664  3.14159  -0.112087  0.265839
-2.19911  1.25664  3.14159  -0.161701  0.306978
-1.5708  1.25664  3.14159  -0.249639  0.352176
-0.942478  1.25664  3.14159  -0.413778  0.372067
-0.314159  1.25664  3.14159  -0.66802  0.233397
0.314159  1.25664  3.14159  -0.668015  -0.233404
0.942478  1.25664  3.14159  -0.413773  -0.372068
1.5708  1.25664  3.14159  -0.249636  -0.352175
2.19911  1.25664  3.14159  -0.1617  -0.306977
2.82743  1.25664  3.14159  -0.112086  -0.265838
4.08407  1.25664  3.14159  -0.062395  -0.205512
7.22566  1.25664  3.14159  -0.0231283  -0.12819
14.7655  1.25664  3.14159  -0.00606615  -0.0661649
-16.6504  1.25664  3.76991  -0.0034916  0.0591274
-7.22566  1.25664  3.76991  -0.0169906  0.130144
-5.34071  1.25664  3.76991  -0.0293671  0.170394
-4.08407  1.25664  3.76991  -0.0470441  0.214127
-2.82743  1.25664  3.76991  -0.0874194  0.286474
-2.19911  1.25664  3.76991  -0.130589  0.342487
-1.5708  1.25664  3.76991  -0.215005  0.419009
-0.942478  1.25664  3.76991  -0.405862  0.505001
-0.314159  1.25664  3.76991  -0.840374  0.405449
0.314159  1.25664  3.76991  -0.840363  -0.405458
0.942478  1.25664  3.76991  -0.405856  -0.505
1.5708  1.25664  3.76991  -0.215002  -0.419008
2.19911  1.25664  3.76991  -0.130587  -0.342486
2.82743  1.25664  3.76991  -0.0874187  -0.286472
4.08407  1.25664  3.76991  -0.0470438  -0.214126
7.22566  1.25664  3.76991  -0.0169905  -0.130143
14.7655  1.25664  3.76991  -0.00440695  -0.0664286
-16.6504  1.25664  4.39823  -9.06731e-09  0.0593335
-7.22566  1.25664  4.39823  -6.78466e-08  0.132359
-5.34071  1.25664  4.39823  -2.83916e-09  0.175453
-4.08407  1.25664  4.39823  -9.82061e-08  0.224473
-2.82743  1.25664  4.39823  -2.92339e-07  0.313261
-2.19911  1.25664  4.39823  -4.61736e-07  0.392596
-1.5708  1.25664  4.39823  -8.63912e-07  0.530273
-0.942478  1.25664  4.39823  -2.23018e-06  0.834004
-0.314159  1.25664  4.39823  -1.51554e-05  2.06851
0.314159  1.25664  4.39823  -1.50995e-05  -2.06845
0.942478  1.25664  4.39823  -2.28055e-06  -0.833995
1.5708  1.25664  4.39823  -8.87196e-07  -0.53027
2.19911  1.25664  4.39823  -4.6811e-07  -0.392594
2.82743  1.25664  4.39823  -2.86325e-07  -0.31326
4.08407  1.25664  4.39823  -1.31146e-07  -0.224473
7.22566  1.25664  4.39823  -5.00436e-08  -0.132359
14.7655  1.25664  4.39823  -9.7936e-09  -0.0667208
-16.6504  1.25664  5.02655  0.00430775  0.059019
-7.22566  1.25664  5.02655  0.0208145  0.128997
-5.34071  1.25664  5.02655  0.0357539  0.16783
-4.08407  1.25664  5.02655  0.0567867  0.209046
-2.82743  1.25664  5.02655  0.103557  0.274209
-2.19911  1.25664  5.02655  0.151694  0.321114
-1.5708  1.25664  5.02655  0.240534  0.377584
-0.942478  1.25664  5.02655  0.418107  0.417414
-0.314159  1.25664  5.02655  0.728181  0.279918
0.314159  1.25664  5.02655  0.728177  -0.279923
0.942478  1.25664  5.02655  0.418103  -0.417414
1.5708  1.25664  5.02655  0.240532  -0.377583
2.19911  1.25664  5.02655  0.151693  -0.321113
2.82743  1.25664  5.02655  0.103556  -0.274208
4.08407  1.25664  5.02655  0.0567865  -0.209046
7.22566  1.25664  5.02655  0.0208144  -0.128997
14.7655  1.25664  5.02655  0.0054344  -0.0662751
-16.6504  1.25664  5.65487  0.0077  0.0583167
-7.22566  1.25664  5.65487  0.0356  0.121962
-5.34071  1.25664  5.65487  0.0588712  0.152752
-4.08407  1.25664  5.65487  0.0888589  0.180789
-2.82743  1.25664  5.65487  0.145986  0.213544
-2.19911  1.25664  5.65487  0.194107  0.226841
-1.5708  1.25664  5.65487  0.263079  0.227605
-0.942478  1.25664  5.65487  0.354516  0.193952
-0.314159  1.25664  5.65487  0.441733  0.0922092
0.314159  1.25664  5.65487  0.441733  -0.0922109
0.942478  1.25664  5.65487  0.354515  -0.193953
1.5708  1.25664  5.65487  0.263078  -0.227605
2.19911  1.25664  5.65487  0.194107  -0.226841
2.82743  1.25664  5.65487  0.145985  -0.213543
4.08407  1.25664  5.65487  0.0888586  -0.180789
7.22566  1.25664  5.65487  0.0355999  -0.121962
14.7655  1.25664  5.65487  0.00968385  -0.0652842
-16.6504  1.25664  6.28319  0.0089584  0.0579485
-7.22566  1.25664  6.28319  0.0405021  0.118511
-5.34071  1.25664  6.28319  0.065774  0.145757
-4.08407  1.25664  6.28319  0.0970394  0.168611
-2.82743  1.25664  6.28319  0.15288  0.190948
-2.19911  1.25664  6.28319  0.196492  0.196024
-1.5708  1.25664  6.28319  0.254153  0.187619
-0.942478  1.25664  6.28319  0.322899  0.150579
-0.314159  1.25664  6.28319  0.382002  0.0658976
0.314159  1.25664  6.28319  0.382002  -0.0658988
0.942478  1.25664  6.28319  0.322898  -0.15058
1.5708  1.25664  6.28319  0.254152  -0.187619
2.19911  1.25664  6.28319  0.196492  -0.196024
2.82743  1.25664  6.28319  0.15288  -0.190948
4.08407  1.25664  6.28319  0.0970391  -0.168611
7.22566  1.25664  6.28319  0.040502  -0.118511
14.7655  1.25664  6.28319  0.0112483  -0.0647671
-16.6504  1.88496  0  0.0048101  0.0589411
-7.22566  1.88496  0  0.0231283  0.12819
-5.34071  1.88496  0  0.0395468  0.166037
-4.08407  1.88496  0  0.0623951  0.205513
-2.82743  1.88496  0  0.112086  0.26584
-2.19911  1.88496  0  0.161701  0.306979
-1.5708  1.88496  0  0.249638  0.352176
-0.942478  1.88496  0  0.413777  0.37207
-0.314159  1.88496  0  0.668022  0.233401
0.314159  1.88496  0  0.668019  -0.233405
0.942478  1.88496  0  0.413774  -0.37207
1.5708  1.88496  0  0.249637  -0.352176
2.19911  1.88496  0  0.1617  -0.306978
2.82743  1.88496  0  0.112085  -0.265839
4.08407  1.88496  0  0.0623949  -0.205512
7.22566  1.88496  0  0.0231282  -0.12819
14.7655  1.88496  0  0.00606613  -0.066165
-16.6504  1.88496  0.628319  0.00349158  0.0591274
-7.22566  1.88496  0.628319  0.0169904  0.130144
-5.34071  1.88496  0.628319  0.0293671  0.170394
-4.08407  1.88496  0.628319  0.0470439  0.214127
-2.82743  1.88496  0.628319  0.0874189  0.286474
-2.19911  1.88496  0.628319  0.130588  0.342488
-1.5708  1.88496  0.628319  0.215004  0.41901
-0.942478  1.88496  0.628319  0.40586  0.505004
-0.314159  1.88496  0.628319  0.840376  0.405455
0.314159  1.88496  0.628319  0.840369  -0.405462
0.942478  1.88496  0.628319  0.405856  -0.505003
1.5708  1.88496  0.628319  0.215002  -0.419009
2.19911  1.88496  0.628319  0.130587  -0.342487
2.82743  1.88496  0.628319  0.0874184  -0.286473
4.08407  1.88496  0.628319  0.0470437  -0.214126
7.22566  1.88496  0.628319  0.0169904  -0.130143
14.7655  1.88496  0.628319  0.00440693  -0.0664287
-16.6504  1.88496  1.25664  -9.06731e-09  0.0593335
-7.22566  1.88496  1.25664  -6.78466e-08  0.132359
-5.34071  1.88496  1.25664  -2.83916e-09  0.175453
-4.08407  1.88496  1.25664  -9.82061e-08  0.224473
-2.82743  1.88496  1.25664  -2.92339e-07  0.313261
-2.19911  1.88496  1.25664  -4.61736e-07  0.392596
-1.5708  1.88496  1.25664  -8.63912e-07  0.530273
-0.942478  1.88496  1.25664  -2.23018e-06  0.834004
-0.314159  1.88496  1.25664  -1.51554e-05  2.06851
0.314159  1.88496  1.25664  -1.50995e-05  -2.06845
0.942478  1.88496  1.25664  -2.28055e-06  -0.833995
1.5708  1.88496  1.25664  -8.87196e-07  -0.53027
2.19911  1.88496  1.25664  -4.6811e-07  -0.392594
2.82743  1.88496  1.25664  -2.86325e-07  -0.31326
4.08407  1.88496  1.25664  -1.31146e-07  -0.224473
7.22566  1.88496  1.25664  -5.00436e-08  -0.132359
14.7655  1.88496  1.25664  -9.7936e-09  -0.0667208
-16.6504  1.88496  1.88496  -0.00430777  0.059019
-7.22566  1.88496  1.88496  -0.0208146  0.128997
-5.34071  1.88496  1.88496  -0.035754  0.16783
-4.08407  1.88496  1.88496  -0.0567869  0.209046
-2.82743  1.88496  1.88496  -0.103557  0.274208
-2.19911  1.88496  1.88496  -0.151695  0.321113
-1.5708  1.88496  1.88496  -0.240535  0.377583
-0.942478  1.88496  1.88496  -0.418108  0.417412
-0.314159  1.88496  1.88496  -0.728179  0.279914
0.314159  1.88496  1.88496  -0.728173  -0.279921
0.942478  1.88496  1.88496  -0.418102  -0.417412
1.5708  1.88496  1.88496  -0.240532  -0.377582
2.19911  1.88496  1.88496  -0.151694  -0.321112
2.82743  1.88496  1.88496  -0.103556  -0.274208
4.08407  1.88496  1.88496  -0.0567866  -0.209046
7.22566  1.88496  1.88496  -0.0208145  -0.128997
14.7655  1.88496  1.88496  -0.00543442  -0.066275
-16.6504  1.88496  2.51327  -0.00770003  0.0583167
-7.22566  1.88496  2.51327  -0.0356001  0.121962
-5.34071  1.88496  2.51327  -0.0588713  0.152752
-4.08407  1.88496  2.51327  -0.0888591  0.180789
-2.82743  1.88496  2.51327  -0.145986  0.213543
-2.19911  1.88496  2.51327  -0.194108  0.22684
-1.5708  1.88496  2.51327  -0.26308  0.227604
-0.942478  1.88496  2.51327  -0.354516  0.193951
-0.314159  1.88496  2.51327  -0.441732  0.0922078
0.314159  1.88496  2.51327  -0.441731  -0.0922111
0.942478  1.88496  2.51327  -0.354513  -0.193952
1.5708  1.88496  2.51327  -0.263078  -0.227604
2.19911  1.88496  2.51327  -0.194106  -0.22684
2.82743  1.88496  2.51327  -0.145985  -0.213543
4.08407  1.88496  2.51327  -0.0888586  -0.180789
7.22566  1.88496  2.51327  -0.0355999  -0.121962
14.7655  1.88496  2.51327  -0.00968386  -0.0652842
-16.6504  1.88496  3.14159  -0.00895843  0.0579485
-7.22566  1.88496  3.14159  -0.0405022  0.118511
-5.34071  1.88496  3.14159  -0.0657741  0.145757
-4.08407  1.88496  3.14159  -0.0970396  0.168611
-2.82743  1.88496  3.14159  -0.152881  0.190947
-2.19911  1.88496  3.14159  -0.196493  0.196023
-1.5708  1.88496  3.14159  -0.254153  0.187618
-0.942478  1.88496  3.14159  -0.322899  0.150578
-0.314159  1.88496  3.14159  -0.382001  0.0658966
0.314159  1.88496  3.14159  -0.382  -0.0658992
0.942478  1.88496  3.14159  -0.322897  -0.15058
1.5708  1.88496  3.14159  -0.254151  -0.187618
2.19911  1.88496  3.14159  -0.196491  -0.196023
2.82743  1.88496  3.14159  -0.15288  -0.190947
4.08407  1.88496  3.14159  -0.097039  -0.168611
7.22566  1.88496  3.14159  -0.040502  -0.11851
14.7655  1.88496  3.14159  -0.0112483  -0.0647671
-16.6504  1.88496  3.76991  -0.00770003  0.0583167
-7.22566  1.88496  3.76991  -0.0356001  0.121962
-5.34071  1.88496  3.76991  -0.0588713  0.152752
-4.08407  1.88496  3.76991  -0.0888591  0.180789
-2.82743  1.88496  3.76991  -0.145986  0.213543
-2.19911  1.88496  3.76991  -0.194108  0.22684
-1.5708  1.88496  3.76991  -0.26308  0.227604
-0.942478  1.88496  3.76991  -0.354516  0.193951
-0.314159  1.88496  3.76991  -0.441732  0.0922078
0.314159  1.88496  3.76991  -0.441731  -0.0922111
0.942478  1.88496  3.76991  -0.354513  -0.193952
1.5708  1.88496  3.76991  -0.263078  -0.227604
2.19911  1.88496  3.76991  -0.194106  -0.22684
2.82743  1.88496  3.76991  -0.145985  -0.213543
4.08407  1.88496  3.76991  -0.0888586  -0.180789
7.22566  1.88496  3.76991  -0.0355999  -0.121962
14.7655  1.88496  3.76991  -0.00968386  -0.0652842
-16.6504  1.88496  4.39823  -0.00430777  0.059019
-7.22566  1.88496  4.39823  -0.0208146  0.128997
-5.34071  1.88496  4.39823  -0.035754  0.16783
-4.08407  1.88496  4.39823  -0.0567869  0.209046
-2.82743  1.88496  4.39823  -0.103557  0.274208
-2.19911  1.88496  4.39823  -0.151695  0.321113
-1.5708  1.88496  4.39823  -0.240535  0.377583
-0.942478  1.88496  4.39823  -0.418108  0.417412
-0.314159  1.88496  4.39823  -0.728179  0.279914
0.314159  1.88496  4.39823  -0.728173  -0.279921
0.942478  1.88496  4.39823  -0.418102  -0.417412
1.5708  1.88496  4.39823  -0.240532  -0.377582
2.19911  1.88496  4.39823  -0.151694  -0.321112
2.82743  1.88496  4.39823  -0.103556  -0.274208
4.08407  1.88496  4.39823  -0.0567866  -0.209046
7.22566  1.88496  4.39823  -0.0208145  -0.128997
14.7655  1.88496  4.39823  -0.00543442  -0.066275
-16.6504  1.88496  5.02655  -9.06731e-09  0.0593335
-7.22566  1.88496  5.02655  -6.78466e-08  0.132359
-5.34071  1.88496  5.02655  -2.83916e-09  0.175453
-4.08407  1.88496  5.02655  -9.82061e-08  0.224473
-2.82743  1.88496  5.02655  -2.92339e-07  0.313261
-2.19911  1.88496  5.02655  -4.61736e-07  0.392596
-1.5708  1.88496  5.02655  -8.63912e-07  0.530273
-0.942478  1.88496  5.02655  -2.23018e-06  0.834004
-0.314159  1.88496  5.02655  -1.51554e-05  2.06851
0.314159  1.88496  5.02655  -1.50995e-05  -2.06845
0.942478  1.88496  5.02655  -2.28055e-06  -0.833995
1.5708  1.88496  5.02655  -8.87196e-07  -0.53027
2.19911  1.88496  5.02655  -4.6811e-07  -0.392594
2.82743  1.88496  5.02655  -2.86325e-07  -0.31326
4.08407  1.88496  5.02655  -1.31146e-07  -0.224473
7.22566  1.88496  5.02655  -5.00436e-08  -0.132359
14.7655  1.88496  5.02655  -9.7936e-09  -0.0667208
-16.6504  1.88496  5.65487  0.00349158  0.0591274
-7.22566  1.88496  5.65487  0.0169904  0.130144
-5.34071  1.88496  5.65487  0.0293671  0.170394
-4.08407  1.88496  5.65487  0.0470439  0.214127
-2.82743  1.88496  5.65487  0.0874189  0.286474
-2.19911  1.88496  5.65487  0.130588  0.342488
-1.5708  1.88496  5.65487  0.215004  0.41901
-0.942478  1.88496  5.65487  0.40586  0.505004
-0.314159  1.88496  5.65487  0.840376  0.405455
0.314159  1.88496  5.65487  0.840369  -0.405462
0.942478  1.88496  5.65487  0.405856  -0.505003
1.5708  1.88496  5.65487  0.215002  -0.419009
2.19911  1.88496  5.65487  0.130587  -0.342487
2.82743  1.88496  5.65487  0.0874184  -0.286473
4.08407  1.88496  5.65487  0.0470437  -0.214126
7.22566  1.88496  5.65487  0.0169904  -0.130143
14.7655  1.88496  5.65487  0.00440693  -0.0664287
-16.6504  1.88496  6.28319  0.0048101  0.0589411
-7.22566  1.88496  6.28319  0.0231283  0.12819
-5.34071  1.88496  6.28319  0.0395468  0.166037
-4.08407  1.88496  6.28319  0.0623951  0.205513
-2.82743  1.88496  6.28319  0.112086  0.26584
-2.19911  1.88496  6.28319  0.161701  0.306979
-1.5708  1.88496  6.28319  0.249638  0.352176
-0.942478  1.88496  6.28319  0.413777  0.37207
-0.314159  1.88496  6.28319  0.668022  0.233401
0.314159  1.88496  6.28319  0.668019  -0.233405
0.942478  1.88496  6.28319  0.413774  -0.37207
1.5708  1.88496  6.28319  0.249637  -0.352176
2.19911  1.88496  6.28319  0.1617  -0.306978
2.82743  1.88496  6.28319  0.112085  -0.265839
4.08407  1.88496  6.28319  0.0623949  -0.205512
7.22566  1.88496  6.28319  0.0231282  -0.12819
14.7655  1.88496  6.28319  0.00606613  -0.066165
-16.6504  2.51327  0  0.00133772  0.0593037
-7.22566  2.51327  0  0.00658534  0.132043
-5.34071  2.51327  0  0.0115015  0.174716
-4.08407  2.51327  0  0.0186962  0.222899
-2.82743  2.51327  0  0.0359172  0.308777
-2.19911  2.51327  0  0.0556315  0.38352
-1.5708  2.51327  0  0.0986741  0.507654
-0.942478  2.51327  0  0.226253  0.75164
-0.314159  2.51327  0  0.969017  1.30739
0.314159  2.51327  0  0.968984  -1.30738
0.942478  2.51327  0  0.226249  -0.751634
1.5708  2.51327  0  0.0986729  -0.507651
2.19911  2.51327  0  0.055631  -0.383519
2.82743  2.51327  0  0.035917  -0.308776
4.08407  2.51327  0  0.0186961  -0.222898
7.22566  2.51327  0  0.00658533  -0.132043
14.7655  2.51327  0  0.00168976  -0.0666787
-16.6504  2.51327  0.628319  -9.07877e-09  0.0593338
-7.22566  2.51327  0.628319  -6.6899e-08  0.132369
-5.34071  2.51327  0.628319  -1.09632e-09  0.175468
-4.08407  2.51327  0.628319  -9.88612e-08  0.224465
-2.82743  2.51327  0.628319  -2.93301e-07  0.313009
-2.19911  2.51327  0.628319  -4.62638e-07  0.391798
-1.5708  2.51327  0.628319  -8.64391e-07  0.527695
-0.942478  2.51327  0.628319  -2.21586e-06  0.824436
-0.314159  2.51327  0.628319  -1.46555e-05  2.01527
0.314159  2.51327  0.628319  -1.44165e-05  -2.01522
0.942478  2.51327  0.628319  -2.22559e-06  -0.824427
1.5708  2.51327  0.628319  -8.71934e-07  -0.527692
2.19911  2.51327  0.628319  -4.60264e-07  -0.391796
2.82743  2.51327  0.628319  -2.78935e-07  -0.313008
4.08407  2.51327  0.628319  -1.30382e-07  -0.224464
7.22566  2.51327  0.628319  -4.99893e-08  -0.132369
14.7655  2.51327  0.628319  -9.76495e-09  -0.0667214
-16.6504  2.51327  1.25664  -0.0034916  0.0591274
-7.22566  2.51327  1.25664  -0.0169906  0.130144
-5.34071  2.51327  1.25664  -0.0293671  0.170394
-4.08407  2.51327  1.25664  -0.0470441  0.214127
-2.82743  2.51327  1.25664  -0.0874194  0.286474
-2.19911  2.51327  1.25664  -0.130589  0.342487
-1.5708  2.51327  1.25664  -0.215005  0.419009
-0.942478  2.51327  1.25664  -0.405862  0.505001
-0.314159  2.51327  1.25664  -0.840374  0.405449
0.314159  2.51327  1.25664  -0.840363  -0.405458
0.942478  2.51327  1.25664  -0.405856  -0.505
1.5708  2.51327  1.25664  -0.215002  -0.419008
2.19911  2.51327  1.25664  -0.130587  -0.342486
2.82743  2.51327  1.25664  -0.0874187  -0.286472
4.08407  2.51327  1.25664  -0.0470438  -0.214126
7.22566  2.51327  1.25664  -0.0169905  -0.130143
14.7655  2.51327  1.25664  -0.00440695  -0.0664286
-16.6504  2.51327  1.88496  -0.00770003  0.0583167
-7.22566  2.51327  1.88496  -0.0356001  0.121962
-5.34071  2.51327  1.88496  -0.0588713  0.152752
-4.08407  2.51327  1.88496  -0.0888591  0.180789
-2.82743  2.51327  1.88496  -0.145986  0.213543
-2.19911  2.51327  1.88496  -0.194108  0.22684
-1.5708  2.51327  1.88496  -0.26308  0.227604
-0.942478  2.51327  1.88496  -0.354516  0.193951
-0.314159  2.51327  1.88496  -0.441732  0.0922078
0.314159  2.51327  1.88496  -0.441731  -0.0922111
0.942478  2.51327  1.88496  -0.354513  -0.193952
1.5708  2.51327  1.88496  -0.263078  -0.227604
2.19911  2.51327  1.88496  -0.194106  -0.22684
2.82743  2.51327  1.88496  -0.145985  -0.213543
4.08407  2.51327  1.88496  -0.0888586  -0.180789
7.22566  2.51327  1.88496  -0.0355999  -0.121962
14.7655  2.51327  1.88496  -0.00968386  -0.0652842
-16.6504  2.51327  2.51327  -0.010938  0.0572433
-7.22566  2.51327  2.51327  -0.0474394  0.112309
-5.34071  2.51327  2.51327  -0.0746331  0.133801
-4.08407  2.51327  2.51327  -0.106037  0.149013
-2.82743  2.51327  2.51327  -0.156751  0.1582
-2.19911  2.51327  2.51327  -0.192214  0.154786
-1.5708  2.51327  2.51327  -0.234342  0.139372
-0.942478  2.51327  2.51327  -0.278472  0.104242
-0.314159  2.51327  2.51327  -0.311724  0.0428899
0.314159  2.51327  2.51327  -0.311723  -0.0428918
0.942478  2.51327  2.51327  -0.278471  -0.104243
1.5708  2.51327  2.51327  -0.234341  -0.139373
2.19911  2.51327  2.51327  -0.192213  -0.154786
2.82743  2.51327  2.51327  -0.15675  -0.1582
4.08407  2.51327  2.51327  -0.106037  -0.149013
7.22566  2.51327  2.51327  -0.0474392  -0.112309
14.7655  2.51327  2.51327  -0.0136913  -0.0637814
-16.6504  2.51327  3.14159  -0.0121222  0.0567436
-7.22566  2.51327  3.14159  -0.051103  0.108212
-5.34071  2.51327  3.14159  -0.078769  0.126303
-4.08407  2.51327  3.14159  -0.109369  0.137445
-2.82743  2.51327  3.14159  -0.155968  0.140709
-2.19911  2.51327  3.14159  -0.186653  0.134288
-1.5708  2.51327  3.14159  -0.221238  0.117418
-0.942478  2.51327  3.14159  -0.255422  0.0850659
-0.314159  2.51327  3.14159  -0.279512  0.0348189
0.314159  2.51327  3.14159  -0.279512  -0.0348205
0.942478  2.51327  3.14159  -0.255421  -0.0850671
1.5708  2.51327  3.14159  -0.221237  -0.117419
2.19911  2.51327  3.14159  -0.186652  -0.134289
2.82743  2.51327  3.14159  -0.155968  -0.140709
4.08407  2.51327  3.14159  -0.109368  -0.137445
7.22566  2.51327  3.14159  -0.0511027  -0.108212
14.7655  2.51327  3.14159  -0.0151404  -0.0630867
-16.6504  2.51327  3.76991  -0.010938  0.0572433
-7.22566  2.51327  3.76991  -0.0474394  0.112309
-5.34071  2.51327  3.76991  -0.0746331  0.133801
-4.08407  2.51327  3.76991  -0.106037  0.149013
-2.82743  2.51327  3.76991  -0.156751  0.1582
-2.19911  2.51327  3.76991  -0.192214  0.154786
-1.5708  2.51327  3.76991  -0.234342  0.139372
-0.942478  2.51327  3.76991  -0.278472  0.104242
-0.314159  2.51327  3.76991  -0.311724  0.0428899
0.314159  2.51327  3.76991  -0.311723  -0.0428918
0.942478  2.51327  3.76991  -0.278471  -0.104243
1.5708  2.51327  3.76991  -0.234341  -0.139373
2.19911  2.51327  3.76991  -0.192213  -0.154786
2.82743  2.51327  3.76991  -0.15675  -0.1582
4.08407  2.51327  3.76991  -0.106037  -0.149013
7.22566  2.51327  3.76991  -0.0474392  -0.112309
14.7655  2.51327  3.76991  -0.0136913  -0.0637814
-16.6504  2.51327  4.39823  -0.00770003  0.0583167
-7.22566  2.51327  4.39823  -0.0356001  0.121962
-5.34071  2.51327  4.39823  -0.0588713  0.152752
-4.08407  2.51327  4.39823  -0.0888591  0.180789
-2.82743  2.51327  4.39823  -0.145986  0.213543
-2.19911  2.51327  4.39823  -0.194108  0.22684
-1.5708  2.51327  4.39823  -0.26308  0.227604
-0.942478  2.51327  4.39823  -0.354516  0.193951
-0.314159  2.51327  4.39823  -0.441732  0.0922078
0.314159  2.51327  4.39823  -0.441731  -0.0922111
0.942478  2.51327  4.39823  -0.354513  -0.193952
1.5708  2.51327  4.39823  -0.263078  -0.227604
2.19911  2.51327  4.39823  -0.194106  -0.22684
2.82743  2.51327  4.39823  -0.145985  -0.213543
4.08407  2.51327  4.39823  -0.0888586  -0.180789
7.22566  2.51327  4.39823  -0.0355999  -0.121962
14.7655  2.51327  4.39823  -0.00968386  -0.0652842
-16.6504  2.51327  5.02655  -0.0034916  0.0591274
-7.22566  2.51327  5.02655  -0.0169906  0.130144
-5.34071  2.51327  5.02655  -0.0293671  0.170394
-4.08407  2.51327  5.02655  -0.0470441  0.214127
-2.82743  2.51327  5.02655  -0.0874194  0.286474
-2.19911  2.51327  5.02655  -0.130589  0.342487
-1.5708  2.51327  5.02655  -0.215005  0.419009
-0.942478  2.51327  5.02655  -0.405862  0.505001
-0.314159  2.51327  5.02655  -0.840374  0.405449
0.314159  2.51327  5.02655  -0.840363  -0.405458
0.942478  2.51327  5.02655  -0.405856  -0.505
1.5708  2.51327  5.02655  -0.215002  -0.419008
2.19911  2.51327  5.02655  -0.130587  -0.342486
2.82743  2.51327  5.02655  -0.0874187  -0.286472
4.08407  2.51327  5.02655  -0.0470438  -0.214126
7.22566  2.51327  5.02655  -0.0169905  -0.130143
14.7655  2.51327  5.02655  -0.00440695  -0.0664286
-16.6504  2.51327  5.65487  -9.07877e-09  0.0593338
-7.22566  2.51327  5.65487  -6.6899e-08  0.132369
-5.34071  2.51327  5.65487  -1.09632e-09  0.175468
-4.08407  2.51327  5.65487  -9.88612e-08  0.224465
-2.82743  2.51327  5.65487  -2.93301e-07  0.313009
-2.19911  2.51327  5.65487  -4.62638e-07  0.391798
-1.5708  2.51327  5.65487  -8.64391e-07  0.527695
-0.942478  2.51327  5.65487  -2.21586e-06  0.824436
-0.314159  2.51327  5.65487  -1.46555e-05  2.01527
0.314159  2.51327  5.65487  -1.44165e-05  -2.01522
0.942478  2.51327  5.65487  -2.22559e-06  -0.824427
1.5708  2.51327  5.65487  -8.71934e-07  -0.527692
2.19911  2.51327  5.65487  -4.60264e-07  -0.391796
2.82743  2.51327  5.65487  -2.78935e-07  -0.313008
4.08407  2.51327  5.65487  -1.30382e-07  -0.224464
7.22566  2.51327  5.65487  -4.99893e-08  -0.132369
14.7655  2.51327  5.65487  -9.76495e-09  -0.0667214
-16.6504  2.51327  6.28319  0.00133772  0.0593037
-7.22566  2.51327  6.28319  0.00658534  0.132043
-5.34071  2.51327  6.28319  0.0115015  0.174716
-4.08407  2.51327  6.28319  0.0186962  0.222899
-2.82743  2.51327  6.28319  0.0359172  0.308777
-2.19911  2.51327  6.28319  0.0556315  0.38352
-1.5708  2.51327  6.28319  0.0986741  0.507654
-0.942478  2.51327  6.28319  0.226253  0.75164
-0.314159  2.51327  6.28319  0.969017  1.30739
0.314159  2.51327  6.28319  0.968984  -1.30738
0.942478  2.51327  6.28319  0.226249  -0.751634
1.5708  2.51327  6.28319  0.0986729  -0.507651
2.19911  2.51327  6.28319  0.055631  -0.383519
2.82743  2.51327  6.28319  0.035917  -0.308776
4.08407  2.51327  6.28319  0.0186961  -0.222898
7.22566  2.51327  6.28319  0.00658533  -0.132043
14.7655  2.51327  6.28319  0.00168976  -0.0666787
-16.6504  3.14159  0  -9.0813e-09  0.059334
-7.22566  3.14159  0  -6.63988e-08  0.132375
-5.34071  3.14159  0  -6.0143e-11  0.175481
-4.08407  3.14159  0  -9.87313e-08  0.224475
-2.82743  3.14159  0  -2.92509e-07  0.312924
-2.19911  3.14159  0  -4.6019e-07  0.391449
-1.5708  3.14159  0  -8.56511e-07  0.526284
-0.942478  3.14159  0  -2.17393e-06  0.81687
-0.314159  3.14159  0  -1.33814e-05  1.90196
0.314159  3.14159  0  -1.30828e-05  -1.90191
0.942478  3.14159  0  -2.1734e-06  -0.816861
1.5708  3.14159  0  -8.6034e-07  -0.52628
2.19911  3.14159  0  -4.54846e-07  -0.391447
2.82743  3.14159  0  -2.74507e-07  -0.312922
4.08407  3.14159  0  -1.3047e-07  -0.224474
7.22566  3.14159  0  -5.0013e-08  -0.132375
14.7655  3.14159  0  -9.73133e-09  -0.0667218
-16.6504  3.14159  0.628319  -0.00133774  0.0593037
-7.22566  3.14159  0.628319  -0.00658547  0.132043
-5.34071  3.14159  0.628319  -0.0115015  0.174716
-4.08407  3.14159  0.628319  -0.0186964  0.222899
-2.82743  3.14159  0.628319  -0.0359178  0.308777
-2.19911  3.14159  0.628319  -0.0556324  0.38352
-1.5708  3.14159  0.628319  -0.0986757  0.507654
-0.942478  3.14159  0.628319  -0.226257  0.751638
-0.314159  3.14159  0.628319  -0.969025  1.30738
0.314159  3.14159  0.628319  -0.968987  -1.30737
0.942478  3.14159  0.628319  -0.226252  -0.751631
1.5708  3.14159  0.628319  -0.0986744  -0.50765
2.19911  3.14159  0.628319  -0.0556319  -0.383518
2.82743  3.14159  0.628319  -0.0359175  -0.308776
4.08407  3.14159  0.628319  -0.0186963  -0.222898
7.22566  3.14159  0.628319  -0.00658543  -0.132043
14.7655  3.14159  0.628319  -0.00168978  -0.0666787
-16.6504  3.14159  1.25664  -0.00481012  0.0589411
-7.22566  3.14159  1.25664  -0.0231284  0.12819
-5.34071  3.14159  1.25664  -0.0395469  0.166037
-4.08407  3.14159  1.25664  -0.0623953  0.205513
-2.82743  3.14159  1.25664  -0.112087  0.265839
-2.19911  3.14159  1.25664  -0.161701  0.306978
-1.5708  3.14159  1.25664  -0.249639  0.352176
-0.942478  3.14159  1.25664  -0.413778  0.372067
-0.314159  3.14159  1.25664  -0.66802  0.233397
0.314159  3.14159  1.25664  -0.668015  -0.233404
0.942478  3.14159  1.25664  -0.413773  -0.372068
1.5708  3.14159  1.25664  -0.249636  -0.352175
2.19911  3.14159  1.25664  -0.1617  -0.306977
2.82743  3.14159  1.25664  -0.112086  -0.265838
4.08407  3.14159  1.25664  -0.062395  -0.205512
7.22566  3.14159  1.25664  -0.0231283  -0.12819
14.7655  3.14159  1.25664  -0.00606615  -0.0661649
-16.6504  3.14159  1.88496  -0.00895843  0.0579485
-7.22566  3.14159  1.88496  -0.0405022  0.118511
-5.34071  3.14159  1.88496  -0.0657741  0.145757
-4.08407  3.14159  1.88496  -0.0970396  0.168611
-2.82743  3.14159  1.88496  -0.152881  0.190947
-2.19911  3.14159  1.88496  -0.196493  0.196023
-1.5708  3.14159  1.88496  -0.254153  0.187618
-0.942478  3.14159  1.88496  -0.322899  0.150578
-0.314159  3.14159  1.88496  -0.382001  0.0658966
0.314159  3.14159  1.88496  -0.382  -0.0658992
0.942478  3.14159  1.88496  -0.322897  -0.15058
1.5708  3.14159  1.88496  -0.254151  -0.187618
2.19911  3.14159  1.88496  -0.196491  -0.196023
2.82743  3.14159  1.88496  -0.15288  -0.190947
4.08407  3.14159  1.88496  -0.097039  -0.168611
7.22566  3.14159  1.88496  -0.040502  -0.11851
14.7655  3.14159  1.88496  -0.0112483  -0.0647671
-16.6504  3.14159  2.51327  -0.0121222  0.0567436
-7.22566  3.14159  2.51327  -0.051103  0.108212
-5.34071  3.14159  2.51327  -0.078769  0.126303
-4.08407  3.14159  2.51327  -0.109369  0.137445
-2.82743  3.14159  2.51327  -0.155968  0.140709
-2.19911  3.14159  2.51327  -0.186653  0.134288
-1.5708  3.14159  2.51327  -0.221238  0.117418
-0.942478  3.14159  2.51327  -0.255422  0.0850659
-0.314159  3.14159  2.51327  -0.279512  0.0348189
0.314159  3.14159  2.51327  -0.279512  -0.0348205
0.942478  3.14159  2.51327  -0.255421  -0.0850671
1.5708  3.14159  2.51327  -0.221237  -0.117419
2.19911  3.14159  2.51327  -0.186652  -0.134289
2.82743  3.14159  2.51327  -0.155968  -0.140709
4.08407  3.14159  2.51327  -0.109368  -0.137445
7.22566  3.14159  2.51327  -0.0511027  -0.108212
14.7655  3.14159  2.51327  -0.0151404  -0.0630867
-16.6504  3.14159  3.14159  -0.0132729  0.0561985
-7.22566  3.14159  3.14159  -0.0542944  0.103997
-5.34071  3.14159  3.14159  -0.0819802  0.118899
-4.08407  3.14159  3.14159  -0.111327  0.126527
-2.82743  3.14159  3.14159  -0.153637  0.125293
-2.19911  3.14159  3.14159  -0.180032  0.117028
-1.5708  3.14159  3.14159  -0.208464  0.0998939
-0.942478  3.14159  3.14159  -0.235237  0.0706967
-0.314159  3.14159  3.14159  -0.253502  0.0278345
0.314159  3.14159  3.14159  -0.253502  -0.0278358
0.942478  3.14159  3.14159  -0.235236  -0.0706977
1.5708  3.14159  3.14159  -0.208463  -0.0998945
2.19911  3.14159  3.14159  -0.180031  -0.117028
2.82743  3.14159  3.14159  -0.153636  -0.125293
4.08407  3.14159  3.14159  -0.111326  -0.126527
7.22566  3.14159  3.14159  -0.0542942  -0.103997
14.7655  3.14159  3.14159  -0.0165382  -0.0623322
-16.6504  3.14159  3.76991  -0.0121222  0.0567436
-7.22566  3.14159  3.76991  -0.051103  0.108212
-5.34071  3.14159  3.76991  -0.078769  0.126303
-4.08407  3.14159  3.76991  -0.109369  0.137445
-2.82743  3.14159  3.76991  -0.155968  0.140709
-2.19911  3.14159  3.76991  -0.186653  0.134288
-1.5708  3.14159  3.76991  -0.221238  0.117418
-0.942478  3.14159  3.76991  -0.255422  0.0850659
-0.314159  3.14159  3.76991  -0.279512  0.0348189
0.314159  3.14159  3.76991  -0.279512  -0.0348205
0.942478  3.14159  3.76991  -0.255421  -0.0850671
1.5708  3.14159  3.76991  -0.221237  -0.117419
2.19911  3.14159  3.76991  -0.186652  -0.134289
2.82743  3.14159  3.76991  -0.155968  -0.140709
4.08407  3.14159  3.76991  -0.109368  -0.137445
7.22566  3.14159  3.76991  -0.0511027  -0.108212
14.7655  3.14159  3.76991  -0.0151404  -0.0630867
-16.6504  3.14159  4.39823  -0.00895843  0.0579485
-7.22566  3.14159  4.39823  -0.0405022  0.118511
-5.34071  3.14159  4.39823  -0.0657741  0.145757
-4.08407  3.14159  4.39823  -0.0970396  0.168611
-2.82743  3.14159  4.39823  -0.152881  0.190947
-2.19911  3.14159  4.39823  -0.196493  0.196023
-1.5708  3.14159  4.39823  -0.254153  0.187618
-0.942478  3.14159  4.39823  -0.322899  0.150578
-0.314159  3.14159  4.39823  -0.382001  0.0658966
0.314159  3.14159  4.39823  -0.382  -0.0658992
0.942478  3.14159  4.39823  -0.322897  -0.15058
1.5708  3.14159  4.39823  -0.254151  -0.187618
2.19911  3.14159  4.39823  -0.196491  -0.196023
2.82743  3.14159  4.39823  -0.15288  -0.190947
4.08407  3.14159  4.39823  -0.097039  -0.168611
7.22566  3.14159  4.39823  -0.040502  -0.11851
14.7655  3.14159  4.39823  -0.0112483  -0.0647671
-16.6504  3.14159  5.02655  -0.00481012  0.0589411
-7.22566  3.14159  5.02655  -0.0231284  0.12819
-5.34071  3.14159  5.02655  -0.0395469  0.166037
-4.08407  3.14159  5.02655  -0.0623953  0.205513
-2.82743  3.14159  5.02655  -0.112087  0.265839
-2.19911  3.14159  5.02655  -0.161701  0.306978
-1.5708  3.14159  5.02655  -0.249639  0.352176
-0.942478  3.14159  5.02655  -0.413778  0.372067
-0.314159  3.14159  5.02655  -0.66802  0.233397
0.314159  3.14159  5.02655  -0.668015  -0.233404
0.942478  3.14159  5.02655  -0.413773  -0.372068
1.5708  3.14159  5.02655  -0.249636  -0.352175
2.19911  3.14159  5.02655  -0.1617  -0.306977
2.82743  3.14159  5.02655  -0.112086  -0.265838
4.08407  3.14159  5.02655  -0.062395  -0.205512
7.22566  3.14159  5.02655  -0.0231283  -0.12819
14.7655  3.14159  5.02655  -0.00606615  -0.0661649
-16.6504  3.14159  5.65487  -0.00133774  0.0593037
-7.22566  3.14159  5.65487  -0.00658547  0.132043
-5.34071  3.14159  5.65487  -0.0115015  0.174716
-4.08407  3.14159  5.65487  -0.0186964  0.222899
-2.82743  3.14159  5.65487  -0.0359178  0.308777
-2.19911  3.14159  5.65487  -0.0556324  0.38352
-1.5708  3.14159  5.65487  -0.0986757  0.507654
-0.942478  3.14159  5.65487  -0.226257  0.751638
-0.314159  3.14159  5.65487  -0.969025  1.30738
0.314159  3.14159  5.65487  -0.968987  -1.30737
0.942478  3.14159  5.65487  -0.226252  -0.751631
1.5708  3.14159  5.65487  -0.0986744  -0.50765
2.19911  3.14159  5.65487  -0.0556319  -0.383518
2.82743  3.14159  5.65487  -0.0359175  -0.308776
4.08407  3.14159  5.65487  -0.0186963  -0.222898
7.22566  3.14159  5.65487  -0.00658543  -0.132043
14.7655  3.14159  5.65487  -0.00168978  -0.0666787
-16.6504  3.14159  6.28319  -9.0813e-09  0.059334
-7.22566  3.14159  6.28319  -6.63988e-08  0.132375
-5.34071  3.14159  6.28319  -6.0143e-11  0.175481
-4.08407  3.14159  6.28319  -9.87313e-08  0.224475
-2.82743  3.14159  6.28319  -2.92509e-07  0.312924
-2.19911  3.14159  6.28319  -4.6019e-07  0.391449
-1.5708  3.14159  6.28319  -8.56511e-07  0.526284
-0.942478  3.14159  6.28319  -2.17393e-06  0.81687
-0.314159  3.14159  6.28319  -1.33814e-05  1.90196
0.314159  3.14159  6.28319  -1.30828e-05  -1.90191
0.942478  3.14159  6.28319  -2.1734e-06  -0.816861
1.5708  3.14159  6.28319  -8.6034e-07  -0.52628
2.19911  3.14159  6.28319  -4.54846e-07  -0.391447
2.82743  3.14159  6.28319  -2.74507e-07  -0.312922
4.08407  3.14159  6.28319  -1.3047e-07  -0.224474
7.22566  3.14159  6.28319  -5.0013e-08  -0.132375
14.7655  3.14159  6.28319  -9.73133e-09  -0.0667218
-16.6504  3.76991  0  0.00133772  0.0593037
-7.22566  3.76991  0  0.00658534  0.132043
-5.34071  3.76991  0  0.0115015  0.174716
-4.08407  3.76991  0  0.0186962  0.222899
-2.82743  3.76991  0  0.0359172  0.308777
-2.19911  3.76991  0  0.0556315  0.38352
-1.5708  3.76991  0  0.0986741  0.507654
-0.942478  3.76991  0  0.226253  0.75164
-0.314159  3.76991  0  0.969017  1.30739
0.314159  3.76991  0  0.968984  -1.30738
0.942478  3.76991  0  0.226249  -0.751634
1.5708  3.76991  0  0.0986729  -0.507651
2.19911  3.76991  0  0.055631  -0.383519
2.82743  3.76991  0  0.035917  -0.308776
4.08407  3.76991  0  0.0186961  -0.222898
7.22566  3.76991  0  0.00658533  -0.132043
14.7655  3.76991  0  0.00168976  -0.0666787
-16.6504  3.76991  0.628319  -9.07877e-09  0.0593338
-7.22566  3.76991  0.628319  -6.6899e-08  0.132369
-5.34071  3.76991  0.628319  -1.09632e-09  0.175468
-4.08407  3.76991  0.628319  -9.88612e-08  0.224465
-2.82743  3.76991  0.628319  -2.93301e-07  0.313009
-2.19911  3.76991  0.628319  -4.62638e-07  0.391798
-1.5708  3.76991  0.628319  -8.64391e-07  0.527695
-0.942478  3.76991  0.628319  -2.21586e-06  0.824436
-0.314159  3.76991  0.628319  -1.46555e-05  2.01527
0.314159  3.76991  0.628319  -1.44165e-05  -2.01522
0.942478  3.76991  0.628319  -2.22559e-06  -0.824427
1.5708  3.76991  0.628319  -8.71934e-07  -0.527692
2.19911  3.76991  0.628319  -4.60264e-07  -0.391796
2.82743  3.76991  0.628319  -2.78935e-07  -0.313008
4.08407  3.76991  0.628319  -1.30382e-07  -0.224464
7.22566  3.76991  0.628319  -4.99893e-08  -0.132369
14.7655  3.76991  0.628319  -9.76495e-09  -0.0667214
-16.6504  3.76991  1.25664  -0.0034916  0.0591274
-7.22566  3.76991  1.25664  -0.0169906  0.130144
-5.34071  3.76991  1.25664  -0.0293671  0.170394
-4.08407  3.76991  1.25664  -0.0470441  0.214127
-2.82743  3.76991  1.25664  -0.0874194  0.286474
-2.19911  3.76991  1.25664  -0.130589  0.342487
-1.5708  3.76991  1.25664  -0.215005  0.419009
-0.942478  3.76991  1.25664  -0.405862  0.505001
-0.314159  3.76991  1.25664  -0.840374  0.405449
0.314159  3.76991  1.25664  -0.840363  -0.405458
0.942478  3.76991  1.25664  -0.405856  -0.505
1.5708  3.76991  1.25664  -0.215002  -0.419008
2.19911  3.76991  1.25664  -0.130587  -0.342486
2.82743  3.76991  1.25664  -0.0874187  -0.286472
4.08407  3.76991  1.25664  -0.0470438  -0.214126
7.22566  3.76991  1.25664  -0.0169905  -0.130143
14.7655  3.76991  1.25664  -0.00440695  -0.0664286
-16.6504  3.76991  1.88496  -0.00770003  0.0583167
-7.22566  3.76991  1.88496  -0.0356001  0.121962
-5.34071  3.76991  1.88496  -0.0588713  0.152752
-4.08407  3.76991  1.88496  -0.0888591  0.180789
-2.82743  3.76991  1.88496  -0.145986  0.213543
-2.19911  3.76991  1.88496  -0.194108  0.22684
-1.5708  3.76991  1.88496  -0.26308  0.227604
-0.942478  3.76991  1.88496  -0.354516  0.193951
-0.314159  3.76991  1.88496  -0.441732  0.0922078
0.314159  3.76991  1.88496  -0.441731  -0.0922111
0.942478  3.76991  1.88496  -0.354513  -0.193952
1.5708  3.76991  1.88496  -0.263078  -0.227604
2.19911  3.76991  1.88496  -0.194106  -0.22684
2.82743  3.76991  1.88496  -0.145985  -0.213543
4.08407  3.76991  1.88496  -0.0888586  -0.180789
7.22566  3.76991  1.88496  -0.0355999  -0.121962
14.7655  3.76991  1.88496  -0.00968386  -0.0652842
-16.6504  3.76991  2.51327  -0.010938  0.0572433
-7.22566  3.76991  2.51327  -0.0474394  0.112309
-5.34071  3.76991  2.51327  -0.0746331  0.133801
-4.08407  3.76991  2.51327  -0.106037  0.149013
-2.82743  3.76991  2.51327  -0.156751  0.1582
-2.19911  3.76991  2.51327  -0.192214  0.154786
-1.5708  3.76991  2.51327  -0.234342  0.139372
-0.942478  3.76991  2.51327  -0.278472  0.104242
-0.314159  3.76991  2.51327  -0.311724  0.0428899
0.314159  3.76991  2.51327  -0.311723  -0.0428918
0.942478  3.76991  2.51327  -0.278471  -0.104243
1.5708  3.76991  2.51327  -0.234341  -0.139373
2.19911  3.76991  2.51327  -0.192213  -0.154786
2.82743  3.76991  2.51327  -0.15675  -0.1582
4.08407  3.76991  2.51327  -0.106037  -0.149013
7.22566  3.76991  2.51327  -0.0474392  -0.112309
14.7655  3.76991  2.51327  -0.0136913  -0.0637814
-16.6504  3.76991  3.14159  -0.0121222  0.0567436
-7.22566  3.76991  3.14159  -0.051103  0.108212
-5.34071  3.76991  3.14159  -0.078769  0.126303
-4.08407  3.76991  3.14159  -0.109369  0.137445
-2.82743  3.76991  3.14159  -0.155968  0.140709
-2.19911  3.76991  3.14159  -0.186653  0.134288
-1.5708  3.76991  3.14159  -0.221238  0.117418
-0.942478  3.76991  3.14159  -0.255422  0.0850659
-0.314159  3.76991  3.14159  -0.279512  0.0348189
0.314159  3.76991  3.14159  -0.279512  -0.0348205
0.942478  3.76991  3.14159  -0.255421  -0.0850671
1.5708  3.76991  3.14159  -0.221237  -0.117419
2.19911  3.76991  3.14159  -0.186652  -0.134289
2.82743  3.76991  3.14159  -0.155968  -0.140709
4.08407  3.76991  3.14159  -0.109368  -0.137445
7.22566  3.76991  3.14159  -0.0511027  -0.108212
14.7655  3.76991  3.14159  -0.0151404  -0.0630867
-16.6504  3.76991  3.76991  -0.010938  0.0572433
-7.22566  3.76991  3.76991  -0.0474394  0.112309
-5.34071  3.76991  3.76991  -0.0746331  0.133801
-4.08407  3.76991  3.76991  -0.106037  0.149013
-2.82743  3.76991  3.76991  -0.156751  0.1582
-2.19911  3.76991  3.76991  -0.192214  0.154786
-1.5708  3.76991  3.76991  -0.234342  0.139372
-0.942478  3.76991  3.76991  -0.278472  0.104242
-0.314159  3.76991  3.76991  -0.311724  0.0428899
0.314159  3.76991  3.76991  -0.311723  -0.0428918
0.942478  3.76991  3.76991  -0.278471  -0.104243
1.5708  3.76991  3.76991  -0.234341  -0.139373
2.19911  3.76991  3.76991  -0.192213  -0.154786
2.82743  3.76991  3.76991  -0.15675  -0.1582
4.08407  3.76991  3.76991  -0.106037  -0.149013
7.22566  3.76991  3.76991  -0.0474392  -0.112309
14.7655  3.76991  3.76991  -0.0136913  -0.0637814
-16.6504  3.76991  4.39823  -0.00770003  0.0583167
-7.22566  3.76991  4.39823  -0.0356001  0.121962
-5.34071  3.76991  4.39823  -0.0588713  0.152752
-4.08407  3.76991  4.39823  -0.0888591  0.180789
-2.82743  3.76991  4.39823  -0.145986  0.213543
-2.19911  3.76991  4.39823  -0.194108  0.22684
-1.5708  3.76991  4.39823  -0.26308  0.227604
-0.942478  3.76991  4.39823  -0.354516  0.193951
-0.314159  3.76991  4.39823  -0.441732  0.0922078
0.314159  3.76991  4.39823  -0.441731  -0.0922111
0.942478  3.76991  4.39823  -0.354513  -0.193952
1.5708  3.76991  4.39823  -0.263078  -0.227604
2.19911  3.76991  4.39823  -0.194106  -0.22684
2.82743  3.76991  4.39823  -0.145985  -0.213543
4.08407  3.76991  4.39823  -0.0888586  -0.180789
7.22566  3.76991  4.39823  -0.0355999  -0.121962
14.7655  3.76991  4.39823  -0.00968386  -0.0652842
-16.6504  3.76991  5.02655  -0.0034916  0.0591274
-7.22566  3.76991  5.02655  -0.0169906  0.130144
-5.34071  3.76991  5.02655  -0.0293671  0.170394
-4.08407  3.76991  5.02655  -0.0470441  0.214127
-2.82743  3.76991  5.02655  -0.0874194  0.286474
-2.19911  3.76991  5.02655  -0.130589  0.342487
-1.5708  3.76991  5.02655  -0.215005  0.419009
-0.942478  3.76991  5.02655  -0.405862  0.505001
-0.314159  3.76991  5.02655  -0.840374  0.405449
0.314159  3.76991  5.02655  -0.840363  -0.405458
0.942478  3.76991  5.02655  -0.405856  -0.505
1.5708  3.76991  5.02655  -0.215002  -0.419008
2.19911  3.76991  5.02655  -0.130587  -0.342486
2.82743  3.76991  5.02655  -0.0874187  -0.286472
4.08407  3.76991  5.02655  -0.0470438  -0.214126
7.22566  3.76991  5.02655  -0.0169905  -0.130143
14.7655  3.76991  5.02655  -0.00440695  -0.0664286
-16.6504  3.76991  5.65487  -9.07877e-09  0.0593338
-7.22566  3.76991  5.65487  -6.6899e-08  0.132369
-5.34071  3.76991  5.65487  -1.09632e-09  0.175468
-4.08407  3.76991  5.65487  -9.88612e-08  0.224465
-2.82743  3.76991  5.65487  -2.93301e-07  0.313009
-2.19911  3.76991  5.65487  -4.62638e-07  0.391798
-1.5708  3.76991  5.65487  -8.64391e-07  0.527695
-0.942478  3.76991  5.65487  -2.21586e-06  0.824436
-0.314159  3.76991  5.65487  -1.46555e-05  2.01527
0.314159  3.76991  5.65487  -1.44165e-05  -2.01522
0.942478  3.76991  5.65487  -2.22559e-06  -0.824427
1.5708  3.76991  5.65487  -8.71934e-07  -0.527692
2.19911  3.76991  5.65487  -4.60264e-07  -0.391796
2.82743  3.76991  5.65487  -2.78935e-07  -0.313008
4.08407  3.76991  5.65487  -1.30382e-07  -0.224464
7.22566  3.76991  5.65487  -4.99893e-08  -0.132369
14.7655  3.76991  5.65487  -9.76495e-09  -0.0667214
-16.6504  3.76991  6.28319  0.00133772  0.0593037
-7.22566  3.76991  6.28319  0.00658534  0.132043
-5.34071  3.76991  6.28319  0.0115015  0.174716
-4.08407  3.76991  6.28319  0.0186962  0.222899
-2.82743  3.76991  6.28319  0.0359172  0.308777
-2.19911  3.76991  6.28319  0.0556315  0.38352
-1.5708  3.76991  6.28319  0.0986741  0.507654
-0.942478  3.76991  6.28319  0.226253  0.75164
-0.314159  3.76991  6.28319  0.969017  1.30739
0.314159  3.76991  6.28319  0.968984  -1.30738
0.942478  3.76991  6.28319  0.226249  -0.751634
1.5708  3.76991  6.28319  0.0986729  -0.507651
2.19911  3.76991  6.28319  0.055631  -0.383519
2.82743  3.76991  6.28319  0.035917  -0.308776
4.08407  3.76991  6.28319  0.0186961  -0.222898
7.22566  3.76991  6.28319  0.00658533  -0.132043
14.7655  3.76991  6.28319  0.00168976  -0.0666787
-16.6504  4.39823  0  0.0048101  0.0589411
-7.22566  4.39823  0  0.0231283  0.12819
-5.34071  4.39823  0  0.0395468  0.166037
-4.08407  4.39823  0  0.0623951  0.205513
-2.82743  4.39823  0  0.112086  0.26584
-2.19911  4.39823  0  0.161701  0.306979
-1.5708  4.39823  0  0.249638  0.352176
-0.942478  4.39823  0  0.413777  0.37207
-0.314159  4.39823  0  0.668022  0.233401
0.314159  4.39823  0  0.668019  -0.233405
0.942478  4.39823  0  0.413774  -0.37207
1.5708  4.39823  0  0.249637  -0.352176
2.19911  4.39823  0  0.1617  -0.306978
2.82743  4.39823  0  0.112085  -0.265839
4.08407  4.39823  0  0.0623949  -0.205512
7.22566  4.39823  0  0.0231282  -0.12819
14.7655  4.39823  0  0.00606613  -0.066165
-16.6504  4.39823  0.628319  0.00349158  0.0591274
-7.22566  4.39823  0.628319  0.0169904  0.130144
-5.34071  4.39823  0.628319  0.0293671  0.170394
-4.08407  4.39823  0.628319  0.0470439  0.214127
-2.82743  4.39823  0.628319  0.0874189  0.286474
-2.19911  4.39823  0.628319  0.130588  0.342488
-1.5708  4.39823  0.628319  0.215004  0.41901
-0.942478  4.39823  0.628319  0.40586  0.505004
-0.314159  4.39823  0.628319  0.840376  0.405455
0.314159  4.39823  0.628319  0.840369  -0.405462
0.942478  4.39823  0.628319  0.405856  -0.505003
1.5708  4.39823  0.628319  0.215002  -0.419009
2.19911  4.39823  0.628319  0.130587  -0.342487
2.82743  4.39823  0.628319  0.0874184  -0.286473
4.08407  4.39823  0.628319  0.0470437  -0.214126
7.22566  4.39823  0.628319  0.0169904  -0.130143
14.7655  4.39823  0.628319  0.00440693  -0.0664287
-16.6504  4.39823  1.25664  -9.06731e-09  0.0593335
-7.22566  4.39823  1.25664  -6.78466e-08  0.132359
-5.34071  4.39823  1.25664  -2.83916e-09  0.175453
-4.08407  4.39823  1.25664  -9.82061e-08  0.224473
-2.82743  4.39823  1.25664  -2.92339e-07  0.313261
-2.19911  4.39823  1.25664  -4.61736e-07  0.392596
-1.5708  4.39823  1.25664  -8.63912e-07  0.530273
-0.942478  4.39823  1.25664  -2.23018e-06  0.834004
-0.314159  4.39823  1.25664  -1.51554e-05  2.06851
0.314159  4.39823  1.25664  -1.50995e-05  -2.06845
0.942478  4.39823  1.25664  -2.28055e-06  -0.833995
1.5708  4.39823  1.25664  -8.87196e-07  -0.53027
2.19911  4.39823  1.25664  -4.6811e-07  -0.392594
2.82743  4.39823  1.25664  -2.86325e-07  -0.31326
4.08407  4.39823  1.25664  -1.31146e-07  -0.224473
7.22566  4.39823  1.25664  -5.00436e-08  -0.132359
14.7655  4.39823  1.25664  -9.7936e-09  -0.0667208
-16.6504  4.39823  1.88496  -0.00430777  0.059019
-7.22566  4.39823  1.88496  -0.0208146  0.128997
-5.34071  4.39823  1.88496  -0.035754  0.16783
-4.08407  4.39823  1.88496  -0.0567869  0.209046
-2.82743  4.39823  1.88496  -0.103557  0.274208
-2.19911  4.39823  1.88496  -0.151695  0.321113
-1.5708  4.39823  1.88496  -0.240535  0.377583
-0.942478  4.39823  1.88496  -0.418108  0.417412
-0.314159  4.39823  1.88496  -0.728179  0.279914
0.314159  4.39823  1.88496  -0.728173  -0.279921
0.942478  4.39823  1.88496  -0.418102  -0.417412
1.5708  4.39823  1.88496  -0.240532  -0.377582
2.19911  4.39823  1.88496  -0.151694  -0.321112
2.82743  4.39823  1.88496  -0.103556  -0.274208
4.08407  4.39823  1.88496  -0.0567866  -0.209046
7.22566  4.39823  1.88496  -0.0208145  -0.128997
14.7655  4.39823  1.88496  -0.00543442  -0.066275
-16.6504  4.39823  2.51327  -0.00770003  0.0583167
-7.22566  4.39823  2.51327  -0.0356001  0.121962
-5.34071  4.39823  2.51327  -0.0588713  0.152752
-4.08407  4.39823  2.51327  -0.0888591  0.180789
-2.82743  4.39823  2.51327  -0.145986  0.213543
-2.19911  4.39823  2.51327  -0.194108  0.22684
-1.5708  4.39823  2.51327  -0.26308  0.227604
-0.942478  4.39823  2.51327  -0.354516  0.193951
-0.314159  4.39823  2.51327  -0.441732  0.0922078
0.314159  4.39823  2.51327  -0.441731  -0.0922111
0.942478  4.39823  2.51327  -0.354513  -0.193952
1.5708  4.39823  2.51327  -0.263078  -0.227604
2.19911  4.39823  2.51327  -0.194106  -0.22684
2.82743  4.39823  2.51327  -0.145985  -0.213543
4.08407  4.39823  2.51327  -0.0888586  -0.180789
7.22566  4.39823  2.51327  -0.0355999  -0.121962
14.7655  4.39823  2.51327  -0.00968386  -0.0652842
-16.6504  4.39823  3.14159  -0.00895843  0.0579485
-7.22566  4.39823  3.14159  -0.0405022  0.118511
-5.34071  4.39823  3.14159  -0.0657741  0.145757
-4.08407  4.39823  3.14159  -0.0970396  0.168611
-2.82743  4.39823  3.14159  -0.152881  0.190947
-2.19911  4.39823  3.14159  -0.196493  0.196023
-1.5708  4.39823  3.14159  -0.254153  0.187618
-0.942478  4.39823  3.14159  -0.322899  0.150578
-0.314159  4.39823  3.14159  -0.382001  0.0658966
0.314159  4.39823  3.14159  -0.382  -0.0658992
0.942478  4.39823  3.14159  -0.322897  -0.15058
1.5708  4.39823  3.14159  -0.254151  -0.187618
2.19911  4.39823  3.14159  -0.196491  -0.196023
2.82743  4.39823  3.14159  -0.15288  -0.190947
4.08407  4.39823  3.14159  -0.097039  -0.168611
7.22566  4.39823  3.14159  -0.040502  -0.11851
14.7655  4.39823  3.14159  -0.0112483  -0.0647671
-16.6504  4.39823  3.76991  -0.00770003  0.0583167
-7.22566  4.39823  3.76991  -0.0356001  0.121962
-5.34071  4.39823  3.76991  -0.0588713  0.152752
-4.08407  4.39823  3.76991  -0.0888591  0.180789
-2.82743  4.39823  3.76991  -0.145986  0.213543
-2.19911  4.39823  3.76991  -0.194108  0.22684
-1.5708  4.39823  3.76991  -0.26308  0.227604
-0.942478  4.39823  3.76991  -0.354516  0.193951
-0.314159  4.39823  3.76991  -0.441732  0.0922078
0.314159  4.39823  3.76991  -0.441731  -0.0922111
0.942478  4.39823  3.76991  -0.354513  -0.193952
1.5708  4.39823  3.76991  -0.263078  -0.227604
2.19911  4.39823  3.76991  -0.194106  -0.22684
2.82743  4.39823  3.76991  -0.145985  -0.213543
4.08407  4.39823  3.76991  -0.0888586  -0.180789
7.22566  4.39823  3.76991  -0.0355999  -0.121962
14.7655  4.39823  3.76991  -0.00968386  -0.0652842
-16.6504  4.39823  4.39823  -0.00430777  0.059019
-7.22566  4.39823  4.39823  -0.0208146  0.128997
-5.34071  4.39823  4.39823  -0.035754  0.16783
-4.08407  4.39823  4.39823  -0.0567869  0.209046
-2.82743  4.39823  4.39823  -0.103557  0.274208
-2.19911  4.39823  4.39823  -0.151695  0.321113
-1.5708  4.39823  4.39823  -0.240535  0.377583
-0.942478  4.39823  4.39823  -0.418108  0.417412
-0.314159  4.39823  4.39823  -0.728179  0.279914
0.314159  4.39823  4.39823  -0.728173  -0.279921
0.942478  4.39823  4.39823  -0.418102  -0.417412
1.5708  4.39823  4.39823  -0.240532  -0.377582
2.19911  4.39823  4.39823  -0.151694  -0.321112
2.82743  4.39823  4.39823  -0.103556  -0.274208
4.08407  4.39823  4.39823  -0.0567866  -0.209046
7.22566  4.39823  4.39823  -0.0208145  -0.128997
14.7655  4.39823  4.39823  -0.00543442  -0.066275
-16.6504  4.39823  5.02655  -9.06731e-09  0.0593335
-7.22566  4.39823  5.02655  -6.78466e-08  0.132359
-5.34071  4.39823  5.02655  -2.83916e-09  0.175453
-4.08407  4.39823  5.02655  -9.82061e-08  0.224473
-2.82743  4.39823  5.02655  -2.92339e-07  0.313261
-2.19911  4.39823  5.02655  -4.61736e-07  0.392596
-1.5708  4.39823  5.02655  -8.63912e-07  0.530273
-0.942478  4.39823  5.02655  -2.23018e-06  0.834004
-0.314159  4.39823  5.02655  -1.51554e-05  2.06851
0.314159  4.39823  5.02655  -1.50995e-05  -2.06845
0.942478  4.39823  5.02655  -2.28055e-06  -0.833995
1.5708  4.39823  5.02655  -8.87196e-07  -0.53027
2.19911  4.39823  5.02655  -4.6811e-07  -0.392594
2.82743  4.39823  5.02655  -2.86325e-07  -0.31326
4.08407  4.39823  5.02655  -1.31146e-07  -0.224473
7.22566  4.39823  5.02655  -5.00436e-08  -0.132359
14.7655  4.39823  5.02655  -9.7936e-09  -0.0667208
-16.6504  4.39823  5.65487  0.00349158  0.0591274
-7.22566  4.39823  5.65487  0.0169904  0.130144
-5.34071  4.39823  5.65487  0.0293671  0.170394
-4.08407  4.39823  5.65487  0.0470439  0.214127
-2.82743  4.39823  5.65487  0.0874189  0.286474
-2.19911  4.39823  5.65487  0.130588  0.342488
-1.5708  4.39823  5.65487  0.215004  0.41901
-0.942478  4.39823  5.65487  0.40586  0.505004
-0.314159  4.39823  5.65487  0.840376  0.405455
0.314159  4.39823  5.65487  0.840369  -0.405462
0.942478  4.39823  5.65487  0.405856  -0.505003
1.5708  4.39823  5.65487  0.215002  -0.419009
2.19911  4.39823  5.65487  0.130587  -0.342487
2.82743  4.39823  5.65487  0.0874184  -0.286473
4.08407  4.39823  5.65487  0.0470437  -0.214126
7.22566  4.39823  5.65487  0.0169904  -0.130143
14.7655  4.39823  5.65487  0.00440693  -0.0664287
-16.6504  4.39823  6.28319  0.0048101  0.0589411
-7.22566  4.39823  6.28319  0.0231283  0.12819
-5.34071  4.39823  6.28319  0.0395468  0.166037
-4.08407  4.39823  6.28319  0.0623951  0.205513
-2.82743  4.39823  6.28319  0.112086  0.26584
-2.19911  4.39823  6.28319  0.161701  0.306979
-1.5708  4.39823  6.28319  0.249638  0.352176
-0.942478  4.39823  6.28319  0.413777  0.37207
-0.314159  4.39823  6.28319  0.668022  0.233401
0.314159  4.39823  6.28319  0.668019  -0.233405
0.942478  4.39823  6.28319  0.413774  -0.37207
1.5708  4.39823  6.28319  0.249637  -0.352176
2.19911  4.39823  6.28319  0.1617  -0.306978
2.82743  4.39823  6.28319  0.112085  -0.265839
4.08407  4.39823  6.28319  0.0623949  -0.205512
7.22566  4.39823  6.28319  0.0231282  -0.12819
14.7655  4.39823  6.28319  0.00606613  -0.066165
-16.6504  5.02655  0  0.0089584  0.0579485
-7.22566  5.02655  0  0.0405021  0.118511
-5.34071  5.02655  0  0.065774  0.145757
-4.08407  5.02655  0  0.0970394  0.168611
-2.82743  5.02655  0  0.15288  0.190948
-2.19911  5.02655  0  0.196492  0.196024
-1.5708  5.02655  0  0.254153  0.187619
-0.942478  5.02655  0  0.322899  0.150579
-0.314159  5.02655  0  0.382002  0.0658976
0.314159  5.02655  0  0.382002  -0.0658988
0.942478  5.02655  0  0.322898  -0.15058
1.5708  5.02655  0  0.254152  -0.187619
2.19911  5.02655  0  0.196492  -0.196024
2.82743  5.02655  0  0.15288  -0.190948
4.08407  5.02655  0  0.0970391  -0.168611
7.22566  5.02655  0  0.040502  -0.118511
14.7655  5.02655  0  0.0112483  -0.0647671
-16.6504  5.02655  0.628319  0.0077  0.0583167
-7.22566  5.02655  0.628319  0.0356  0.121962
-5.34071  5.02655  0.628319  0.0588712  0.152752
-4.08407  5.02655  0.628319  0.0888589  0.180789
-2.82743  5.02655  0.628319  0.145986  0.213544
-2.19911  5.02655  0.628319  0.194107  0.226841
-1.5708  5.02655  0.628319  0.263079  0.227605
-0.942478  5.02655  0.628319  0.354516  0.193952
-0.314159  5.02655  0.628319  0.441733  0.0922092
0.314159  5.02655  0.628319  0.441733  -0.0922109
0.942478  5.02655  0.628319  0.354515  -0.193953
1.5708  5.02655  0.628319  0.263078  -0.227605
2.19911  5.02655  0.628319  0.194107  -0.226841
2.82743  5.02655  0.628319  0.145985  -0.213543
4.08407  5.02655  0.628319  0.0888586  -0.180789
7.22566  5.02655  0.628319  0.0355999  -0.121962
14.7655  5.02655  0.628319  0.00968385  -0.0652842
-16.6504  5.02655  1.25664  0.00430775  0.059019
-7.22566  5.02655  1.25664  0.0208145  0.128997
-5.34071  5.02655  1.25664  0.0357539  0.16783
-4.08407  5.02655  1.25664  0.0567867  0.209046
-2.82743  5.02655  1.25664  0.103557  0.274209
-2.19911  5.02655  1.25664  0.151694  0.321114
-1.5708  5.02655  1.25664  0.240534  0.377584
-0.942478  5.02655  1.25664  0.418107  0.417414
-0.314159  5.02655  1.25664  0.728181  0.279918
0.314159  5.02655  1.25664  0.728177  -0.279923
0.942478  5.02655  1.25664  0.418103  -0.417414
1.5708  5.02655  1.25664  0.240532  -0.377583
2.19911  5.02655  1.25664  0.151693  -0.321113
2.82743  5.02655  1.25664  0.103556  -0.274208
4.08407  5.02655  1.25664  0.0567865  -0.209046
7.22566  5.02655  1.25664  0.0208144  -0.128997
14.7655  5.02655  1.25664  0.0054344  -0.0662751
-16.6504  5.02655  1.88496  -9.06731e-09  0.0593335
-7.22566  5.02655  1.88496  -6.78466e-08  0.132359
-5.34071  5.02655  1.88496  -2.83916e-09  0.175453
-4.08407  5.02655  1.88496  -9.82061e-08  0.224473
-2.82743  5.02655  1.88496  -2.92339e-07  0.313261
-2.19911  5.02655  1.88496  -4.61736e-07  0.392596
-1.5708  5.02655  1.88496  -8.63912e-07  0.530273
-0.942478  5.02655  1.88496  -2.23018e-06  0.834004
-0.314159  5.02655  1.88496  -1.51554e-05  2.06851
0.314159  5.02655  1.88496  -1.50995e-05  -2.06845
0.942478  5.02655  1.88496  -2.28055e-06  -0.833995
1.5708  5.02655  1.88496  -8.87196e-07  -0.53027
2.19911  5.02655  1.88496  -4.6811e-07  -0.392594
2.82743  5.02655  1.88496  -2.86325e-07  -0.31326
4.08407  5.02655  1.88496  -1.31146e-07  -0.224473
7.22566  5.02655  1.88496  -5.00436e-08  -0.132359
14.7655  5.02655  1.88496  -9.7936e-09  -0.0667208
-16.6504  5.02655  2.51327  -0.0034916  0.0591274
-7.22566  5.02655  2.51327  -0.0169906  0.130144
-5.34071  5.02655  2.51327  -0.0293671  0.170394
-4.08407  5.02655  2.51327  -0.0470441  0.214127
-2.82743  5.02655  2.51327  -0.0874194  0.286474
-2.19911  5.02655  2.51327  -0.130589  0.342487
-1.5708  5.02655  2.51327  -0.215005  0.419009
-0.942478  5.02655  2.51327  -0.405862  0.505001
-0.314159  5.02655  2.51327  -0.840374  0.405449
0.314159  5.02655  2.51327  -0.840363  -0.405458
0.942478  5.02655  2.51327  -0.405856  -0.505
1.5708  5.02655  2.51327  -0.215002  -0.419008
2.19911  5.02655  2.51327  -0.130587  -0.342486
2.82743  5.02655  2.51327  -0.0874187  -0.286472
4.08407  5.02655  2.51327  -0.0470438  -0.214126
7.22566  5.02655  2.51327  -0.0169905  -0.130143
14.7655  5.02655  2.51327  -0.00440695  -0.0664286
-16.6504  5.02655  3.14159  -0.00481012  0.0589411
-7.22566  5.02655  3.14159  -0.0231284  0.12819
-5.34071  5.02655  3.14159  -0.0395469  0.166037
-4.08407  5.02655  3.14159  -0.0623953  0.205513
-2.82743  5.02655  3.14159  -0.112087  0.265839
-2.19911  5.02655  3.14159  -0.161701  0.306978
-1.5708  5.02655  3.14159  -0.249639  0.352176
-0.942478  5.02655  3.14159  -0.413778  0.372067
-0.314159  5.02655  3.14159  -0.66802  0.233397
0.314159  5.02655  3.14159  -0.668015  -0.233404
0.942478  5.02655  3.14159  -0.413773  -0.372068
1.5708  5.02655  3.14159  -0.249636  -0.352175
2.19911  5.02655  3.14159  -0.1617  -0.306977
2.82743  5.02655  3.14159  -0.112086  -0.265838
4.08407  5.02655  3.14159  -0.062395  -0.205512
7.22566  5.02655  3.14159  -0.0231283  -0.12819
14.7655  5.02655  3.14159  -0.00606615  -0.0661649
-16.6504  5.02655  3.76991  -0.0034916  0.0591274
-7.22566  5.02655  3.76991  -0.0169906  0.130144
-5.34071  5.02655  3.76991  -0.0293671  0.170394
-4.08407  5.02655  3.76991  -0.0470441  0.214127
-2.82743  5.02655  3.76991  -0.0874194  0.286474
-2.19911  5.02655  3.76991  -0.130589  0.342487
-1.5708  5.02655  3.76991  -0.215005  0.419009
-0.942478  5.02655  3.76991  -0.405862  0.505001
-0.314159  5.02655  3.76991  -0.840374  0.405449
0.314159  5.02655  3.76991  -0.840363  -0.405458
0.942478  5.02655  3.76991  -0.405856  -0.505
1.5708  5.02655  3.76991  -0.215002  -0.419008
2.19911  5.02655  3.76991  -0.130587  -0.342486
2.82743  5.02655  3.76991  -0.0874187  -0.286472
4.08407  5.02655  3.76991  -0.0470438  -0.214126
7.22566  5.02655  3.76991  -0.0169905  -0.130143
14.7655  5.02655  3.76991  -0.00440695  -0.0664286
-16.6504  5.02655  4.39823  -9.06731e-09  0.0593335
-7.22566  5.02655  4.39823  -6.78466e-08  0.132359
-5.34071  5.02655  4.39823  -2.83916e-09  0.175453
-4.08407  5.02655  4.39823  -9.82061e-08  0.224473
-2.82743  5.02655  4.39823  -2.92339e-07  0.313261
-2.19911  5.02655  4.39823  -4.61736e-07  0.392596
-1.5708  5.02655  4.39823  -8.63912e-07  0.530273
-0.942478  5.02655  4.39823  -2.23018e-06  0.834004
-0.314159  5.02655  4.39823  -1.51554e-05  2.06851
0.314159  5.02655  4.39823  -1.50995e-05  -2.06845
0.942478  5.02655  4.39823  -2.28055e-06  -0.833995
1.5708  5.02655  4.39823  -8.87196e-07  -0.53027
2.19911  5.02655  4.39823  -4.6811e-07  -0.392594
2.82743  5.02655  4.39823  -2.86325e-07  -0.31326
4.08407  5.02655  4.39823  -1.31146e-07  -0.224473
7.22566  5.02655  4.39823  -5.00436e-08  -0.132359
14.7655  5.02655  4.39823  -9.7936e-09  -0.0667208
-16.6504  5.02655  5.02655  0.00430775  0.059019
-7.22566  5.02655  5.02655  0.0208145  0.128997
-5.34071  5.02655  5.02655  0.0357539  0.16783
-4.08407  5.02655  5.02655  0.0567867  0.209046
-2.82743  5.02655  5.02655  0.103557  0.274209
-2.19911  5.02655  5.02655  0.151694  0.321114
-1.5708  5.02655  5.02655  0.240534  0.377584
-0.942478  5.02655  5.02655  0.418107  0.417414
-0.314159  5.02655  5.02655  0.728181  0.279918
0.314159  5.02655  5.02655  0.728177  -0.279923
0.942478  5.02655  5.02655  0.418103  -0.417414
1.5708  5.02655  5.02655  0.240532  -0.377583
2.19911  5.02655  5.02655  0.151693  -0.321113
2.82743  5.02655  5.02655  0.103556  -0.274208
4.08407  5.02655  5.02655  0.0567865  -0.209046
7.22566  5.02655  5.02655  0.0208144  -0.128997
14.7655  5.02655  5.02655  0.0054344  -0.0662751
-16.6504  5.02655  5.65487  0.0077  0.0583167
-7.22566  5.02655  5.65487  0.0356  0.121962
-5.34071  5.02655  5.65487  0.0588712  0.152752
-4.08407  5.02655  5.65487  0.0888589  0.180789
-2.82743  5.02655  5.65487  0.145986  0.213544
-2.19911  5.02655  5.65487  0.194107  0.226841
-1.5708  5.02655  5.65487  0.263079  0.227605
-0.942478  5.02655  5.65487  0.354516  0.193952
-0.314159  5.02655  5.65487  0.441733  0.0922092
0.314159  5.02655  5.65487  0.441733  -0.0922109
0.942478  5.02655  5.65487  0.354515  -0.193953
1.5708  5.02655  5.65487  0.263078  -0.227605
2.19911  5.02655  5.65487  0.194107  -0.226841
2.82743  5.02655  5.65487  0.145985  -0.213543
4.08407  5.02655  5.65487  0.0888586  -0.180789
7.22566  5.02655  5.65487  0.0355999  -0.121962
14.7655  5.02655  5.65487  0.00968385  -0.0652842
-16.6504  5.02655  6.28319  0.0089584  0.0579485
-7.22566  5.02655  6.28319  0.0405021  0.118511
-5.34071  5.02655  6.28319  0.065774  0.145757
-4.08407  5.02655  6.28319  0.0970394  0.168611
-2.82743  5.02655  6.28319  0.15288  0.190948
-2.19911  5.02655  6.28319  0.196492  0.196024
-1.5708  5.02655  6.28319  0.254153  0.187619
-0.942478  5.02655  6.28319  0.322899  0.150579
-0.314159  5.02655  6.28319  0.382002  0.0658976
0.314159  5.02655  6.28319  0.382002  -0.0658988
0.942478  5.02655  6.28319  0.322898  -0.15058
1.5708  5.02655  6.28319  0.254152  -0.187619
2.19911  5.02655  6.28319  0.196492  -0.196024
2.82743  5.02655  6.28319  0.15288  -0.190948
4.08407  5.02655  6.28319  0.0970391  -0.168611
7.22566  5.02655  6.28319  0.040502  -0.118511
14.7655  5.02655  6.28319  0.0112483  -0.0647671
-16.6504  5.65487  0  0.0121221  0.0567436
-7.22566  5.65487  0  0.0511028  0.108212
-5.34071  5.65487  0  0.0787688  0.126303
-4.08407  5.65487  0  0.109369  0.137446
-2.82743  5.65487  0  0.155968  0.140709
-2.19911  5.65487  0  0.186653  0.134289
-1.5708  5.65487  0  0.221238  0.117419
-0.942478  5.65487  0  0.255422  0.0850666
-0.314159  5.65487  0  0.279513  0.0348196
0.314159  5.65487  0  0.279513  -0.0348201
0.942478  5.65487  0  0.255422  -0.085067
1.5708  5.65487  0  0.221238  -0.117419
2.19911  5.65487  0  0.186653  -0.134289
2.82743  5.65487  0  0.155968  -0.140709
4.08407  5.65487  0  0.109368  -0.137446
7.22566  5.65487  0  0.0511027  -0.108212
14.7655  5.65487  0  0.0151404  -0.0630867
-16.6504  5.65487  0.628319  0.010938  0.0572432
-7.22566  5.65487  0.628319  0.0474393  0.112309
-5.34071  5.65487  0.628319  0.074633  0.133801
-4.08407  5.65487  0.628319  0.106037  0.149013
-2.82743  5.65487  0.628319  0.156751  0.158201
-2.19911  5.65487  0.628319  0.192214  0.154786
-1.5708  5.65487  0.628319  0.234342  0.139373
-0.942478  5.65487  0.628319  0.278472  0.104243
-0.314159  5.65487  0.628319  0.311724  0.0428907
0.314159  5.65487  0.628319  0.311724  -0.0428913
0.942478  5.65487  0.628319  0.278472  -0.104243
1.5708  5.65487  0.628319  0.234341  -0.139373
2.19911  5.65487  0.628319  0.192214  -0.154786
2.82743  5.65487  0.628319  0.15675  -0.158201
4.08407  5.65487  0.628319  0.106037  -0.149013
7.22566  5.65487  0.628319  0.0474392  -0.112309
14.7655  5.65487  0.628319  0.0136913  -0.0637814
-16.6504  5.65487  1.25664  0.0077  0.0583167
-7.22566  5.65487  1.25664  0.0356  0.121962
-5.34071  5.65487  1.25664  0.0588712  0.152752
-4.08407  5.65487  1.25664  0.0888589  0.180789
-2.82743  5.65487  1.25664  0.145986  0.213544
-2.19911  5.65487  1.25664  0.194107  0.226841
-1.5708  5.65487  1.25664  0.263079  0.227605
-0.942478  5.65487  1.25664  0.354516  0.193952
-0.314159  5.65487  1.25664  0.441733  0.0922092
0.314159  5.65487  1.25664  0.441733  -0.0922109
0.942478  5.65487  1.25664  0.354515  -0.193953
1.5708  5.65487  1.25664  0.263078  -0.227605
2.19911  5.65487  1.25664  0.194107  -0.226841
2.82743  5.65487  1.25664  0.145985  -0.213543
4.08407  5.65487  1.25664  0.0888586  -0.180789
7.22566  5.65487  1.25664  0.0355999  -0.121962
14.7655  5.65487  1.25664  0.00968385  -0.0652842
-16.6504  5.65487  1.88496  0.00349158  0.0591274
-7.22566  5.65487  1.88496  0.0169904  0.130144
-5.34071  5.65487  1.88496  0.0293671  0.170394
-4.08407  5.65487  1.88496  0.0470439  0.214127
-2.82743  5.65487  1.88496  0.0874189  0.286474
-2.19911  5.65487  1.88496  0.130588  0.342488
-1.5708  5.65487  1.88496  0.215004  0.41901
-0.942478  5.65487  1.88496  0.40586  0.505004
-0.314159  5.65487  1.88496  0.840376  0.405455
0.314159  5.65487  1.88496  0.840369  -0.405462
0.942478  5.65487  1.88496  0.405856  -0.505003
1.5708  5.65487  1.88496  0.215002  -0.419009
2.19911  5.65487  1.88496  0.130587  -0.342487
2.82743  5.65487  1.88496  0.0874184  -0.286473
4.08407  5.65487  1.88496  0.0470437  -0.214126
7.22566  5.65487  1.88496  0.0169904  -0.130143
14.7655  5.65487  1.88496  0.00440693  -0.0664287
-16.6504  5.65487  2.51327  -9.07877e-09  0.0593338
-7.22566  5.65487  2.51327  -6.6899e-08  0.132369
-5.34071  5.65487  2.51327  -1.09632e-09  0.175468
-4.08407  5.65487  2.51327  -9.88612e-08  0.224465
-2.82743  5.65487  2.51327  -2.93301e-07  0.313009
-2.19911  5.65487  2.51327  -4.62638e-07  0.391798
-1.5708  5.65487  2.51327  -8.64391e-07  0.527695
-0.942478  5.65487  2.51327  -2.21586e-06  0.824436
-0.314159  5.65487  2.51327  -1.46555e-05  2.01527
0.314159  5.65487  2.51327  -1.44165e-05  -2.01522
0.942478  5.65487  2.51327  -2.22559e-06  -0.824427
1.5708  5.65487  2.51327  -8.71934e-07  -0.527692
2.19911  5.65487  2.51327  -4.60264e-07  -0.391796
2.82743  5.65487  2.51327  -2.78935e-07  -0.313008
4.08407  5.65487  2.51327  -1.30382e-07  -0.224464
7.22566  5.65487  2.51327  -4.99893e-08  -0.132369
14.7655  5.65487  2.51327  -9.76495e-09  -0.0667214
-16.6504  5.65487  3.14159  -0.00133774  0.0593037
-7.22566  5.65487  3.14159  -0.00658547  0.132043
-5.34071  5.65487  3.14159  -0.0115015  0.174716
-4.08407  5.65487  3.14159  -0.0186964  0.222899
-2.82743  5.65487  3.14159  -0.0359178  0.308777
-2.19911  5.65487  3.14159  -0.0556324  0.38352
-1.5708  5.65487  3.14159  -0.0986757  0.507654
-0.942478  5.65487  3.14159  -0.226257  0.751638
-0.314159  5.65487  3.14159  -0.969025  1.30738
0.314159  5.65487  3.14159  -0.968987  -1.30737
0.942478  5.65487  3.14159  -0.226252  -0.751631
1.5708  5.65487  3.14159  -0.0986744  -0.50765
2.19911  5.65487  3.14159  -0.0556319  -0.383518
2.82743  5.65487  3.14159  -0.0359175  -0.308776
4.08407  5.65487  3.14159  -0.0186963  -0.222898
7.22566  5.65487  3.14159  -0.00658543  -0.132043
14.7655  5.65487  3.14159  -0.00168978  -0.0666787
-16.6504  5.65487  3.76991  -9.07877e-09  0.0593338
-7.22566  5.65487  3.76991  -6.6899e-08  0.132369
-5.34071  5.65487  3.76991  -1.09632e-09  0.175468
-4.08407  5.65487  3.76991  -9.88612e-08  0.224465
-2.82743  5.65487  3.76991  -2.93301e-07  0.313009
-2.19911  5.65487  3.76991  -4.62638e-07  0.391798
-1.5708  5.65487  3.76991  -8.64391e-07  0.527695
-0.942478  5.65487  3.76991  -2.21586e-06  0.824436
-0.314159  5.65487  3.76991  -1.46555e-05  2.01527
0.314159  5.65487  3.76991  -1.44165e-05  -2.01522
0.942478  5.65487  3.76991  -2.22559e-06  -0.824427
1.5708  5.65487  3.76991  -8.71934e-07  -0.527692
2.19911  5.65487  3.76991  -4.60264e-07  -0.391796
2.82743  5.65487  3.76991  -2.78935e-07  -0.313008
4.08407  5.65487  3.76991  -1.30382e-07  -0.224464
7.22566  5.65487  3.76991  -4.99893e-08  -0.132369
14.7655  5.65487  3.76991  -9.76495e-09  -0.0667214
-16.6504  5.65487  4.39823  0.00349158  0.0591274
-7.22566  5.65487  4.39823  0.0169904  0.130144
-5.34071  5.65487  4.39823  0.0293671  0.170394
-4.08407  5.65487  4.39823  0.0470439  0.214127
-2.82743  5.65487  4.39823  0.0874189  0.286474
-2.19911  5.65487  4.39823  0.130588  0.342488
-1.5708  5.65487  4.39823  0.215004  0.41901
-0.942478  5.65487  4.39823  0.40586  0.505004
-0.314159  5.65487  4.39823  0.840376  0.405455
0.314159  5.65487  4.39823  0.840369  -0.405462
0.942478  5.65487  4.39823  0.405856  -0.505003
1.5708  5.65487  4.39823  0.215002  -0.419009
2.19911  5.65487  4.39823  0.130587  -0.342487
2.82743  5.65487  4.39823  0.0874184  -0.286473
4.08407  5.65487  4.39823  0.0470437  -0.214126
7.22566  5.65487  4.39823  0.0169904  -0.130143
14.7655  5.65487  4.39823  0.00440693  -0.0664287
-16.6504  5.65487  5.02655  0.0077  0.0583167
-7.22566  5.65487  5.02655  0.0356  0.121962
-5.34071  5.65487  5.02655  0.0588712  0.152752
-4.08407  5.65487  5.02655  0.0888589  0.180789
-2.82743  5.65487  5.02655  0.145986  0.213544
-2.19911  5.65487  5.02655  0.194107  0.226841
-1.5708  5.65487  5.02655  0.263079  0.227605
-0.942478  5.65487  5.02655  0.354516  0.193952
-0.314159  5.65487  5.02655  0.441733  0.0922092
0.314159  5.65487  5.02655  0.441733  -0.0922109
0.942478  5.65487  5.02655  0.354515  -0.193953
1.5708  5.65487  5.02655  0.263078  -0.227605
2.19911  5.65487  5.02655  0.194107  -0.226841
2.82743  5.65487  5.02655  0.145985  -0.213543
4.08407  5.65487  5.02655  0.0888586  -0.180789
7.22566  5.65487  5.02655  0.0355999  -0.121962
14.7655  5.65487  5.02655  0.00968385  -0.0652842
-16.6504  5.65487  5.65487  0.010938  0.0572432
-7.22566  5.65487  5.65487  0.0474393  0.112309
-5.34071  5.65487  5.65487  0.074633  0.133801
-4.08407  5.65487  5.65487  0.106037  0.149013
-2.82743  5.65487  5.65487  0.156751  0.158201
-2.19911  5.65487  5.65487  0.192214  0.154786
-1.5708  5.65487  5.65487  0.234342  0.139373
-0.942478  5.65487  5.65487  0.278472  0.104243
-0.314159  5.65487  5.65487  0.311724  0.0428907
0.314159  5.65487  5.65487  0.311724  -0.0428913
0.942478  5.65487  5.65487  0.278472  -0.104243
1.5708  5.65487  5.65487  0.234341  -0.139373
2.19911  5.65487  5.65487  0.192214  -0.154786
2.82743  5.65487  5.65487  0.15675  -0.158201
4.08407  5.65487  5.65487  0.106037  -0.149013
7.22566  5.65487  5.65487  0.0474392  -0.112309
14.7655  5.65487  5.65487  0.0136913  -0.0637814
-16.6504  5.65487  6.28319  0.0121221  0.0567436
-7.22566  5.65487  6.28319  0.0511028  0.108212
-5.34071  5.65487  6.28319  0.0787688  0.126303
-4.08407  5.65487  6.28319  0.109369  0.137446
-2.82743  5.65487  6.28319  0.155968  0.140709
-2.19911  5.65487  6.28319  0.186653  0.134289
-1.5708  5.65487  6.28319  0.221238  0.117419
-0.942478  5.65487  6.28319  0.255422  0.0850666
-0.314159  5.65487  6.28319  0.279513  0.0348196
0.314159  5.65487  6.28319  0.279513  -0.0348201
0.942478  5.65487  6.28319  0.255422  -0.085067
1.5708  5.65487  6.28319  0.221238  -0.117419
2.19911  5.65487  6.28319  0.186653  -0.134289
2.82743  5.65487  6.28319  0.155968  -0.140709
4.08407  5.65487  6.28319  0.109368  -0.137446
7.22566  5.65487  6.28319  0.0511027  -0.108212
14.7655  5.65487  6.28319  0.0151404  -0.0630867
-16.6504  6.28319  0  0.0132728  0.0561984
-7.22566  6.28319  0  0.0542943  0.103997
-5.34071  6.28319  0  0.08198  0.118899
-4.08407  6.28319  0  0.111327  0.126527
-2.82743  6.28319  0  0.153637  0.125293
-2.19911  6.28319  0  0.180032  0.117028
-1.5708  6.28319  0  0.208464  0.0998944
-0.942478  6.28319  0  0.235237  0.0706973
-0.314159  6.28319  0  0.253502  0.027835
0.314159  6.28319  0  0.253502  -0.0278354
0.942478  6.28319  0  0.235237  -0.0706975
1.5708  6.28319  0  0.208463  -0.0998945
2.19911  6.28319  0  0.180032  -0.117028
2.82743  6.28319  0  0.153636  -0.125293
4.08407  6.28319  0  0.111327  -0.126527
7.22566  6.28319  0  0.0542942  -0.103997
14.7655  6.28319  0  0.0165382  -0.0623323
-16.6504  6.28319  0.628319  0.0121221  0.0567436
-7.22566  6.28319  0.628319  0.0511028  0.108212
-5.34071  6.28319  0.628319  0.0787688  0.126303
-4.08407  6.28319  0.628319  0.109369  0.137446
-2.82743  6.28319  0.628319  0.155968  0.140709
-2.19911  6.28319  0.628319  0.186653  0.134289
-1.5708  6.28319  0.628319  0.221238  0.117419
-0.942478  6.28319  0.628319  0.255422  0.0850666
-0.314159  6.28319  0.628319  0.279513  0.0348196
0.314159  6.28319  0.628319  0.279513  -0.0348201
0.942478  6.28319  0.628319  0.255422  -0.085067
1.5708  6.28319  0.628319  0.221238  -0.117419
2.19911  6.28319  0.628319  0.186653  -0.134289
2.82743  6.28319  0.628319  0.155968  -0.140709
4.08407  6.28319  0.628319  0.109368  -0.137446
7.22566  6.28319  0.628319  0.0511027  -0.108212
14.7655  6.28319  0.628319  0.0151404  -0.0630867
-16.6504  6.28319  1.25664  0.0089584  0.0579485
-7.22566  6.28319  1.25664  0.0405021  0.118511
-5.34071  6.28319  1.25664  0.065774  0.145757
-4.08407  6.28319  1.25664  0.0970394  0.168611
-2.82743  6.28319  1.25664  0.15288  0.190948
-2.19911  6.28319  1.25664  0.196492  0.196024
-1.5708  6.28319  1.25664  0.254153  0.187619
-0.942478  6.28319  1.25664  0.322899  0.150579
-0.314159  6.28319  1.25664  0.382002  0.0658976
0.314159  6.28319  1.25664  0.382002  -0.0658988
0.942478  6.28319  1.25664  0.322898  -0.15058
1.5708  6.28319  1.25664  0.254152  -0.187619
2.19911  6.28319  1.25664  0.196492  -0.196024
2.82743  6.28319  1.25664  0.15288  -0.190948
4.08407  6.28319  1.25664  0.0970391  -0.168611
7.22566  6.28319  1.25664  0.040502  -0.118511
14.7655  6.28319  1.25664  0.0112483  -0.0647671
-16.6504  6.28319  1.88496  0.0048101  0.0589411
-7.22566  6.28319  1.88496  0.0231283  0.12819
-5.34071  6.28319  1.88496  0.0395468  0.166037
-4.08407  6.28319  1.88496  0.0623951  0.205513
-2.82743  6.28319  1.88496  0.112086  0.26584
-2.19911  6.28319  1.88496  0.161701  0.306979
-1.5708  6.28319  1.88496  0.249638  0.352176
-0.942478  6.28319  1.88496  0.413777  0.37207
-0.314159  6.28319  1.88496  0.668022  0.233401
0.314159  6.28319  1.88496  0.668019  -0.233405
0.942478  6.28319  1.88496  0.413774  -0.37207
1.5708  6.28319  1.88496  0.249637  -0.352176
2.19911  6.28319  1.88496  0.1617  -0.306978
2.82743  6.28319  1.88496  0.112085  -0.265839
4.08407  6.28319  1.88496  0.0623949  -0.205512
7.22566  6.28319  1.88496  0.0231282  -0.12819
14.7655  6.28319  1.88496  0.00606613  -0.066165
-16.6504  6.28319  2.51327  0.00133772  0.0593037
-7.22566  6.28319  2.51327  0.00658534  0.132043
-5.34071  6.28319  2.51327  0.0115015  0.174716
-4.08407  6.28319  2.51327  0.0186962  0.222899
-2.82743  6.28319  2.51327  0.0359172  0.308777
-2.19911  6.28319  2.51327  0.0556315  0.38352
-1.5708  6.28319  2.51327  0.0986741  0.507654
-0.942478  6.28319  2.51327  0.226253  0.75164
-0.314159  6.28319  2.51327  0.969017  1.30739
0.314159  6.28319  2.51327  0.968984  -1.30738
0.942478  6.28319  2.51327  0.226249  -0.751634
1.5708  6.28319  2.51327  0.0986729  -0.507651
2.19911  6.28319  2.51327  0.055631  -0.383519
2.82743  6.28319  2.51327  0.035917  -0.308776
4.08407  6.28319  2.51327  0.0186961  -0.222898
7.22566  6.28319  2.51327  0.00658533  -0.132043
14.7655  6.28319  2.51327  0.00168976  -0.0666787
-16.6504  6.28319  3.14159  -9.0813e-09  0.059334
-7.22566  6.28319  3.14159  -6.63988e-08  0.132375
-5.34071  6.28319  3.14159  -6.0143e-11  0.175481
-4.08407  6.28319  3.14159  -9.87313e-08  0.224475
-2.82743  6.28319  3.14159  -2.92509e-07  0.312924
-2.19911  6.28319  3.14159  -4.6019e-07  0.391449
-1.5708  6.28319  3.14159  -8.56511e-07  0.526284
-0.942478  6.28319  3.14159  -2.17393e-06  0.81687
-0.314159  6.28319  3.14159  -1.33814e-05  1.90196
0.314159  6.28319  3.14159  -1.30828e-05  -1.90191
0.942478  6.28319  3.14159  -2.1734e-06  -0.816861
1.5708  6.28319  3.14159  -8.6034e-07  -0.52628
2.19911  6.28319  3.14159  -4.54846e-07  -0.391447
2.82743  6.28319  3.14159  -2.74507e-07  -0.312922
4.08407  6.28319  3.14159  -1.3047e-07  -0.224474
7.22566  6.28319  3.14159  -5.0013e-08  -0.132375
14.7655  6.28319  3.14159  -9.73133e-09  -0.0667218
-16.6504  6.28319  3.76991  0.00133772  0.0593037
-7.22566  6.28319  3.76991  0.00658534  0.132043
-5.34071  6.28319  3.76991  0.0115015  0.174716
-4.08407  6.28319  3.76991  0.0186962  0.222899
-2.82743  6.28319  3.76991  0.0359172  0.308777
-2.19911  6.28319  3.76991  0.0556315  0.38352
-1.5708  6.28319  3.76991  0.0986741  0.507654
-0.942478  6.28319  3.76991  0.226253  0.75164
-0.314159  6.28319  3.76991  0.969017  1.30739
0.314159  6.28319  3.76991  0.968984  -1.30738
0.942478  6.28319  3.76991  0.226249  -0.751634
1.5708  6.28319  3.76991  0.0986729  -0.507651
2.19911  6.28319  3.76991  0.055631  -0.383519
2.82743  6.28319  3.76991  0.035917  -0.308776
4.08407  6.28319  3.76991  0.0186961  -0.222898
7.22566  6.28319  3.76991  0.00658533  -0.132043
14.7655  6.28319  3.76991  0.00168976  -0.0666787
-16.6504  6.28319  4.39823  0.0048101  0.0589411
-7.22566  6.28319  4.39823  0.0231283  0.12819
-5.34071  6.28319  4.39823  0.0395468  0.166037
-4.08407  6.28319  4.39823  0.0623951  0.205513
-2.82743  6.28319  4.39823  0.112086  0.26584
-2.19911  6.28319  4.39823  0.161701  0.306979
-1.5708  6.28319  4.39823  0.249638  0.352176
-0.942478  6.28319  4.39823  0.413777  0.37207
-0.314159  6.28319  4.39823  0.668022  0.233401
0.314159  6.28319  4.39823  0.668019  -0.233405
0.942478  6.28319  4.39823  0.413774  -0.37207
1.5708  6.28319  4.39823  0.249637  -0.352176
2.19911  6.28319  4.39823  0.1617  -0.306978
2.82743  6.28319  4.39823  0.112085  -0.265839
4.08407  6.28319  4.39823  0.0623949  -0.205512
7.22566  6.28319  4.39823  0.0231282  -0.12819
14.7655  6.28319  4.39823  0.00606613  -0.066165
-16.6504  6.28319  5.02655  0.0089584  0.0579485
-7.22566  6.28319  5.02655  0.0405021  0.118511
-5.34071  6.28319  5.02655  0.065774  0.145757
-4.08407  6.28319  5.02655  0.0970394  0.168611
-2.82743  6.28319  5.02655  0.15288  0.190948
-2.19911  6.28319  5.02655  0.196492  0.196024
-1.5708  6.28319  5.02655  0.254153  0.187619
-0.942478  6.28319  5.02655  0.322899  0.150579
-0.314159  6.28319  5.02655  0.382002  0.0658976
0.314159  6.28319  5.02655  0.382002  -0.0658988
0.942478  6.28319  5.02655  0.322898  -0.15058
1.5708  6.28319  5.02655  0.254152  -0.187619
2.19911  6.28319  5.02655  0.196492  -0.196024
2.82743  6.28319  5.02655  0.15288  -0.190948
4.08407  6.28319  5.02655  0.0970391  -0.168611
7.22566  6.28319  5.02655  0.040502  -0.118511
14.7655  6.28319  5.02655  0.0112483  -0.0647671
-16.6504  6.28319  5.65487  0.0121221  0.0567436
-7.22566  6.28319  5.65487  0.0511028  0.108212
-5.34071  6.28319  5.65487  0.0787688  0.126303
-4.08407  6.28319  5.65487  0.109369  0.137446
-2.82743  6.28319  5.65487  0.155968  0.140709
-2.19911  6.28319  5.65487  0.186653  0.134289
-1.5708  6.28319  5.65487  0.221238  0.117419
-0.942478  6.28319  5.65487  0.255422  0.0850666
-0.314159  6.28319  5.65487  0.279513  0.0348196
0.314159  6.28319  5.65487  0.279513  -0.0348201
0.942478  6.28319  5.65487  0.255422  -0.085067
1.5708  6.28319  5.65487  0.221238  -0.117419
2.19911  6.28319  5.65487  0.186653  -0.134289
2.82743  6.28319  5.65487  0.155968  -0.140709
4.08407  6.28319  5.65487  0.109368  -0.137446
7.22566  6.28319  5.65487  0.0511027  -0.108212
14.7655  6.28319  5.65487  0.0151404  -0.0630867
-16.6504  6.28319  6.28319  0.0132728  0.0561984
-7.22566  6.28319  6.28319  0.0542943  0.103997
-5.34071  6.28319  6.28319  0.08198  0.118899
-4.08407  6.28319  6.28319  0.111327  0.126527
-2.82743  6.28319  6.28319  0.153637  0.125293
-2.19911  6.28319  6.28319  0.180032  0.117028
-1.5708  6.28319  6.28319  0.208464  0.0998944
-0.942478  6.28319  6.28319  0.235237  0.0706973
-0.314159  6.28319  6.28319  0.253502  0.027835
0.314159  6.28319  6.28319  0.253502  -0.0278354
0.942478  6.28319  6.28319  0.235237  -0.0706975
1.5708  6.28319  6.28319  0.208463  -0.0998945
2.19911  6.28319  6.28319  0.180032  -0.117028
2.82743  6.28319  6.28319  0.153636  -0.125293
4.08407  6.28319  6.28319  0.111327  -0.126527
7.22566  6.28319  6.28319  0.0542942  -0.103997
14.7655  6.28319  6.28319  0.0165382  -0.0623323
