-16.6504  0  0  0.0194568  0.203541
-7.22566  0  0  0.0551087  0.330484
-5.34071  0  0  0.0695615  0.359777
-4.08407  0  0  0.0804306  0.370674
-2.82743  0  0  0.090929  0.36048
-2.19911  0  0  0.095353  0.33907
-1.5708  0  0  0.0988134  0.298626
-0.942478  0  0  0.101123  0.229276
-0.314159  0  0  0.102256  0.113821
0.314159  0  0  0.102256  -0.113826
0.942478  0  0  0.101123  -0.229281
1.5708  0  0  0.098814  -0.298631
2.19911  0  0  0.0953537  -0.339074
2.82743  0  0  0.0909299  -0.360485
4.08407  0  0  0.0804327  -0.370678
7.22566  0  0  0.0551085  -0.330492
14.7655  0  0  0.0233517  -0.222476
-16.6504  0  0.628319  0.0175185  0.203528
-7.22566  0  0.628319  0.0497305  0.330337
-5.34071  0  0.628319  0.0629944  0.359666
-4.08407  0  0.628319  0.0731801  0.370818
-2.82743  0  0.628319  0.083353  0.361432
-2.19911  0  0.628319  0.0878081  0.340727
-1.5708  0  0.628319  0.0913966  0.300912
-0.942478  0  0.628319  0.0938445  0.231229
-0.314159  0  0.628319  0.0950504  0.124707
0.314159  0  0.628319  0.0950506  -0.124714
0.942478  0  0.628319  0.0938449  -0.231234
1.5708  0  0.628319  0.0913971  -0.300917
2.19911  0  0.628319  0.0878088  -0.340732
2.82743  0  0.628319  0.0833538  -0.361437
4.08407  0  0.628319  0.0731821  -0.370822
7.22566  0  0.628319  0.0497302  -0.330346
14.7655  0  0.628319  0.0210249  -0.222455
-16.6504  0  1.25664  0.0125445  0.203481
-7.22566  0  1.25664  0.03585  0.329909
-5.34071  0  1.25664  0.0458647  0.359301
-4.08407  0  1.25664  0.0540044  0.371076
-2.82743  0  1.25664  0.0629355  0.363888
-2.19911  0  1.25664  0.0673314  0.345509
-1.5708  0  1.25664  0.0712697  0.309256
-0.942478  0  1.25664  0.0742774  0.243769
-0.314159  0  1.25664  0.0758968  0.124375
0.314159  0  1.25664  0.0758969  -0.124383
0.942478  0  1.25664  0.0742776  -0.243777
1.5708  0  1.25664  0.0712701  -0.309263
2.19911  0  1.25664  0.0673318  -0.345516
2.82743  0  1.25664  0.062936  -0.363895
4.08407  0  1.25664  0.0540059  -0.371082
7.22566  0  1.25664  0.0358496  -0.32992
14.7655  0  1.25664  0.0150556  -0.222384
-16.6504  0  1.88496  0.00654817  0.203404
-7.22566  0  1.88496  0.0188793  0.329329
-5.34071  0  1.88496  0.0244653  0.358731
-4.08407  0  1.88496  0.0293323  0.37114
-2.82743  0  1.88496  0.0353275  0.366451
-2.19911  0  1.88496  0.038749  0.350901
-1.5708  0  1.88496  0.0423277  0.319094
-0.942478  0  1.88496  0.0456806  0.259113
-0.314159  0  1.88496  0.0478681  0.151962
0.314159  0  1.88496  0.0478681  -0.151973
0.942478  0  1.88496  0.0456808  -0.259123
1.5708  0  1.88496  0.0423279  -0.319104
2.19911  0  1.88496  0.0387492  -0.35091
2.82743  0  1.88496  0.0353277  -0.36646
4.08407  0  1.88496  0.0293333  -0.371149
7.22566  0  1.88496  0.0188786  -0.329342
14.7655  0  1.88496  0.00785922  -0.222275
-16.6504  0  2.51327  0.00179356  0.20333
-7.22566  0  2.51327  0.00520418  0.328822
-5.34071  0  2.51327  0.00681136  0.358164
-4.08407  0  2.51327  0.00829174  0.37093
-2.82743  0  2.51327  0.0102801  0.367915
-2.19911  0  2.51327  0.0115406  0.354576
-1.5708  0  2.51327  0.013021  0.327336
-0.942478  0  2.51327  0.0147631  0.277414
-0.314159  0  2.51327  0.0160607  0.179519
0.314159  0  2.51327  0.0160605  -0.179532
0.942478  0  2.51327  0.0147631  -0.277426
1.5708  0  2.51327  0.0130211  -0.327347
2.19911  0  2.51327  0.0115406  -0.354587
2.82743  0  2.51327  0.01028  -0.367926
4.08407  0  2.51327  0.00829249  -0.370941
7.22566  0  2.51327  0.00520333  -0.328837
14.7655  0  2.51327  0.0021521  -0.222172
-16.6504  0  3.14159  2.57953e-06  0.203299
-7.22566  0  3.14159  3.78919e-06  0.328618
-5.34071  0  3.14159  1.95311e-09  0.357918
-4.08407  0  3.14159  1.95939e-06  0.370774
-2.82743  0  3.14159  2.98718e-06  0.368235
-2.19911  0  3.14159  3.00321e-06  0.355494
-1.5708  0  3.14159  3.09238e-06  0.32932
-0.942478  0  3.14159  3.25792e-06  0.281708
-0.314159  0  3.14159  3.69911e-06  0.211613
0.314159  0  3.14159  3.61677e-06  -0.211627
0.942478  0  3.14159  3.25718e-06  -0.281721
1.5708  0  3.14159  3.10625e-06  -0.329332
2.19911  0  3.14159  2.96837e-06  -0.355506
2.82743  0  3.14159  2.80337e-06  -0.368247
4.08407  0  3.14159  2.58928e-06  -0.370786
7.22566  0  3.14159  2.85411e-06  -0.328634
14.7655  0  3.14159  2.18593e-06  -0.22213
-16.6504  0  3.76991  0.00179356  0.20333
-7.22566  0  3.76991  0.00520418  0.328822
-5.34071  0  3.76991  0.00681136  0.358164
-4.08407  0  3.76991  0.00829174  0.37093
-2.82743  0  3.76991  0.0102801  0.367915
-2.19911  0  3.76991  0.0115406  0.354576
-1.5708  0  3.76991  0.013021  0.327336
-0.942478  0  3.76991  0.0147631  0.277414
-0.314159  0  3.76991  0.0160607  0.179519
0.314159  0  3.76991  0.0160605  -0.179532
0.942478  0  3.76991  0.0147631  -0.277426
1.5708  0  3.76991  0.0130211  -0.327347
2.19911  0  3.76991  0.0115406  -0.354587
2.82743  0  3.76991  0.01028  -0.367926
4.08407  0  3.76991  0.00829249  -0.370941
7.22566  0  3.76991  0.00520333  -0.328837
14.7655  0  3.76991  0.0021521  -0.222172
-16.6504  0  4.39823  0.00654817  0.203404
-7.22566  0  4.39823  0.0188793  0.329329
-5.34071  0  4.39823  0.0244653  0.358731
-4.08407  0  4.39823  0.0293323  0.37114
-2.82743  0  4.39823  0.0353275  0.366451
-2.19911  0  4.39823  0.038749  0.350901
-1.5708  0  4.39823  0.0423277  0.319094
-0.942478  0  4.39823  0.0456806  0.259113
-0.314159  0  4.39823  0.0478681  0.151962
0.314159  0  4.39823  0.0478681  -0.151973
0.942478  0  4.39823  0.0456808  -0.259123
1.5708  0  4.39823  0.0423279  -0.319104
2.19911  0  4.39823  0.0387492  -0.35091
2.82743  0  4.39823  0.0353277  -0.36646
4.08407  0  4.39823  0.0293333  -0.371149
7.22566  0  4.39823  0.0188786  -0.329342
14.7655  0  4.39823  0.00785922  -0.222275
-16.6504  0  5.02655  0.0125445  0.203481
-7.22566  0  5.02655  0.03585  0.329909
-5.34071  0  5.02655  0.0458647  0.359301
-4.08407  0  5.02655  0.0540044  0.371076
-2.82743  0  5.02655  0.0629355  0.363888
-2.19911  0  5.02655  0.0673314  0.345509
-1.5708  0  5.02655  0.0712697  0.309256
-0.942478  0  5.02655  0.0742774  0.243769
-0.314159  0  5.02655  0.0758968  0.124375
0.314159  0  5.02655  0.0758969  -0.124383
0.942478  0  5.02655  0.0742776  -0.243777
1.5708  0  5.02655  0.0712701  -0.309263
2.19911  0  5.02655  0.0673318  -0.345516
2.82743  0  5.02655  0.062936  -0.363895
4.08407  0  5.02655  0.0540059  -0.371082
7.22566  0  5.02655  0.0358496  -0.32992
14.7655  0  5.02655  0.0150556  -0.222384
-16.6504  0  5.65487  0.0175185  0.203528
-7.22566  0  5.65487  0.0497305  0.330337
-5.34071  0  5.65487  0.0629944  0.359666
-4.08407  0  5.65487  0.0731801  0.370818
-2.82743  0  5.65487  0.083353  0.361432
-2.19911  0  5.65487  0.0878081  0.340727
-1.5708  0  5.65487  0.0913966  0.300912
-0.942478  0  5.65487  0.0938445  0.231229
-0.314159  0  5.65487  0.0950504  0.124707
0.314159  0  5.65487  0.0950506  -0.124714
0.942478  0  5.65487  0.0938449  -0.231234
1.5708  0  5.65487  0.0913971  -0.300917
2.19911  0  5.65487  0.0878088  -0.340732
2.82743  0  5.65487  0.0833538  -0.361437
4.08407  0  5.65487  0.0731821  -0.370822
7.22566  0  5.65487  0.0497302  -0.330346
14.7655  0  5.65487  0.0210249  -0.222455
-16.6504  0  6.28319  0.0194568  0.203541
-7.22566  0  6.28319  0.0551087  0.330484
-5.34071  0  6.28319  0.0695615  0.359777
-4.08407  0  6.28319  0.0804306  0.370674
-2.82743  0  6.28319  0.090929  0.36048
-2.19911  0  6.28319  0.095353  0.33907
-1.5708  0  6.28319  0.0988134  0.298626
-0.942478  0  6.28319  0.101123  0.229276
-0.314159  0  6.28319  0.102256  0.113821
0.314159  0  6.28319  0.102256  -0.113826
0.942478  0  6.28319  0.101123  -0.229281
1.5708  0  6.28319  0.098814  -0.298631
2.19911  0  6.28319  0.0953537  -0.339074
2.82743  0  6.28319  0.0909299  -0.360485
4.08407  0  6.28319  0.0804327  -0.370678
7.22566  0  6.28319  0.0551085  -0.330492
14.7655  0  6.28319  0.0233517  -0.222476
-16.6504  0.628319  0  0.0175185  0.203528
-7.22566  0.628319  0  0.0497305  0.330337
-5.34071  0.628319  0  0.0629944  0.359666
-4.08407  0.628319  0  0.0731801  0.370818
-2.82743  0.628319  0  0.083353  0.361432
-2.19911  0.628319  0  0.0878081  0.340727
-1.5708  0.628319  0  0.0913966  0.300912
-0.942478  0.628319  0  0.0938445  0.231229
-0.314159  0.628319  0  0.0950504  0.124707
0.314159  0.628319  0  0.0950506  -0.124714
0.942478  0.628319  0  0.0938449  -0.231234
1.5708  0.628319  0  0.0913971  -0.300917
2.19911  0.628319  0  0.0878088  -0.340732
2.82743  0.628319  0  0.0833538  -0.361437
4.08407  0.628319  0  0.0731821  -0.370822
7.22566  0.628319  0  0.0497302  -0.330346
14.7655  0.628319  0  0.0210249  -0.222455
-16.6504  0.628319  0.628319  0.0156274  0.203518
-7.22566  0.628319  0.628319  0.0444623  0.330215
-5.34071  0.628319  0.628319  0.0565034  0.35956
-4.08407  0.628319  0.628319  0.0659299  0.370897
-2.82743  0.628319  0.628319  0.0756604  0.362211
-2.19911  0.628319  0.628319  0.0801007  0.342322
-1.5708  0.628319  0.628319  0.0838023  0.303985
-0.942478  0.628319  0.628319  0.0864047  0.236561
-0.314159  0.628319  0.628319  0.0877061  0.119029
0.314159  0.628319  0.628319  0.0877062  -0.119036
0.942478  0.628319  0.628319  0.086405  -0.236568
1.5708  0.628319  0.628319  0.0838028  -0.303991
2.19911  0.628319  0.628319  0.0801013  -0.342328
2.82743  0.628319  0.628319  0.0756611  -0.362217
4.08407  0.628319  0.628319  0.0659317  -0.370903
7.22566  0.628319  0.628319  0.044462  -0.330225
14.7655  0.628319  0.628319  0.0187556  -0.22244
-16.6504  0.628319  1.25664  0.0107149  0.203482
-7.22566  0.628319  1.25664  0.0306586  0.32986
-5.34071  0.628319  1.25664  0.0392878  0.359219
-4.08407  0.628319  1.25664  0.0463786  0.370992
-2.82743  0.628319  1.25664  0.0543338  0.363946
-2.19911  0.628319  1.25664  0.0583769  0.345815
-1.5708  0.628319  1.25664  0.0621226  0.310008
-0.942478  0.628319  1.25664  0.0651037  0.245234
-0.314159  0.628319  1.25664  0.0667835  0.138666
0.314159  0.628319  1.25664  0.0667836  -0.138675
0.942478  0.628319  1.25664  0.0651039  -0.245242
1.5708  0.628319  1.25664  0.0621229  -0.310016
2.19911  0.628319  1.25664  0.0583774  -0.345822
2.82743  0.628319  1.25664  0.0543342  -0.363954
4.08407  0.628319  1.25664  0.04638  -0.370999
7.22566  0.628319  1.25664  0.0306582  -0.329871
14.7655  0.628319  1.25664  0.0128601  -0.222385
-16.6504  0.628319  1.88496  0.00474777  0.203419
-7.22566  0.628319  1.88496  0.0136787  0.329387
-5.34071  0.628319  1.88496  0.0177087  0.35875
-4.08407  0.628319  1.88496  0.0212126  0.371018
-2.82743  0.628319  1.88496  0.0255309  0.365925
-2.19911  0.628319  1.88496  0.0280092  0.350085
-1.5708  0.628319  1.88496  0.0306252  0.318371
-0.942478  0.628319  1.88496  0.0330933  0.260625
-0.314159  0.628319  1.88496  0.0347452  0.151546
0.314159  0.628319  1.88496  0.0347452  -0.151557
0.942478  0.628319  1.88496  0.0330934  -0.260635
1.5708  0.628319  1.88496  0.0306253  -0.318382
2.19911  0.628319  1.88496  0.0280094  -0.350095
2.82743  0.628319  1.88496  0.025531  -0.365935
4.08407  0.628319  1.88496  0.0212136  -0.371027
7.22566  0.628319  1.88496  0.0136779  -0.329401
14.7655  0.628319  1.88496  0.00569814  -0.222296
-16.6504  0.628319  2.51327  2.57883e-06  0.203355
-7.22566  0.628319  2.51327  3.81811e-06  0.328983
-5.34071  0.628319  2.51327  3.56076e-08  0.358334
-4.08407  0.628319  2.51327  1.96214e-06  0.370968
-2.82743  0.628319  2.51327  2.99364e-06  0.36736
-2.19911  0.628319  2.51327  3.01381e-06  0.35322
-1.5708  0.628319  2.51327  3.10416e-06  0.324236
-0.942478  0.628319  2.51327  3.26008e-06  0.270472
-0.314159  0.628319  2.51327  3.60854e-06  0.182051
0.314159  0.628319  2.51327  3.5499e-06  -0.182065
0.942478  0.628319  2.51327  3.27447e-06  -0.270485
1.5708  0.628319  2.51327  3.13129e-06  -0.324249
2.19911  0.628319  2.51327  2.99838e-06  -0.353232
2.82743  0.628319  2.51327  2.84703e-06  -0.367372
4.08407  0.628319  2.51327  2.58775e-06  -0.37098
7.22566  0.628319  2.51327  2.85304e-06  -0.328999
14.7655  0.628319  2.51327  2.19351e-06  -0.22221
-16.6504  0.628319  3.14159  -0.0017884  0.203328
-7.22566  0.628319  3.14159  -0.00519658  0.328821
-5.34071  0.628319  3.14159  -0.00681131  0.358163
-4.08407  0.628319  3.14159  -0.00828782  0.37093
-2.82743  0.628319  3.14159  -0.0102741  0.367914
-2.19911  0.628319  3.14159  -0.0115345  0.354575
-1.5708  0.628319  3.14159  -0.0130148  0.327335
-0.942478  0.628319  3.14159  -0.0147565  0.277413
-0.314159  0.628319  3.14159  -0.0160534  0.179518
0.314159  0.628319  3.14159  -0.0160536  -0.179533
0.942478  0.628319  3.14159  -0.0147565  -0.277427
1.5708  0.628319  3.14159  -0.0130148  -0.327348
2.19911  0.628319  3.14159  -0.0115346  -0.354588
2.82743  0.628319  3.14159  -0.0102743  -0.367927
4.08407  0.628319  3.14159  -0.00828731  -0.370942
7.22566  0.628319  3.14159  -0.00519762  -0.328838
14.7655  0.628319  3.14159  -0.00214772  -0.222173
-16.6504  0.628319  3.76991  2.57883e-06  0.203355
-7.22566  0.628319  3.76991  3.81811e-06  0.328983
-5.34071  0.628319  3.76991  3.56076e-08  0.358334
-4.08407  0.628319  3.76991  1.96214e-06  0.370968
-2.82743  0.628319  3.76991  2.99364e-06  0.36736
-2.19911  0.628319  3.76991  3.01381e-06  0.35322
-1.5708  0.628319  3.76991  3.10416e-06  0.324236
-0.942478  0.628319  3.76991  3.26008e-06  0.270472
-0.314159  0.628319  3.76991  3.60854e-06  0.182051
0.314159  0.628319  3.76991  3.5499e-06  -0.182065
0.942478  0.628319  3.76991  3.27447e-06  -0.270485
1.5708  0.628319  3.76991  3.13129e-06  -0.324249
2.19911  0.628319  3.76991  2.99838e-06  -0.353232
2.82743  0.628319  3.76991  2.84703e-06  -0.367372
4.08407  0.628319  3.76991  2.58775e-06  -0.37098
7.22566  0.628319  3.76991  2.85304e-06  -0.328999
14.7655  0.628319  3.76991  2.19351e-06  -0.22221
-16.6504  0.628319  4.39823  0.00474777  0.203419
-7.22566  0.628319  4.39823  0.0136787  0.329387
-5.34071  0.628319  4.39823  0.0177087  0.35875
-4.08407  0.628319  4.39823  0.0212126  0.371018
-2.82743  0.628319  4.39823  0.0255309  0.365925
-2.19911  0.628319  4.39823  0.0280092  0.350085
-1.5708  0.628319  4.39823  0.0306252  0.318371
-0.942478  0.628319  4.39823  0.0330933  0.260625
-0.314159  0.628319  4.39823  0.0347452  0.151546
0.314159  0.628319  4.39823  0.0347452  -0.151557
0.942478  0.628319  4.39823  0.0330934  -0.260635
1.5708  0.628319  4.39823  0.0306253  -0.318382
2.19911  0.628319  4.39823  0.0280094  -0.350095
2.82743  0.628319  4.39823  0.025531  -0.365935
4.08407  0.628319  4.39823  0.0212136  -0.371027
7.22566  0.628319  4.39823  0.0136779  -0.329401
14.7655  0.628319  4.39823  0.00569814  -0.222296
-16.6504  0.628319  5.02655  0.0107149  0.203482
-7.22566  0.628319  5.02655  0.0306586  0.32986
-5.34071  0.628319  5.02655  0.0392878  0.359219
-4.08407  0.628319  5.02655  0.0463786  0.370992
-2.82743  0.628319  5.02655  0.0543338  0.363946
-2.19911  0.628319  5.02655  0.0583769  0.345815
-1.5708  0.628319  5.02655  0.0621226  0.310008
-0.942478  0.628319  5.02655  0.0651037  0.245234
-0.314159  0.628319  5.02655  0.0667835  0.138666
0.314159  0.628319  5.02655  0.0667836  -0.138675
0.942478  0.628319  5.02655  0.0651039  -0.245242
1.5708  0.628319  5.02655  0.0621229  -0.310016
2.19911  0.628319  5.02655  0.0583774  -0.345822
2.82743  0.628319  5.02655  0.0543342  -0.363954
4.08407  0.628319  5.02655  0.04638  -0.370999
7.22566  0.628319  5.02655  0.0306582  -0.329871
14.7655  0.628319  5.02655  0.0128601  -0.222385
-16.6504  0.628319  5.65487  0.0156274  0.203518
-7.22566  0.628319  5.65487  0.0444623  0.330215
-5.34071  0.628319  5.65487  0.0565034  0.35956
-4.08407  0.628319  5.65487  0.0659299  0.370897
-2.82743  0.628319  5.65487  0.0756604  0.362211
-2.19911  0.628319  5.65487  0.0801007  0.342322
-1.5708  0.628319  5.65487  0.0838023  0.303985
-0.942478  0.628319  5.65487  0.0864047  0.236561
-0.314159  0.628319  5.65487  0.0877061  0.119029
0.314159  0.628319  5.65487  0.0877062  -0.119036
0.942478  0.628319  5.65487  0.086405  -0.236568
1.5708  0.628319  5.65487  0.0838028  -0.303991
2.19911  0.628319  5.65487  0.0801013  -0.342328
2.82743  0.628319  5.65487  0.0756611  -0.362217
4.08407  0.628319  5.65487  0.0659317  -0.370903
7.22566  0.628319  5.65487  0.044462  -0.330225
14.7655  0.628319  5.65487  0.0187556  -0.22244
-16.6504  0.628319  6.28319  0.0175185  0.203528
-7.22566  0.628319  6.28319  0.0497305  0.330337
-5.34071  0.628319  6.28319  0.0629944  0.359666
-4.08407  0.628319  6.28319  0.0731801  0.370818
-2.82743  0.628319  6.28319  0.083353  0.361432
-2.19911  0.628319  6.28319  0.0878081  0.340727
-1.5708  0.628319  6.28319  0.0913966  0.300912
-0.942478  0.628319  6.28319  0.0938445  0.231229
-0.314159  0.628319  6.28319  0.0950504  0.124707
0.314159  0.628319  6.28319  0.0950506  -0.124714
0.942478  0.628319  6.28319  0.0938449  -0.231234
1.5708  0.628319  6.28319  0.0913971  -0.300917
2.19911  0.628319  6.28319  0.0878088  -0.340732
2.82743  0.628319  6.28319  0.0833538  -0.361437
4.08407  0.628319  6.28319  0.0731821  -0.370822
7.22566  0.628319  6.28319  0.0497302  -0.330346
14.7655  0.628319  6.28319  0.0210249  -0.222455
-16.6504  1.25664  0  0.0125445  0.203481
-7.22566  1.25664  0  0.03585  0.329909
-5.34071  1.25664  0  0.0458647  0.359301
-4.08407  1.25664  0  0.0540044  0.371076
-2.82743  1.25664  0  0.0629355  0.363888
-2.19911  1.25664  0  0.0673314  0.345509
-1.5708  1.25664  0  0.0712697  0.309256
-0.942478  1.25664  0  0.0742774  0.243769
-0.314159  1.25664  0  0.0758968  0.124375
0.314159  1.25664  0  0.0758969  -0.124383
0.942478  1.25664  0  0.0742776  -0.243777
1.5708  1.25664  0  0.0712701  -0.309263
2.19911  1.25664  0  0.0673318  -0.345516
2.82743  1.25664  0  0.062936  -0.363895
4.08407  1.25664  0  0.0540059  -0.371082
7.22566  1.25664  0  0.0358496  -0.32992
14.7655  1.25664  0  0.0150556  -0.222384
-16.6504  1.25664  0.628319  0.0107149  0.203482
-7.22566  1.25664  0.628319  0.0306586  0.32986
-5.34071  1.25664  0.628319  0.0392878  0.359219
-4.08407  1.25664  0.628319  0.0463786  0.370992
-2.82743  1.25664  0.628319  0.0543338  0.363946
-2.19911  1.25664  0.628319  0.0583769  0.345815
-1.5708  1.25664  0.628319  0.0621226  0.310008
-0.942478  1.25664  0.628319  0.0651037  0.245234
-0.314159  1.25664  0.628319  0.0667835  0.138666
0.314159  1.25664  0.628319  0.0667836  -0.138675
0.942478  1.25664  0.628319  0.0651039  -0.245242
1.5708  1.25664  0.628319  0.0621229  -0.310016
2.19911  1.25664  0.628319  0.0583774  -0.345822
2.82743  1.25664  0.628319  0.0543342  -0.363954
4.08407  1.25664  0.628319  0.04638  -0.370999
7.22566  1.25664  0.628319  0.0306582  -0.329871
14.7655  1.25664  0.628319  0.0128601  -0.222385
-16.6504  1.25664  1.25664  0.00591362  0.203475
-7.22566  1.25664  1.25664  0.0169641  0.329717
-5.34071  1.25664  1.25664  0.0218201  0.359016
-4.08407  1.25664  1.25664  0.025909  0.370827
-2.82743  1.25664  1.25664  0.0307197  0.364217
-2.19911  1.25664  1.25664  0.0333399  0.346877
-1.5708  1.25664  1.25664  0.0359559  0.313109
-0.942478  1.25664  1.25664  0.0382175  0.253387
-0.314159  1.25664  1.25664  0.0395858  0.145776
0.314159  1.25664  1.25664  0.0395858  -0.145788
0.942478  1.25664  1.25664  0.0382176  -0.253398
1.5708  1.25664  1.25664  0.0359562  -0.313119
2.19911  1.25664  1.25664  0.0333401  -0.346887
2.82743  1.25664  1.25664  0.0307199  -0.364227
4.08407  1.25664  1.25664  0.0259101  -0.370836
7.22566  1.25664  1.25664  0.0169634  -0.329731
14.7655  1.25664  1.25664  0.00709757  -0.222375
-16.6504  1.25664  1.88496  2.5756e-06  0.203448
-7.22566  1.25664  1.88496  3.87275e-06  0.329532
-5.34071  1.25664  1.88496  9.22292e-08  0.358826
-4.08407  1.25664  1.88496  1.94899e-06  0.370801
-2.82743  1.25664  1.88496  2.97902e-06  0.364791
-2.19911  1.25664  1.88496  2.99573e-06  0.348035
-1.5708  1.25664  1.88496  3.07235e-06  0.315025
-0.942478  1.25664  1.88496  3.20629e-06  0.256557
-0.314159  1.25664  1.88496  3.54205e-06  0.169282
0.314159  1.25664  1.88496  3.52918e-06  -0.169295
0.942478  1.25664  1.88496  3.27878e-06  -0.25657
1.5708  1.25664  1.88496  3.15519e-06  -0.315037
2.19911  1.25664  1.88496  3.03711e-06  -0.348048
2.82743  1.25664  1.88496  2.91776e-06  -0.364803
4.08407  1.25664  1.88496  2.60272e-06  -0.370813
7.22566  1.25664  1.88496  2.85655e-06  -0.329548
14.7655  1.25664  1.88496  2.19998e-06  -0.22234
-16.6504  1.25664  2.51327  -0.00474262  0.203413
-7.22566  1.25664  2.51327  -0.0136709  0.329386
-5.34071  1.25664  2.51327  -0.0177085  0.358748
-4.08407  1.25664  2.51327  -0.0212087  0.371016
-2.82743  1.25664  2.51327  -0.0255249  0.365923
-2.19911  1.25664  2.51327  -0.0280031  0.350083
-1.5708  1.25664  2.51327  -0.030619  0.318369
-0.942478  1.25664  2.51327  -0.0330868  0.260623
-0.314159  1.25664  2.51327  -0.0347382  0.151544
0.314159  1.25664  2.51327  -0.0347383  -0.151559
0.942478  1.25664  2.51327  -0.0330868  -0.260637
1.5708  1.25664  2.51327  -0.030619  -0.318384
2.19911  1.25664  2.51327  -0.0280033  -0.350098
2.82743  1.25664  2.51327  -0.0255252  -0.365937
4.08407  1.25664  2.51327  -0.0212084  -0.371029
7.22566  1.25664  2.51327  -0.0136722  -0.329404
14.7655  1.25664  2.51327  -0.00569375  -0.222297
-16.6504  1.25664  3.14159  -0.00654302  0.203397
-7.22566  1.25664  3.14159  -0.0188716  0.329327
-5.34071  1.25664  3.14159  -0.0244652  0.358728
-4.08407  1.25664  3.14159  -0.0293283  0.371137
-2.82743  1.25664  3.14159  -0.0353215  0.366448
-2.19911  1.25664  3.14159  -0.0387429  0.350898
-1.5708  1.25664  3.14159  -0.0423215  0.319091
-0.942478  1.25664  3.14159  -0.0456741  0.259111
-0.314159  1.25664  3.14159  -0.0478611  0.151959
0.314159  1.25664  3.14159  -0.0478612  -0.151976
0.942478  1.25664  3.14159  -0.0456742  -0.259126
1.5708  1.25664  3.14159  -0.0423216  -0.319107
2.19911  1.25664  3.14159  -0.0387432  -0.350913
2.82743  1.25664  3.14159  -0.0353219  -0.366463
4.08407  1.25664  3.14159  -0.0293282  -0.371151
7.22566  1.25664  3.14159  -0.018873  -0.329346
14.7655  1.25664  3.14159  -0.00785484  -0.222277
-16.6504  1.25664  3.76991  -0.00474262  0.203413
-7.22566  1.25664  3.76991  -0.0136709  0.329386
-5.34071  1.25664  3.76991  -0.0177085  0.358748
-4.08407  1.25664  3.76991  -0.0212087  0.371016
-2.82743  1.25664  3.76991  -0.0255249  0.365923
-2.19911  1.25664  3.76991  -0.0280031  0.350083
-1.5708  1.25664  3.76991  -0.030619  0.318369
-0.942478  1.25664  3.76991  -0.0330868  0.260623
-0.314159  1.25664  3.76991  -0.0347382  0.151544
0.314159  1.25664  3.76991  -0.0347383  -0.151559
0.942478  1.25664  3.76991  -0.0330868  -0.260637
1.5708  1.25664  3.76991  -0.030619  -0.318384
2.19911  1.25664  3.76991  -0.0280033  -0.350098
2.82743  1.25664  3.76991  -0.0255252  -0.365937
4.08407  1.25664  3.76991  -0.0212084  -0.371029
7.22566  1.25664  3.76991  -0.0136722  -0.329404
14.7655  1.25664  3.76991  -0.00569375  -0.222297
-16.6504  1.25664  4.39823  2.5756e-06  0.203448
-7.22566  1.25664  4.39823  3.87275e-06  0.329532
-5.34071  1.25664  4.39823  9.22292e-08  0.358826
-4.08407  1.25664  4.39823  1.94899e-06  0.370801
-2.82743  1.25664  4.39823  2.97902e-06  0.364791
-2.19911  1.25664  4.39823  2.99573e-06  0.348035
-1.5708  1.25664  4.39823  3.07235e-06  0.315025
-0.942478  1.25664  4.39823  3.20629e-06  0.256557
-0.314159  1.25664  4.39823  3.54205e-06  0.169282
0.314159  1.25664  4.39823  3.52918e-06  -0.169295
0.942478  1.25664  4.39823  3.27878e-06  -0.25657
1.5708  1.25664  4.39823  3.15519e-06  -0.315037
2.19911  1.25664  4.39823  3.03711e-06  -0.348048
2.82743  1.25664  4.39823  2.91776e-06  -0.364803
4.08407  1.25664  4.39823  2.60272e-06  -0.370813
7.22566  1.25664  4.39823  2.85655e-06  -0.329548
14.7655  1.25664  4.39823  2.19998e-06  -0.22234
-16.6504  1.25664  5.02655  0.00591362  0.203475
-7.22566  1.25664  5.02655  0.0169641  0.329717
-5.34071  1.25664  5.02655  0.0218201  0.359016
-4.08407  1.25664  5.02655  0.025909  0.370827
-2.82743  1.25664  5.02655  0.0307197  0.364217
-2.19911  1.25664  5.02655  0.0333399  0.346877
-1.5708  1.25664  5.02655  0.0359559  0.313109
-0.942478  1.25664  5.02655  0.0382175  0.253387
-0.314159  1.25664  5.02655  0.0395858  0.145776
0.314159  1.25664  5.02655  0.0395858  -0.145788
0.942478  1.25664  5.02655  0.0382176  -0.253398
1.5708  1.25664  5.02655  0.0359562  -0.313119
2.19911  1.25664  5.02655  0.0333401  -0.346887
2.82743  1.25664  5.02655  0.0307199  -0.364227
4.08407  1.25664  5.02655  0.0259101  -0.370836
7.22566  1.25664  5.02655  0.0169634  -0.329731
14.7655  1.25664  5.02655  0.00709757  -0.222375
-16.6504  1.25664  5.65487  0.0107149  0.203482
-7.22566  1.25664  5.65487  0.0306586  0.32986
-5.34071  1.25664  5.65487  0.0392878  0.359219
-4.08407  1.25664  5.65487  0.0463786  0.370992
-2.82743  1.25664  5.65487  0.0543338  0.363946
-2.19911  1.25664  5.65487  0.0583769  0.345815
-1.5708  1.25664  5.65487  0.0621226  0.310008
-0.942478  1.25664  5.65487  0.0651037  0.245234
-0.314159  1.25664  5.65487  0.0667835  0.138666
0.314159  1.25664  5.65487  0.0667836  -0.138675
0.942478  1.25664  5.65487  0.0651039  -0.245242
1.5708  1.25664  5.65487  0.0621229  -0.310016
2.19911  1.25664  5.65487  0.0583774  -0.345822
2.82743  1.25664  5.65487  0.0543342  -0.363954
4.08407  1.25664  5.65487  0.04638  -0.370999
7.22566  1.25664  5.65487  0.0306582  -0.329871
14.7655  1.25664  5.65487  0.0128601  -0.222385
-16.6504  1.25664  6.28319  0.0125445  0.203481
-7.22566  1.25664  6.28319  0.03585  0.329909
-5.34071  1.25664  6.28319  0.0458647  0.359301
-4.08407  1.25664  6.28319  0.0540044  0.371076
-2.82743  1.25664  6.28319  0.0629355  0.363888
-2.19911  1.25664  6.28319  0.0673314  0.345509
-1.5708  1.25664  6.28319  0.0712697  0.309256
-0.942478  1.25664  6.28319  0.0742774  0.243769
-0.314159  1.25664  6.28319  0.0758968  0.124375
0.314159  1.25664  6.28319  0.0758969  -0.124383
0.942478  1.25664  6.28319  0.0742776  -0.243777
1.5708  1.25664  6.28319  0.0712701  -0.309263
2.19911  1.25664  6.28319  0.0673318  -0.345516
2.82743  1.25664  6.28319  0.062936  -0.363895
4.08407  1.25664  6.28319  0.0540059  -0.371082
7.22566  1.25664  6.28319  0.0358496  -0.32992
14.7655  1.25664  6.28319  0.0150556  -0.222384
-16.6504  1.88496  0  0.00654817  0.203404
-7.22566  1.88496  0  0.0188793  0.329329
-5.34071  1.88496  0  0.0244653  0.358731
-4.08407  1.88496  0  0.0293323  0.37114
-2.82743  1.88496  0  0.0353275  0.366451
-2.19911  1.88496  0  0.038749  0.350901
-1.5708  1.88496  0  0.0423277  0.319094
-0.942478  1.88496  0  0.0456806  0.259113
-0.314159  1.88496  0  0.0478681  0.151962
0.314159  1.88496  0  0.0478681  -0.151973
0.942478  1.88496  0  0.0456808  -0.259123
1.5708  1.88496  0  0.0423279  -0.319104
2.19911  1.88496  0  0.0387492  -0.35091
2.82743  1.88496  0  0.0353277  -0.36646
4.08407  1.88496  0  0.0293333  -0.371149
7.22566  1.88496  0  0.0188786  -0.329342
14.7655  1.88496  0  0.00785922  -0.222275
-16.6504  1.88496  0.628319  0.00474777  0.203419
-7.22566  1.88496  0.628319  0.0136787  0.329387
-5.34071  1.88496  0.628319  0.0177087  0.35875
-4.08407  1.88496  0.628319  0.0212126  0.371018
-2.82743  1.88496  0.628319  0.0255309  0.365925
-2.19911  1.88496  0.628319  0.0280092  0.350085
-1.5708  1.88496  0.628319  0.0306252  0.318371
-0.942478  1.88496  0.628319  0.0330933  0.260625
-0.314159  1.88496  0.628319  0.0347452  0.151546
0.314159  1.88496  0.628319  0.0347452  -0.151557
0.942478  1.88496  0.628319  0.0330934  -0.260635
1.5708  1.88496  0.628319  0.0306253  -0.318382
2.19911  1.88496  0.628319  0.0280094  -0.350095
2.82743  1.88496  0.628319  0.025531  -0.365935
4.08407  1.88496  0.628319  0.0212136  -0.371027
7.22566  1.88496  0.628319  0.0136779  -0.329401
14.7655  1.88496  0.628319  0.00569814  -0.222296
-16.6504  1.88496  1.25664  2.5756e-06  0.203448
-7.22566  1.88496  1.25664  3.87275e-06  0.329532
-5.34071  1.88496  1.25664  9.22292e-08  0.358826
-4.08407  1.88496  1.25664  1.94899e-06  0.370801
-2.82743  1.88496  1.25664  2.97902e-06  0.364791
-2.19911  1.88496  1.25664  2.99573e-06  0.348035
-1.5708  1.88496  1.25664  3.07235e-06  0.315025
-0.942478  1.88496  1.25664  3.20629e-06  0.256557
-0.314159  1.88496  1.25664  3.54205e-06  0.169282
0.314159  1.88496  1.25664  3.52918e-06  -0.169295
0.942478  1.88496  1.25664  3.27878e-06  -0.25657
1.5708  1.88496  1.25664  3.15519e-06  -0.315037
2.19911  1.88496  1.25664  3.03711e-06  -0.348048
2.82743  1.88496  1.25664  2.91776e-06  -0.364803
4.08407  1.88496  1.25664  2.60272e-06  -0.370813
7.22566  1.88496  1.25664  2.85655e-06  -0.329548
14.7655  1.88496  1.25664  2.19998e-06  -0.22234
-16.6504  1.88496  1.88496  -0.00590847  0.203468
-7.22566  1.88496  1.88496  -0.0169564  0.329716
-5.34071  1.88496  1.88496  -0.0218199  0.359014
-4.08407  1.88496  1.88496  -0.0259051  0.370825
-2.82743  1.88496  1.88496  -0.0307138  0.364215
-2.19911  1.88496  1.88496  -0.0333339  0.346875
-1.5708  1.88496  1.88496  -0.0359498  0.313107
-0.942478  1.88496  1.88496  -0.038211  0.253385
-0.314159  1.88496  1.88496  -0.0395788  0.145774
0.314159  1.88496  1.88496  -0.0395789  -0.14579
0.942478  1.88496  1.88496  -0.038211  -0.2534
1.5708  1.88496  1.88496  -0.0359498  -0.313122
2.19911  1.88496  1.88496  -0.033334  -0.34689
2.82743  1.88496  1.88496  -0.0307141  -0.364229
4.08407  1.88496  1.88496  -0.0259049  -0.370839
7.22566  1.88496  1.88496  -0.0169577  -0.329734
14.7655  1.88496  1.88496  -0.00709318  -0.222376
-16.6504  1.88496  2.51327  -0.0107098  0.20347
-7.22566  1.88496  2.51327  -0.0306508  0.329857
-5.34071  1.88496  2.51327  -0.0392875  0.359215
-4.08407  1.88496  2.51327  -0.0463747  0.370988
-2.82743  1.88496  2.51327  -0.0543278  0.363942
-2.19911  1.88496  2.51327  -0.0583709  0.345811
-1.5708  1.88496  2.51327  -0.0621164  0.310004
-0.942478  1.88496  2.51327  -0.0650972  0.24523
-0.314159  1.88496  2.51327  -0.0667766  0.138661
0.314159  1.88496  2.51327  -0.0667767  -0.138679
0.942478  1.88496  2.51327  -0.0650973  -0.245247
1.5708  1.88496  2.51327  -0.0621166  -0.310021
2.19911  1.88496  2.51327  -0.0583712  -0.345827
2.82743  1.88496  2.51327  -0.0543283  -0.363958
4.08407  1.88496  2.51327  -0.0463748  -0.371004
7.22566  1.88496  2.51327  -0.0306525  -0.329877
14.7655  1.88496  2.51327  -0.0128557  -0.222388
-16.6504  1.88496  3.14159  -0.0125394  0.203467
-7.22566  1.88496  3.14159  -0.0358422  0.329906
-5.34071  1.88496  3.14159  -0.0458644  0.359297
-4.08407  1.88496  3.14159  -0.0540005  0.371071
-2.82743  1.88496  3.14159  -0.0629295  0.363883
-2.19911  1.88496  3.14159  -0.0673254  0.345504
-1.5708  1.88496  3.14159  -0.0712635  0.309251
-0.942478  1.88496  3.14159  -0.0742709  0.243764
-0.314159  1.88496  3.14159  -0.07589  0.12437
0.314159  1.88496  3.14159  -0.0758901  -0.124388
0.942478  1.88496  3.14159  -0.074271  -0.243782
1.5708  1.88496  3.14159  -0.0712637  -0.309269
2.19911  1.88496  3.14159  -0.0673257  -0.345521
2.82743  1.88496  3.14159  -0.0629301  -0.3639
4.08407  1.88496  3.14159  -0.0540007  -0.371088
7.22566  1.88496  3.14159  -0.0358439  -0.329926
14.7655  1.88496  3.14159  -0.0150512  -0.222388
-16.6504  1.88496  3.76991  -0.0107098  0.20347
-7.22566  1.88496  3.76991  -0.0306508  0.329857
-5.34071  1.88496  3.76991  -0.0392875  0.359215
-4.08407  1.88496  3.76991  -0.0463747  0.370988
-2.82743  1.88496  3.76991  -0.0543278  0.363942
-2.19911  1.88496  3.76991  -0.0583709  0.345811
-1.5708  1.88496  3.76991  -0.0621164  0.310004
-0.942478  1.88496  3.76991  -0.0650972  0.24523
-0.314159  1.88496  3.76991  -0.0667766  0.138661
0.314159  1.88496  3.76991  -0.0667767  -0.138679
0.942478  1.88496  3.76991  -0.0650973  -0.245247
1.5708  1.88496  3.76991  -0.0621166  -0.310021
2.19911  1.88496  3.76991  -0.0583712  -0.345827
2.82743  1.88496  3.76991  -0.0543283  -0.363958
4.08407  1.88496  3.76991  -0.0463748  -0.371004
7.22566  1.88496  3.76991  -0.0306525  -0.329877
14.7655  1.88496  3.76991  -0.0128557  -0.222388
-16.6504  1.88496  4.39823  -0.00590847  0.203468
-7.22566  1.88496  4.39823  -0.0169564  0.329716
-5.34071  1.88496  4.39823  -0.0218199  0.359014
-4.08407  1.88496  4.39823  -0.0259051  0.370825
-2.82743  1.88496  4.39823  -0.0307138  0.364215
-2.19911  1.88496  4.39823  -0.0333339  0.346875
-1.5708  1.88496  4.39823  -0.0359498  0.313107
-0.942478  1.88496  4.39823  -0.038211  0.253385
-0.314159  1.88496  4.39823  -0.0395788  0.145774
0.314159  1.88496  4.39823  -0.0395789  -0.14579
0.942478  1.88496  4.39823  -0.038211  -0.2534
1.5708  1.88496  4.39823  -0.0359498  -0.313122
2.19911  1.88496  4.39823  -0.033334  -0.34689
2.82743  1.88496  4.39823  -0.0307141  -0.364229
4.08407  1.88496  4.39823  -0.0259049  -0.370839
7.22566  1.88496  4.39823  -0.0169577  -0.329734
14.7655  1.88496  4.39823  -0.00709318  -0.222376
-16.6504  1.88496  5.02655  2.5756e-06  0.203448
-7.22566  1.88496  5.02655  3.87275e-06  0.329532
-5.34071  1.88496  5.02655  9.22292e-08  0.358826
-4.08407  1.88496  5.02655  1.94899e-06  0.370801
-2.82743  1.88496  5.02655  2.97902e-06  0.364791
-2.19911  1.88496  5.02655  2.99573e-06  0.348035
-1.5708  1.88496  5.02655  3.07235e-06  0.315025
-0.942478  1.88496  5.02655  3.20629e-06  0.256557
-0.314159  1.88496  5.02655  3.54205e-06  0.169282
0.314159  1.88496  5.02655  3.52918e-06  -0.169295
0.942478  1.88496  5.02655  3.27878e-06  -0.25657
1.5708  1.88496  5.02655  3.15519e-06  -0.315037
2.19911  1.88496  5.02655  3.03711e-06  -0.348048
2.82743  1.88496  5.02655  2.91776e-06  -0.364803
4.08407  1.88496  5.02655  2.60272e-06  -0.370813
7.22566  1.88496  5.02655  2.85655e-06  -0.329548
14.7655  1.88496  5.02655  2.19998e-06  -0.22234
-16.6504  1.88496  5.65487  0.00474777  0.203419
-7.22566  1.88496  5.65487  0.0136787  0.329387
-5.34071  1.88496  5.65487  0.0177087  0.35875
-4.08407  1.88496  5.65487  0.0212126  0.371018
-2.82743  1.88496  5.65487  0.0255309  0.365925
-2.19911  1.88496  5.65487  0.0280092  0.350085
-1.5708  1.88496  5.65487  0.0306252  0.318371
-0.942478  1.88496  5.65487  0.0330933  0.260625
-0.314159  1.88496  5.65487  0.0347452  0.151546
0.314159  1.88496  5.65487  0.0347452  -0.151557
0.942478  1.88496  5.65487  0.0330934  -0.260635
1.5708  1.88496  5.65487  0.0306253  -0.318382
2.19911  1.88496  5.65487  0.0280094  -0.350095
2.82743  1.88496  5.65487  0.025531  -0.365935
4.08407  1.88496  5.65487  0.0212136  -0.371027
7.22566  1.88496  5.65487  0.0136779  -0.329401
14.7655  1.88496  5.65487  0.00569814  -0.222296
-16.6504  1.88496  6.28319  0.00654817  0.203404
-7.22566  1.88496  6.28319  0.0188793  0.329329
-5.34071  1.88496  6.28319  0.0244653  0.358731
-4.08407  1.88496  6.28319  0.0293323  0.37114
-2.82743  1.88496  6.28319  0.0353275  0.366451
-2.19911  1.88496  6.28319  0.038749  0.350901
-1.5708  1.88496  6.28319  0.0423277  0.319094
-0.942478  1.88496  6.28319  0.0456806  0.259113
-0.314159  1.88496  6.28319  0.0478681  0.151962
0.314159  1.88496  6.28319  0.0478681  -0.151973
0.942478  1.88496  6.28319  0.0456808  -0.259123
1.5708  1.88496  6.28319  0.0423279  -0.319104
2.19911  1.88496  6.28319  0.0387492  -0.35091
2.82743  1.88496  6.28319  0.0353277  -0.36646
4.08407  1.88496  6.28319  0.0293333  -0.371149
7.22566  1.88496  6.28319  0.0188786  -0.329342
14.7655  1.88496  6.28319  0.00785922  -0.222275
-16.6504  2.51327  0  0.00179356  0.20333
-7.22566  2.51327  0  0.00520418  0.328822
-5.34071  2.51327  0  0.00681136  0.358164
-4.08407  2.51327  0  0.00829174  0.37093
-2.82743  2.51327  0  0.0102801  0.367915
-2.19911  2.51327  0  0.0115406  0.354576
-1.5708  2.51327  0  0.013021  0.327336
-0.942478  2.51327  0  0.0147631  0.277414
-0.314159  2.51327  0  0.0160607  0.179519
0.314159  2.51327  0  0.0160605  -0.179532
0.942478  2.51327  0  0.0147631  -0.277426
1.5708  2.51327  0  0.0130211  -0.327347
2.19911  2.51327  0  0.0115406  -0.354587
2.82743  2.51327  0  0.01028  -0.367926
4.08407  2.51327  0  0.00829249  -0.370941
7.22566  2.51327  0  0.00520333  -0.328837
14.7655  2.51327  0  0.0021521  -0.222172
-16.6504  2.51327  0.628319  2.57883e-06  0.203355
-7.22566  2.51327  0.628319  3.81811e-06  0.328983
-5.34071  2.51327  0.628319  3.56076e-08  0.358334
-4.08407  2.51327  0.628319  1.96214e-06  0.370968
-2.82743  2.51327  0.628319  2.99364e-06  0.36736
-2.19911  2.51327  0.628319  3.01381e-06  0.35322
-1.5708  2.51327  0.628319  3.10416e-06  0.324236
-0.942478  2.51327  0.628319  3.26008e-06  0.270472
-0.314159  2.51327  0.628319  3.60854e-06  0.182051
0.314159  2.51327  0.628319  3.5499e-06  -0.182065
0.942478  2.51327  0.628319  3.27447e-06  -0.270485
1.5708  2.51327  0.628319  3.13129e-06  -0.324249
2.19911  2.51327  0.628319  2.99838e-06  -0.353232
2.82743  2.51327  0.628319  2.84703e-06  -0.367372
4.08407  2.51327  0.628319  2.58775e-06  -0.37098
7.22566  2.51327  0.628319  2.85304e-06  -0.328999
14.7655  2.51327  0.628319  2.19351e-06  -0.22221
-16.6504  2.51327  1.25664  -0.00474262  0.203413
-7.22566  2.51327  1.25664  -0.0136709  0.329386
-5.34071  2.51327  1.25664  -0.0177085  0.358748
-4.08407  2.51327  1.25664  -0.0212087  0.371016
-2.82743  2.51327  1.25664  -0.0255249  0.365923
-2.19911  2.51327  1.25664  -0.0280031  0.350083
-1.5708  2.51327  1.25664  -0.030619  0.318369
-0.942478  2.51327  1.25664  -0.0330868  0.260623
-0.314159  2.51327  1.25664  -0.0347382  0.151544
0.314159  2.51327  1.25664  -0.0347383  -0.151559
0.942478  2.51327  1.25664  -0.0330868  -0.260637
1.5708  2.51327  1.25664  -0.030619  -0.318384
2.19911  2.51327  1.25664  -0.0280033  -0.350098
2.82743  2.51327  1.25664  -0.0255252  -0.365937
4.08407  2.51327  1.25664  -0.0212084  -0.371029
7.22566  2.51327  1.25664  -0.0136722  -0.329404
14.7655  2.51327  1.25664  -0.00569375  -0.222297
-16.6504  2.51327  1.88496  -0.0107098  0.20347
-7.22566  2.51327  1.88496  -0.0306508  0.329857
-5.34071  2.51327  1.88496  -0.0392875  0.359215
-4.08407  2.51327  1.88496  -0.0463747  0.370988
-2.82743  2.51327  1.88496  -0.0543278  0.363942
-2.19911  2.51327  1.88496  -0.0583709  0.345811
-1.5708  2.51327  1.88496  -0.0621164  0.310004
-0.942478  2.51327  1.88496  -0.0650972  0.24523
-0.314159  2.51327  1.88496  -0.0667766  0.138661
0.314159  2.51327  1.88496  -0.0667767  -0.138679
0.942478  2.51327  1.88496  -0.0650973  -0.245247
1.5708  2.51327  1.88496  -0.0621166  -0.310021
2.19911  2.51327  1.88496  -0.0583712  -0.345827
2.82743  2.51327  1.88496  -0.0543283  -0.363958
4.08407  2.51327  1.88496  -0.0463748  -0.371004
7.22566  2.51327  1.88496  -0.0306525  -0.329877
14.7655  2.51327  1.88496  -0.0128557  -0.222388
-16.6504  2.51327  2.51327  -0.0156222  0.203501
-7.22566  2.51327  2.51327  -0.0444544  0.330211
-5.34071  2.51327  2.51327  -0.056503  0.359554
-4.08407  2.51327  2.51327  -0.065926  0.370891
-2.82743  2.51327  2.51327  -0.0756545  0.362205
-2.19911  2.51327  2.51327  -0.0800947  0.342316
-1.5708  2.51327  2.51327  -0.0837962  0.303979
-0.942478  2.51327  2.51327  -0.0863983  0.236555
-0.314159  2.51327  2.51327  -0.0876994  0.119023
0.314159  2.51327  2.51327  -0.0876994  -0.119043
0.942478  2.51327  2.51327  -0.0863984  -0.236574
1.5708  2.51327  2.51327  -0.0837964  -0.303997
2.19911  2.51327  2.51327  -0.0800951  -0.342334
2.82743  2.51327  2.51327  -0.0756551  -0.362223
4.08407  2.51327  2.51327  -0.0659265  -0.370909
7.22566  2.51327  2.51327  -0.0444563  -0.330233
14.7655  2.51327  2.51327  -0.0187513  -0.222444
-16.6504  2.51327  3.14159  -0.0175134  0.203508
-7.22566  2.51327  3.14159  -0.0497226  0.330332
-5.34071  2.51327  3.14159  -0.0629941  0.35966
-4.08407  2.51327  3.14159  -0.0731763  0.370811
-2.82743  2.51327  3.14159  -0.0833471  0.361426
-2.19911  2.51327  3.14159  -0.0878022  0.34072
-1.5708  2.51327  3.14159  -0.0913905  0.300905
-0.942478  2.51327  3.14159  -0.0938382  0.231222
-0.314159  2.51327  3.14159  -0.0950437  0.1247
0.314159  2.51327  3.14159  -0.0950437  -0.124721
0.942478  2.51327  3.14159  -0.0938383  -0.231242
1.5708  2.51327  3.14159  -0.0913907  -0.300924
2.19911  2.51327  3.14159  -0.0878026  -0.340739
2.82743  2.51327  3.14159  -0.0833477  -0.361445
4.08407  2.51327  3.14159  -0.0731768  -0.37083
7.22566  2.51327  3.14159  -0.0497246  -0.330355
14.7655  2.51327  3.14159  -0.0210206  -0.22246
-16.6504  2.51327  3.76991  -0.0156222  0.203501
-7.22566  2.51327  3.76991  -0.0444544  0.330211
-5.34071  2.51327  3.76991  -0.056503  0.359554
-4.08407  2.51327  3.76991  -0.065926  0.370891
-2.82743  2.51327  3.76991  -0.0756545  0.362205
-2.19911  2.51327  3.76991  -0.0800947  0.342316
-1.5708  2.51327  3.76991  -0.0837962  0.303979
-0.942478  2.51327  3.76991  -0.0863983  0.236555
-0.314159  2.51327  3.76991  -0.0876994  0.119023
0.314159  2.51327  3.76991  -0.0876994  -0.119043
0.942478  2.51327  3.76991  -0.0863984  -0.236574
1.5708  2.51327  3.76991  -0.0837964  -0.303997
2.19911  2.51327  3.76991  -0.0800951  -0.342334
2.82743  2.51327  3.76991  -0.0756551  -0.362223
4.08407  2.51327  3.76991  -0.0659265  -0.370909
7.22566  2.51327  3.76991  -0.0444563  -0.330233
14.7655  2.51327  3.76991  -0.0187513  -0.222444
-16.6504  2.51327  4.39823  -0.0107098  0.20347
-7.22566  2.51327  4.39823  -0.0306508  0.329857
-5.34071  2.51327  4.39823  -0.0392875  0.359215
-4.08407  2.51327  4.39823  -0.0463747  0.370988
-2.82743  2.51327  4.39823  -0.0543278  0.363942
-2.19911  2.51327  4.39823  -0.0583709  0.345811
-1.5708  2.51327  4.39823  -0.0621164  0.310004
-0.942478  2.51327  4.39823  -0.0650972  0.24523
-0.314159  2.51327  4.39823  -0.0667766  0.138661
0.314159  2.51327  4.39823  -0.0667767  -0.138679
0.942478  2.51327  4.39823  -0.0650973  -0.245247
1.5708  2.51327  4.39823  -0.0621166  -0.310021
2.19911  2.51327  4.39823  -0.0583712  -0.345827
2.82743  2.51327  4.39823  -0.0543283  -0.363958
4.08407  2.51327  4.39823  -0.0463748  -0.371004
7.22566  2.51327  4.39823  -0.0306525  -0.329877
14.7655  2.51327  4.39823  -0.0128557  -0.222388
-16.6504  2.51327  5.02655  -0.00474262  0.203413
-7.22566  2.51327  5.02655  -0.0136709  0.329386
-5.34071  2.51327  5.02655  -0.0177085  0.358748
-4.08407  2.51327  5.02655  -0.0212087  0.371016
-2.82743  2.51327  5.02655  -0.0255249  0.365923
-2.19911  2.51327  5.02655  -0.0280031  0.350083
-1.5708  2.51327  5.02655  -0.030619  0.318369
-0.942478  2.51327  5.02655  -0.0330868  0.260623
-0.314159  2.51327  5.02655  -0.0347382  0.151544
0.314159  2.51327  5.02655  -0.0347383  -0.151559
0.942478  2.51327  5.02655  -0.0330868  -0.260637
1.5708  2.51327  5.02655  -0.030619  -0.318384
2.19911  2.51327  5.02655  -0.0280033  -0.350098
2.82743  2.51327  5.02655  -0.0255252  -0.365937
4.08407  2.51327  5.02655  -0.0212084  -0.371029
7.22566  2.51327  5.02655  -0.0136722  -0.329404
14.7655  2.51327  5.02655  -0.00569375  -0.222297
-16.6504  2.51327  5.65487  2.57883e-06  0.203355
-7.22566  2.51327  5.65487  3.81811e-06  0.328983
-5.34071  2.51327  5.65487  3.56076e-08  0.358334
-4.08407  2.51327  5.65487  1.96214e-06  0.370968
-2.82743  2.51327  5.65487  2.99364e-06  0.36736
-2.19911  2.51327  5.65487  3.01381e-06  0.35322
-1.5708  2.51327  5.65487  3.10416e-06  0.324236
-0.942478  2.51327  5.65487  3.26008e-06  0.270472
-0.314159  2.51327  5.65487  3.60854e-06  0.182051
0.314159  2.51327  5.65487  3.5499e-06  -0.182065
0.942478  2.51327  5.65487  3.27447e-06  -0.270485
1.5708  2.51327  5.65487  3.13129e-06  -0.324249
2.19911  2.51327  5.65487  2.99838e-06  -0.353232
2.82743  2.51327  5.65487  2.84703e-06  -0.367372
4.08407  2.51327  5.65487  2.58775e-06  -0.37098
7.22566  2.51327  5.65487  2.85304e-06  -0.328999
14.7655  2.51327  5.65487  2.19351e-06  -0.22221
-16.6504  2.51327  6.28319  0.00179356  0.20333
-7.22566  2.51327  6.28319  0.00520418  0.328822
-5.34071  2.51327  6.28319  0.00681136  0.358164
-4.08407  2.51327  6.28319  0.00829174  0.37093
-2.82743  2.51327  6.28319  0.0102801  0.367915
-2.19911  2.51327  6.28319  0.0115406  0.354576
-1.5708  2.51327  6.28319  0.013021  0.327336
-0.942478  2.51327  6.28319  0.0147631  0.277414
-0.314159  2.51327  6.28319  0.0160607  0.179519
0.314159  2.51327  6.28319  0.0160605  -0.179532
0.942478  2.51327  6.28319  0.0147631  -0.277426
1.5708  2.51327  6.28319  0.0130211  -0.327347
2.19911  2.51327  6.28319  0.0115406  -0.354587
2.82743  2.51327  6.28319  0.01028  -0.367926
4.08407  2.51327  6.28319  0.00829249  -0.370941
7.22566  2.51327  6.28319  0.00520333  -0.328837
14.7655  2.51327  6.28319  0.0021521  -0.222172
-16.6504  3.14159  0  2.57953e-06  0.203299
-7.22566  3.14159  0  3.78919e-06  0.328618
-5.34071  3.14159  0  1.95311e-09  0.357918
-4.08407  3.14159  0  1.95939e-06  0.370774
-2.82743  3.14159  0  2.98718e-06  0.368235
-2.19911  3.14159  0  3.00321e-06  0.355494
-1.5708  3.14159  0  3.09238e-06  0.32932
-0.942478  3.14159  0  3.25792e-06  0.281708
-0.314159  3.14159  0  3.69911e-06  0.211613
0.314159  3.14159  0  3.61677e-06  -0.211627
0.942478  3.14159  0  3.25718e-06  -0.281721
1.5708  3.14159  0  3.10625e-06  -0.329332
2.19911  3.14159  0  2.96837e-06  -0.355506
2.82743  3.14159  0  2.80337e-06  -0.368247
4.08407  3.14159  0  2.58928e-06  -0.370786
7.22566  3.14159  0  2.85411e-06  -0.328634
14.7655  3.14159  0  2.18593e-06  -0.22213
-16.6504  3.14159  0.628319  -0.0017884  0.203328
-7.22566  3.14159  0.628319  -0.00519658  0.328821
-5.34071  3.14159  0.628319  -0.00681131  0.358163
-4.08407  3.14159  0.628319  -0.00828782  0.37093
-2.82743  3.14159  0.628319  -0.0102741  0.367914
-2.19911  3.14159  0.628319  -0.0115345  0.354575
-1.5708  3.14159  0.628319  -0.0130148  0.327335
-0.942478  3.14159  0.628319  -0.0147565  0.277413
-0.314159  3.14159  0.628319  -0.0160534  0.179518
0.314159  3.14159  0.628319  -0.0160536  -0.179533
0.942478  3.14159  0.628319  -0.0147565  -0.277427
1.5708  3.14159  0.628319  -0.0130148  -0.327348
2.19911  3.14159  0.628319  -0.0115346  -0.354588
2.82743  3.14159  0.628319  -0.0102743  -0.367927
4.08407  3.14159  0.628319  -0.00828731  -0.370942
7.22566  3.14159  0.628319  -0.00519762  -0.328838
14.7655  3.14159  0.628319  -0.00214772  -0.222173
-16.6504  3.14159  1.25664  -0.00654302  0.203397
-7.22566  3.14159  1.25664  -0.0188716  0.329327
-5.34071  3.14159  1.25664  -0.0244652  0.358728
-4.08407  3.14159  1.25664  -0.0293283  0.371137
-2.82743  3.14159  1.25664  -0.0353215  0.366448
-2.19911  3.14159  1.25664  -0.0387429  0.350898
-1.5708  3.14159  1.25664  -0.0423215  0.319091
-0.942478  3.14159  1.25664  -0.0456741  0.259111
-0.314159  3.14159  1.25664  -0.0478611  0.151959
0.314159  3.14159  1.25664  -0.0478612  -0.151976
0.942478  3.14159  1.25664  -0.0456742  -0.259126
1.5708  3.14159  1.25664  -0.0423216  -0.319107
2.19911  3.14159  1.25664  -0.0387432  -0.350913
2.82743  3.14159  1.25664  -0.0353219  -0.366463
4.08407  3.14159  1.25664  -0.0293282  -0.371151
7.22566  3.14159  1.25664  -0.018873  -0.329346
14.7655  3.14159  1.25664  -0.00785484  -0.222277
-16.6504  3.14159  1.88496  -0.0125394  0.203467
-7.22566  3.14159  1.88496  -0.0358422  0.329906
-5.34071  3.14159  1.88496  -0.0458644  0.359297
-4.08407  3.14159  1.88496  -0.0540005  0.371071
-2.82743  3.14159  1.88496  -0.0629295  0.363883
-2.19911  3.14159  1.88496  -0.0673254  0.345504
-1.5708  3.14159  1.88496  -0.0712635  0.309251
-0.942478  3.14159  1.88496  -0.0742709  0.243764
-0.314159  3.14159  1.88496  -0.07589  0.12437
0.314159  3.14159  1.88496  -0.0758901  -0.124388
0.942478  3.14159  1.88496  -0.074271  -0.243782
1.5708  3.14159  1.88496  -0.0712637  -0.309269
2.19911  3.14159  1.88496  -0.0673257  -0.345521
2.82743  3.14159  1.88496  -0.0629301  -0.3639
4.08407  3.14159  1.88496  -0.0540007  -0.371088
7.22566  3.14159  1.88496  -0.0358439  -0.329926
14.7655  3.14159  1.88496  -0.0150512  -0.222388
-16.6504  3.14159  2.51327  -0.0175134  0.203508
-7.22566  3.14159  2.51327  -0.0497226  0.330332
-5.34071  3.14159  2.51327  -0.0629941  0.35966
-4.08407  3.14159  2.51327  -0.0731763  0.370811
-2.82743  3.14159  2.51327  -0.0833471  0.361426
-2.19911  3.14159  2.51327  -0.0878022  0.34072
-1.5708  3.14159  2.51327  -0.0913905  0.300905
-0.942478  3.14159  2.51327  -0.0938382  0.231222
-0.314159  3.14159  2.51327  -0.0950437  0.1247
0.314159  3.14159  2.51327  -0.0950437  -0.124721
0.942478  3.14159  2.51327  -0.0938383  -0.231242
1.5708  3.14159  2.51327  -0.0913907  -0.300924
2.19911  3.14159  2.51327  -0.0878026  -0.340739
2.82743  3.14159  2.51327  -0.0833477  -0.361445
4.08407  3.14159  2.51327  -0.0731768  -0.37083
7.22566  3.14159  2.51327  -0.0497246  -0.330355
14.7655  3.14159  2.51327  -0.0210206  -0.22246
-16.6504  3.14159  3.14159  -0.0194517  0.203519
-7.22566  3.14159  3.14159  -0.0551008  0.330479
-5.34071  3.14159  3.14159  -0.0695611  0.359769
-4.08407  3.14159  3.14159  -0.0804267  0.370666
-2.82743  3.14159  3.14159  -0.0909231  0.360473
-2.19911  3.14159  3.14159  -0.095347  0.339062
-1.5708  3.14159  3.14159  -0.0988074  0.298619
-0.942478  3.14159  3.14159  -0.101117  0.229268
-0.314159  3.14159  3.14159  -0.102249  0.113813
0.314159  3.14159  3.14159  -0.102249  -0.113834
0.942478  3.14159  3.14159  -0.101117  -0.229289
1.5708  3.14159  3.14159  -0.0988076  -0.298639
2.19911  3.14159  3.14159  -0.0953475  -0.339082
2.82743  3.14159  3.14159  -0.0909238  -0.360493
4.08407  3.14159  3.14159  -0.0804274  -0.370686
7.22566  3.14159  3.14159  -0.0551028  -0.330502
14.7655  3.14159  3.14159  -0.0233474  -0.222482
-16.6504  3.14159  3.76991  -0.0175134  0.203508
-7.22566  3.14159  3.76991  -0.0497226  0.330332
-5.34071  3.14159  3.76991  -0.0629941  0.35966
-4.08407  3.14159  3.76991  -0.0731763  0.370811
-2.82743  3.14159  3.76991  -0.0833471  0.361426
-2.19911  3.14159  3.76991  -0.0878022  0.34072
-1.5708  3.14159  3.76991  -0.0913905  0.300905
-0.942478  3.14159  3.76991  -0.0938382  0.231222
-0.314159  3.14159  3.76991  -0.0950437  0.1247
0.314159  3.14159  3.76991  -0.0950437  -0.124721
0.942478  3.14159  3.76991  -0.0938383  -0.231242
1.5708  3.14159  3.76991  -0.0913907  -0.300924
2.19911  3.14159  3.76991  -0.0878026  -0.340739
2.82743  3.14159  3.76991  -0.0833477  -0.361445
4.08407  3.14159  3.76991  -0.0731768  -0.37083
7.22566  3.14159  3.76991  -0.0497246  -0.330355
14.7655  3.14159  3.76991  -0.0210206  -0.22246
-16.6504  3.14159  4.39823  -0.0125394  0.203467
-7.22566  3.14159  4.39823  -0.0358422  0.329906
-5.34071  3.14159  4.39823  -0.0458644  0.359297
-4.08407  3.14159  4.39823  -0.0540005  0.371071
-2.82743  3.14159  4.39823  -0.0629295  0.363883
-2.19911  3.14159  4.39823  -0.0673254  0.345504
-1.5708  3.14159  4.39823  -0.0712635  0.309251
-0.942478  3.14159  4.39823  -0.0742709  0.243764
-0.314159  3.14159  4.39823  -0.07589  0.12437
0.314159  3.14159  4.39823  -0.0758901  -0.124388
0.942478  3.14159  4.39823  -0.074271  -0.243782
1.5708  3.14159  4.39823  -0.0712637  -0.309269
2.19911  3.14159  4.39823  -0.0673257  -0.345521
2.82743  3.14159  4.39823  -0.0629301  -0.3639
4.08407  3.14159  4.39823  -0.0540007  -0.371088
7.22566  3.14159  4.39823  -0.0358439  -0.329926
14.7655  3.14159  4.39823  -0.0150512  -0.222388
-16.6504  3.14159  5.02655  -0.00654302  0.203397
-7.22566  3.14159  5.02655  -0.0188716  0.329327
-5.34071  3.14159  5.02655  -0.0244652  0.358728
-4.08407  3.14159  5.02655  -0.0293283  0.371137
-2.82743  3.14159  5.02655  -0.0353215  0.366448
-2.19911  3.14159  5.02655  -0.0387429  0.350898
-1.5708  3.14159  5.02655  -0.0423215  0.319091
-0.942478  3.14159  5.02655  -0.0456741  0.259111
-0.314159  3.14159  5.02655  -0.0478611  0.151959
0.314159  3.14159  5.02655  -0.0478612  -0.151976
0.942478  3.14159  5.02655  -0.0456742  -0.259126
1.5708  3.14159  5.02655  -0.0423216  -0.319107
2.19911  3.14159  5.02655  -0.0387432  -0.350913
2.82743  3.14159  5.02655  -0.0353219  -0.366463
4.08407  3.14159  5.02655  -0.0293282  -0.371151
7.22566  3.14159  5.02655  -0.018873  -0.329346
14.7655  3.14159  5.02655  -0.00785484  -0.222277
-16.6504  3.14159  5.65487  -0.0017884  0.203328
-7.22566  3.14159  5.65487  -0.00519658  0.328821
-5.34071  3.14159  5.65487  -0.00681131  0.358163
-4.08407  3.14159  5.65487  -0.00828782  0.37093
-2.82743  3.14159  5.65487  -0.0102741  0.367914
-2.19911  3.14159  5.65487  -0.0115345  0.354575
-1.5708  3.14159  5.65487  -0.0130148  0.327335
-0.942478  3.14159  5.65487  -0.0147565  0.277413
-0.314159  3.14159  5.65487  -0.0160534  0.179518
0.314159  3.14159  5.65487  -0.0160536  -0.179533
0.942478  3.14159  5.65487  -0.0147565  -0.277427
1.5708  3.14159  5.65487  -0.0130148  -0.327348
2.19911  3.14159  5.65487  -0.0115346  -0.354588
2.82743  3.14159  5.65487  -0.0102743  -0.367927
4.08407  3.14159  5.65487  -0.00828731  -0.370942
7.22566  3.14159  5.65487  -0.00519762  -0.328838
14.7655  3.14159  5.65487  -0.00214772  -0.222173
-16.6504  3.14159  6.28319  2.57953e-06  0.203299
-7.22566  3.14159  6.28319  3.78919e-06  0.328618
-5.34071  3.14159  6.28319  1.95311e-09  0.357918
-4.08407  3.14159  6.28319  1.95939e-06  0.370774
-2.82743  3.14159  6.28319  2.98718e-06  0.368235
-2.19911  3.14159  6.28319  3.00321e-06  0.355494
-1.5708  3.14159  6.28319  3.09238e-06  0.32932
-0.942478  3.14159  6.28319  3.25792e-06  0.281708
-0.314159  3.14159  6.28319  3.69911e-06  0.211613
0.314159  3.14159  6.28319  3.61677e-06  -0.211627
0.942478  3.14159  6.28319  3.25718e-06  -0.281721
1.5708  3.14159  6.28319  3.10625e-06  -0.329332
2.19911  3.14159  6.28319  2.96837e-06  -0.355506
2.82743  3.14159  6.28319  2.80337e-06  -0.368247
4.08407  3.14159  6.28319  2.58928e-06  -0.370786
7.22566  3.14159  6.28319  2.85411e-06  -0.328634
14.7655  3.14159  6.28319  2.18593e-06  -0.22213
-16.6504  3.76991  0  0.00179356  0.20333
-7.22566  3.76991  0  0.00520418  0.328822
-5.34071  3.76991  0  0.00681136  0.358164
-4.08407  3.76991  0  0.00829174  0.37093
-2.82743  3.76991  0  0.0102801  0.367915
-2.19911  3.76991  0  0.0115406  0.354576
-1.5708  3.76991  0  0.013021  0.327336
-0.942478  3.76991  0  0.0147631  0.277414
-0.314159  3.76991  0  0.0160607  0.179519
0.314159  3.76991  0  0.0160605  -0.179532
0.942478  3.76991  0  0.0147631  -0.277426
1.5708  3.76991  0  0.0130211  -0.327347
2.19911  3.76991  0  0.0115406  -0.354587
2.82743  3.76991  0  0.01028  -0.367926
4.08407  3.76991  0  0.00829249  -0.370941
7.22566  3.76991  0  0.00520333  -0.328837
14.7655  3.76991  0  0.0021521  -0.222172
-16.6504  3.76991  0.628319  2.57883e-06  0.203355
-7.22566  3.76991  0.628319  3.81811e-06  0.328983
-5.34071  3.76991  0.628319  3.56076e-08  0.358334
-4.08407  3.76991  0.628319  1.96214e-06  0.370968
-2.82743  3.76991  0.628319  2.99364e-06  0.36736
-2.19911  3.76991  0.628319  3.01381e-06  0.35322
-1.5708  3.76991  0.628319  3.10416e-06  0.324236
-0.942478  3.76991  0.628319  3.26008e-06  0.270472
-0.314159  3.76991  0.628319  3.60854e-06  0.182051
0.314159  3.76991  0.628319  3.5499e-06  -0.182065
0.942478  3.76991  0.628319  3.27447e-06  -0.270485
1.5708  3.76991  0.628319  3.13129e-06  -0.324249
2.19911  3.76991  0.628319  2.99838e-06  -0.353232
2.82743  3.76991  0.628319  2.84703e-06  -0.367372
4.08407  3.76991  0.628319  2.58775e-06  -0.37098
7.22566  3.76991  0.628319  2.85304e-06  -0.328999
14.7655  3.76991  0.628319  2.19351e-06  -0.22221
-16.6504  3.76991  1.25664  -0.00474262  0.203413
-7.22566  3.76991  1.25664  -0.0136709  0.329386
-5.34071  3.76991  1.25664  -0.0177085  0.358748
-4.08407  3.76991  1.25664  -0.0212087  0.371016
-2.82743  3.76991  1.25664  -0.0255249  0.365923
-2.19911  3.76991  1.25664  -0.0280031  0.350083
-1.5708  3.76991  1.25664  -0.030619  0.318369
-0.942478  3.76991  1.25664  -0.0330868  0.260623
-0.314159  3.76991  1.25664  -0.0347382  0.151544
0.314159  3.76991  1.25664  -0.0347383  -0.151559
0.942478  3.76991  1.25664  -0.0330868  -0.260637
1.5708  3.76991  1.25664  -0.030619  -0.318384
2.19911  3.76991  1.25664  -0.0280033  -0.350098
2.82743  3.76991  1.25664  -0.0255252  -0.365937
4.08407  3.76991  1.25664  -0.0212084  -0.371029
7.22566  3.76991  1.25664  -0.0136722  -0.329404
14.7655  3.76991  1.25664  -0.00569375  -0.222297
-16.6504  3.76991  1.88496  -0.0107098  0.20347
-7.22566  3.76991  1.88496  -0.0306508  0.329857
-5.34071  3.76991  1.88496  -0.0392875  0.359215
-4.08407  3.76991  1.88496  -0.0463747  0.370988
-2.82743  3.76991  1.88496  -0.0543278  0.363942
-2.19911  3.76991  1.88496  -0.0583709  0.345811
-1.5708  3.76991  1.88496  -0.0621164  0.310004
-0.942478  3.76991  1.88496  -0.0650972  0.24523
-0.314159  3.76991  1.88496  -0.0667766  0.138661
0.314159  3.76991  1.88496  -0.0667767  -0.138679
0.942478  3.76991  1.88496  -0.0650973  -0.245247
1.5708  3.76991  1.88496  -0.0621166  -0.310021
2.19911  3.76991  1.88496  -0.0583712  -0.345827
2.82743  3.76991  1.88496  -0.0543283  -0.363958
4.08407  3.76991  1.88496  -0.0463748  -0.371004
7.22566  3.76991  1.88496  -0.0306525  -0.329877
14.7655  3.76991  1.88496  -0.0128557  -0.222388
-16.6504  3.76991  2.51327  -0.0156222  0.203501
-7.22566  3.76991  2.51327  -0.0444544  0.330211
-5.34071  3.76991  2.51327  -0.056503  0.359554
-4.08407  3.76991  2.51327  -0.065926  0.370891
-2.82743  3.76991  2.51327  -0.0756545  0.362205
-2.19911  3.76991  2.51327  -0.0800947  0.342316
-1.5708  3.76991  2.51327  -0.0837962  0.303979
-0.942478  3.76991  2.51327  -0.0863983  0.236555
-0.314159  3.76991  2.51327  -0.0876994  0.119023
0.314159  3.76991  2.51327  -0.0876994  -0.119043
0.942478  3.76991  2.51327  -0.0863984  -0.236574
1.5708  3.76991  2.51327  -0.0837964  -0.303997
2.19911  3.76991  2.51327  -0.0800951  -0.342334
2.82743  3.76991  2.51327  -0.0756551  -0.362223
4.08407  3.76991  2.51327  -0.0659265  -0.370909
7.22566  3.76991  2.51327  -0.0444563  -0.330233
14.7655  3.76991  2.51327  -0.0187513  -0.222444
-16.6504  3.76991  3.14159  -0.0175134  0.203508
-7.22566  3.76991  3.14159  -0.0497226  0.330332
-5.34071  3.76991  3.14159  -0.0629941  0.35966
-4.08407  3.76991  3.14159  -0.0731763  0.370811
-2.82743  3.76991  3.14159  -0.0833471  0.361426
-2.19911  3.76991  3.14159  -0.0878022  0.34072
-1.5708  3.76991  3.14159  -0.0913905  0.300905
-0.942478  3.76991  3.14159  -0.0938382  0.231222
-0.314159  3.76991  3.14159  -0.0950437  0.1247
0.314159  3.76991  3.14159  -0.0950437  -0.124721
0.942478  3.76991  3.14159  -0.0938383  -0.231242
1.5708  3.76991  3.14159  -0.0913907  -0.300924
2.19911  3.76991  3.14159  -0.0878026  -0.340739
2.82743  3.76991  3.14159  -0.0833477  -0.361445
4.08407  3.76991  3.14159  -0.0731768  -0.37083
7.22566  3.76991  3.14159  -0.0497246  -0.330355
14.7655  3.76991  3.14159  -0.0210206  -0.22246
-16.6504  3.76991  3.76991  -0.0156222  0.203501
-7.22566  3.76991  3.76991  -0.0444544  0.330211
-5.34071  3.76991  3.76991  -0.056503  0.359554
-4.08407  3.76991  3.76991  -0.065926  0.370891
-2.82743  3.76991  3.76991  -0.0756545  0.362205
-2.19911  3.76991  3.76991  -0.0800947  0.342316
-1.5708  3.76991  3.76991  -0.0837962  0.303979
-0.942478  3.76991  3.76991  -0.0863983  0.236555
-0.314159  3.76991  3.76991  -0.0876994  0.119023
0.314159  3.76991  3.76991  -0.0876994  -0.119043
0.942478  3.76991  3.76991  -0.0863984  -0.236574
1.5708  3.76991  3.76991  -0.0837964  -0.303997
2.19911  3.76991  3.76991  -0.0800951  -0.342334
2.82743  3.76991  3.76991  -0.0756551  -0.362223
4.08407  3.76991  3.76991  -0.0659265  -0.370909
7.22566  3.76991  3.76991  -0.0444563  -0.330233
14.7655  3.76991  3.76991  -0.0187513  -0.222444
-16.6504  3.76991  4.39823  -0.0107098  0.20347
-7.22566  3.76991  4.39823  -0.0306508  0.329857
-5.34071  3.76991  4.39823  -0.0392875  0.359215
-4.08407  3.76991  4.39823  -0.0463747  0.370988
-2.82743  3.76991  4.39823  -0.0543278  0.363942
-2.19911  3.76991  4.39823  -0.0583709  0.345811
-1.5708  3.76991  4.39823  -0.0621164  0.310004
-0.942478  3.76991  4.39823  -0.0650972  0.24523
-0.314159  3.76991  4.39823  -0.0667766  0.138661
0.314159  3.76991  4.39823  -0.0667767  -0.138679
0.942478  3.76991  4.39823  -0.0650973  -0.245247
1.5708  3.76991  4.39823  -0.0621166  -0.310021
2.19911  3.76991  4.39823  -0.0583712  -0.345827
2.82743  3.76991  4.39823  -0.0543283  -0.363958
4.08407  3.76991  4.39823  -0.0463748  -0.371004
7.22566  3.76991  4.39823  -0.0306525  -0.329877
14.7655  3.76991  4.39823  -0.0128557  -0.222388
-16.6504  3.76991  5.02655  -0.00474262  0.203413
-7.22566  3.76991  5.02655  -0.0136709  0.329386
-5.34071  3.76991  5.02655  -0.0177085  0.358748
-4.08407  3.76991  5.02655  -0.0212087  0.371016
-2.82743  3.76991  5.02655  -0.0255249  0.365923
-2.19911  3.76991  5.02655  -0.0280031  0.350083
-1.5708  3.76991  5.02655  -0.030619  0.318369
-0.942478  3.76991  5.02655  -0.0330868  0.260623
-0.314159  3.76991  5.02655  -0.0347382  0.151544
0.314159  3.76991  5.02655  -0.0347383  -0.151559
0.942478  3.76991  5.02655  -0.0330868  -0.260637
1.5708  3.76991  5.02655  -0.030619  -0.318384
2.19911  3.76991  5.02655  -0.0280033  -0.350098
2.82743  3.76991  5.02655  -0.0255252  -0.365937
4.08407  3.76991  5.02655  -0.0212084  -0.371029
7.22566  3.76991  5.02655  -0.0136722  -0.329404
14.7655  3.76991  5.02655  -0.00569375  -0.222297
-16.6504  3.76991  5.65487  2.57883e-06  0.203355
-7.22566  3.76991  5.65487  3.81811e-06  0.328983
-5.34071  3.76991  5.65487  3.56076e-08  0.358334
-4.08407  3.76991  5.65487  1.96214e-06  0.370968
-2.82743  3.76991  5.65487  2.99364e-06  0.36736
-2.19911  3.76991  5.65487  3.01381e-06  0.35322
-1.5708  3.76991  5.65487  3.10416e-06  0.324236
-0.942478  3.76991  5.65487  3.26008e-06  0.270472
-0.314159  3.76991  5.65487  3.60854e-06  0.182051
0.314159  3.76991  5.65487  3.5499e-06  -0.182065
0.942478  3.76991  5.65487  3.27447e-06  -0.270485
1.5708  3.76991  5.65487  3.13129e-06  -0.324249
2.19911  3.76991  5.65487  2.99838e-06  -0.353232
2.82743  3.76991  5.65487  2.84703e-06  -0.367372
4.08407  3.76991  5.65487  2.58775e-06  -0.37098
7.22566  3.76991  5.65487  2.85304e-06  -0.328999
14.7655  3.76991  5.65487  2.19351e-06  -0.22221
-16.6504  3.76991  6.28319  0.00179356  0.20333
-7.22566  3.76991  6.28319  0.00520418  0.328822
-5.34071  3.76991  6.28319  0.00681136  0.358164
-4.08407  3.76991  6.28319  0.00829174  0.37093
-2.82743  3.76991  6.28319  0.0102801  0.367915
-2.19911  3.76991  6.28319  0.0115406  0.354576
-1.5708  3.76991  6.28319  0.013021  0.327336
-0.942478  3.76991  6.28319  0.0147631  0.277414
-0.314159  3.76991  6.28319  0.0160607  0.179519
0.314159  3.76991  6.28319  0.0160605  -0.179532
0.942478  3.76991  6.28319  0.0147631  -0.277426
1.5708  3.76991  6.28319  0.0130211  -0.327347
2.19911  3.76991  6.28319  0.0115406  -0.354587
2.82743  3.76991  6.28319  0.01028  -0.367926
4.08407  3.76991  6.28319  0.00829249  -0.370941
7.22566  3.76991  6.28319  0.00520333  -0.328837
14.7655  3.76991  6.28319  0.0021521  -0.222172
-16.6504  4.39823  0  0.00654817  0.203404
-7.22566  4.39823  0  0.0188793  0.329329
-5.34071  4.39823  0  0.0244653  0.358731
-4.08407  4.39823  0  0.0293323  0.37114
-2.82743  4.39823  0  0.0353275  0.366451
-2.19911  4.39823  0  0.038749  0.350901
-1.5708  4.39823  0  0.0423277  0.319094
-0.942478  4.39823  0  0.0456806  0.259113
-0.314159  4.39823  0  0.0478681  0.151962
0.314159  4.39823  0  0.0478681  -0.151973
0.942478  4.39823  0  0.0456808  -0.259123
1.5708  4.39823  0  0.0423279  -0.319104
2.19911  4.39823  0  0.0387492  -0.35091
2.82743  4.39823  0  0.0353277  -0.36646
4.08407  4.39823  0  0.0293333  -0.371149
7.22566  4.39823  0  0.0188786  -0.329342
14.7655  4.39823  0  0.00785922  -0.222275
-16.6504  4.39823  0.628319  0.00474777  0.203419
-7.22566  4.39823  0.628319  0.0136787  0.329387
-5.34071  4.39823  0.628319  0.0177087  0.35875
-4.08407  4.39823  0.628319  0.0212126  0.371018
-2.82743  4.39823  0.628319  0.0255309  0.365925
-2.19911  4.39823  0.628319  0.0280092  0.350085
-1.5708  4.39823  0.628319  0.0306252  0.318371
-0.942478  4.39823  0.628319  0.0330933  0.260625
-0.314159  4.39823  0.628319  0.0347452  0.151546
0.314159  4.39823  0.628319  0.0347452  -0.151557
0.942478  4.39823  0.628319  0.0330934  -0.260635
1.5708  4.39823  0.628319  0.0306253  -0.318382
2.19911  4.39823  0.628319  0.0280094  -0.350095
2.82743  4.39823  0.628319  0.025531  -0.365935
4.08407  4.39823  0.628319  0.0212136  -0.371027
7.22566  4.39823  0.628319  0.0136779  -0.329401
14.7655  4.39823  0.628319  0.00569814  -0.222296
-16.6504  4.39823  1.25664  2.5756e-06  0.203448
-7.22566  4.39823  1.25664  3.87275e-06  0.329532
-5.34071  4.39823  1.25664  9.22292e-08  0.358826
-4.08407  4.39823  1.25664  1.94899e-06  0.370801
-2.82743  4.39823  1.25664  2.97902e-06  0.364791
-2.19911  4.39823  1.25664  2.99573e-06  0.348035
-1.5708  4.39823  1.25664  3.07235e-06  0.315025
-0.942478  4.39823  1.25664  3.20629e-06  0.256557
-0.314159  4.39823  1.25664  3.54205e-06  0.169282
0.314159  4.39823  1.25664  3.52918e-06  -0.169295
0.942478  4.39823  1.25664  3.27878e-06  -0.25657
1.5708  4.39823  1.25664  3.15519e-06  -0.315037
2.19911  4.39823  1.25664  3.03711e-06  -0.348048
2.82743  4.39823  1.25664  2.91776e-06  -0.364803
4.08407  4.39823  1.25664  2.60272e-06  -0.370813
7.22566  4.39823  1.25664  2.85655e-06  -0.329548
14.7655  4.39823  1.25664  2.19998e-06  -0.22234
-16.6504  4.39823  1.88496  -0.00590847  0.203468
-7.22566  4.39823  1.88496  -0.0169564  0.329716
-5.34071  4.39823  1.88496  -0.0218199  0.359014
-4.08407  4.39823  1.88496  -0.0259051  0.370825
-2.82743  4.39823  1.88496  -0.0307138  0.364215
-2.19911  4.39823  1.88496  -0.0333339  0.346875
-1.5708  4.39823  1.88496  -0.0359498  0.313107
-0.942478  4.39823  1.88496  -0.038211  0.253385
-0.314159  4.39823  1.88496  -0.0395788  0.145774
0.314159  4.39823  1.88496  -0.0395789  -0.14579
0.942478  4.39823  1.88496  -0.038211  -0.2534
1.5708  4.39823  1.88496  -0.0359498  -0.313122
2.19911  4.39823  1.88496  -0.033334  -0.34689
2.82743  4.39823  1.88496  -0.0307141  -0.364229
4.08407  4.39823  1.88496  -0.0259049  -0.370839
7.22566  4.39823  1.88496  -0.0169577  -0.329734
14.7655  4.39823  1.88496  -0.00709318  -0.222376
-16.6504  4.39823  2.51327  -0.0107098  0.20347
-7.22566  4.39823  2.51327  -0.0306508  0.329857
-5.34071  4.39823  2.51327  -0.0392875  0.359215
-4.08407  4.39823  2.51327  -0.0463747  0.370988
-2.82743  4.39823  2.51327  -0.0543278  0.363942
-2.19911  4.39823  2.51327  -0.0583709  0.345811
-1.5708  4.39823  2.51327  -0.0621164  0.310004
-0.942478  4.39823  2.51327  -0.0650972  0.24523
-0.314159  4.39823  2.51327  -0.0667766  0.138661
0.314159  4.39823  2.51327  -0.0667767  -0.138679
0.942478  4.39823  2.51327  -0.0650973  -0.245247
1.5708  4.39823  2.51327  -0.0621166  -0.310021
2.19911  4.39823  2.51327  -0.0583712  -0.345827
2.82743  4.39823  2.51327  -0.0543283  -0.363958
4.08407  4.39823  2.51327  -0.0463748  -0.371004
7.22566  4.39823  2.51327  -0.0306525  -0.329877
14.7655  4.39823  2.51327  -0.0128557  -0.222388
-16.6504  4.39823  3.14159  -0.0125394  0.203467
-7.22566  4.39823  3.14159  -0.0358422  0.329906
-5.34071  4.39823  3.14159  -0.0458644  0.359297
-4.08407  4.39823  3.14159  -0.0540005  0.371071
-2.82743  4.39823  3.14159  -0.0629295  0.363883
-2.19911  4.39823  3.14159  -0.0673254  0.345504
-1.5708  4.39823  3.14159  -0.0712635  0.309251
-0.942478  4.39823  3.14159  -0.0742709  0.243764
-0.314159  4.39823  3.14159  -0.07589  0.12437
0.314159  4.39823  3.14159  -0.0758901  -0.124388
0.942478  4.39823  3.14159  -0.074271  -0.243782
1.5708  4.39823  3.14159  -0.0712637  -0.309269
2.19911  4.39823  3.14159  -0.0673257  -0.345521
2.82743  4.39823  3.14159  -0.0629301  -0.3639
4.08407  4.39823  3.14159  -0.0540007  -0.371088
7.22566  4.39823  3.14159  -0.0358439  -0.329926
14.7655  4.39823  3.14159  -0.0150512  -0.222388
-16.6504  4.39823  3.76991  -0.0107098  0.20347
-7.22566  4.39823  3.76991  -0.0306508  0.329857
-5.34071  4.39823  3.76991  -0.0392875  0.359215
-4.08407  4.39823  3.76991  -0.0463747  0.370988
-2.82743  4.39823  3.76991  -0.0543278  0.363942
-2.19911  4.39823  3.76991  -0.0583709  0.345811
-1.5708  4.39823  3.76991  -0.0621164  0.310004
-0.942478  4.39823  3.76991  -0.0650972  0.24523
-0.314159  4.39823  3.76991  -0.0667766  0.138661
0.314159  4.39823  3.76991  -0.0667767  -0.138679
0.942478  4.39823  3.76991  -0.0650973  -0.245247
1.5708  4.39823  3.76991  -0.0621166  -0.310021
2.19911  4.39823  3.76991  -0.0583712  -0.345827
2.82743  4.39823  3.76991  -0.0543283  -0.363958
4.08407  4.39823  3.76991  -0.0463748  -0.371004
7.22566  4.39823  3.76991  -0.0306525  -0.329877
14.7655  4.39823  3.76991  -0.0128557  -0.222388
-16.6504  4.39823  4.39823  -0.00590847  0.203468
-7.22566  4.39823  4.39823  -0.0169564  0.329716
-5.34071  4.39823  4.39823  -0.0218199  0.359014
-4.08407  4.39823  4.39823  -0.0259051  0.370825
-2.82743  4.39823  4.39823  -0.0307138  0.364215
-2.19911  4.39823  4.39823  -0.0333339  0.346875
-1.5708  4.39823  4.39823  -0.0359498  0.313107
-0.942478  4.39823  4.39823  -0.038211  0.253385
-0.314159  4.39823  4.39823  -0.0395788  0.145774
0.314159  4.39823  4.39823  -0.0395789  -0.14579
0.942478  4.39823  4.39823  -0.038211  -0.2534
1.5708  4.39823  4.39823  -0.0359498  -0.313122
2.19911  4.39823  4.39823  -0.033334  -0.34689
2.82743  4.39823  4.39823  -0.0307141  -0.364229
4.08407  4.39823  4.39823  -0.0259049  -0.370839
7.22566  4.39823  4.39823  -0.0169577  -0.329734
14.7655  4.39823  4.39823  -0.00709318  -0.222376
-16.6504  4.39823  5.02655  2.5756e-06  0.203448
-7.22566  4.39823  5.02655  3.87275e-06  0.329532
-5.34071  4.39823  5.02655  9.22292e-08  0.358826
-4.08407  4.39823  5.02655  1.94899e-06  0.370801
-2.82743  4.39823  5.02655  2.97902e-06  0.364791
-2.19911  4.39823  5.02655  2.99573e-06  0.348035
-1.5708  4.39823  5.02655  3.07235e-06  0.315025
-0.942478  4.39823  5.02655  3.20629e-06  0.256557
-0.314159  4.39823  5.02655  3.54205e-06  0.169282
0.314159  4.39823  5.02655  3.52918e-06  -0.169295
0.942478  4.39823  5.02655  3.27878e-06  -0.25657
1.5708  4.39823  5.02655  3.15519e-06  -0.315037
2.19911  4.39823  5.02655  3.03711e-06  -0.348048
2.82743  4.39823  5.02655  2.91776e-06  -0.364803
4.08407  4.39823  5.02655  2.60272e-06  -0.370813
7.22566  4.39823  5.02655  2.85655e-06  -0.329548
14.7655  4.39823  5.02655  2.19998e-06  -0.22234
-16.6504  4.39823  5.65487  0.00474777  0.203419
-7.22566  4.39823  5.65487  0.0136787  0.329387
-5.34071  4.39823  5.65487  0.0177087  0.35875
-4.08407  4.39823  5.65487  0.0212126  0.371018
-2.82743  4.39823  5.65487  0.0255309  0.365925
-2.19911  4.39823  5.65487  0.0280092  0.350085
-1.5708  4.39823  5.65487  0.0306252  0.318371
-0.942478  4.39823  5.65487  0.0330933  0.260625
-0.314159  4.39823  5.65487  0.0347452  0.151546
0.314159  4.39823  5.65487  0.0347452  -0.151557
0.942478  4.39823  5.65487  0.0330934  -0.260635
1.5708  4.39823  5.65487  0.0306253  -0.318382
2.19911  4.39823  5.65487  0.0280094  -0.350095
2.82743  4.39823  5.65487  0.025531  -0.365935
4.08407  4.39823  5.65487  0.0212136  -0.371027
7.22566  4.39823  5.65487  0.0136779  -0.329401
14.7655  4.39823  5.65487  0.00569814  -0.222296
-16.6504  4.39823  6.28319  0.00654817  0.203404
-7.22566  4.39823  6.28319  0.0188793  0.329329
-5.34071  4.39823  6.28319  0.0244653  0.358731
-4.08407  4.39823  6.28319  0.0293323  0.37114
-2.82743  4.39823  6.28319  0.0353275  0.366451
-2.19911  4.39823  6.28319  0.038749  0.350901
-1.5708  4.39823  6.28319  0.0423277  0.319094
-0.942478  4.39823  6.28319  0.0456806  0.259113
-0.314159  4.39823  6.28319  0.0478681  0.151962
0.314159  4.39823  6.28319  0.0478681  -0.151973
0.942478  4.39823  6.28319  0.0456808  -0.259123
1.5708  4.39823  6.28319  0.0423279  -0.319104
2.19911  4.39823  6.28319  0.0387492  -0.35091
2.82743  4.39823  6.28319  0.0353277  -0.36646
4.08407  4.39823  6.28319  0.0293333  -0.371149
7.22566  4.39823  6.28319  0.0188786  -0.329342
14.7655  4.39823  6.28319  0.00785922  -0.222275
-16.6504  5.02655  0  0.0125445  0.203481
-7.22566  5.02655  0  0.03585  0.329909
-5.34071  5.02655  0  0.0458647  0.359301
-4.08407  5.02655  0  0.0540044  0.371076
-2.82743  5.02655  0  0.0629355  0.363888
-2.19911  5.02655  0  0.0673314  0.345509
-1.5708  5.02655  0  0.0712697  0.309256
-0.942478  5.02655  0  0.0742774  0.243769
-0.314159  5.02655  0  0.0758968  0.124375
0.314159  5.02655  0  0.0758969  -0.124383
0.942478  5.02655  0  0.0742776  -0.243777
1.5708  5.02655  0  0.0712701  -0.309263
2.19911  5.02655  0  0.0673318  -0.345516
2.82743  5.02655  0  0.062936  -0.363895
4.08407  5.02655  0  0.0540059  -0.371082
7.22566  5.02655  0  0.0358496  -0.32992
14.7655  5.02655  0  0.0150556  -0.222384
-16.6504  5.02655  0.628319  0.0107149  0.203482
-7.22566  5.02655  0.628319  0.0306586  0.32986
-5.34071  5.02655  0.628319  0.0392878  0.359219
-4.08407  5.02655  0.628319  0.0463786  0.370992
-2.82743  5.02655  0.628319  0.0543338  0.363946
-2.19911  5.02655  0.628319  0.0583769  0.345815
-1.5708  5.02655  0.628319  0.0621226  0.310008
-0.942478  5.02655  0.628319  0.0651037  0.245234
-0.314159  5.02655  0.628319  0.0667835  0.138666
0.314159  5.02655  0.628319  0.0667836  -0.138675
0.942478  5.02655  0.628319  0.0651039  -0.245242
1.5708  5.02655  0.628319  0.0621229  -0.310016
2.19911  5.02655  0.628319  0.0583774  -0.345822
2.82743  5.02655  0.628319  0.0543342  -0.363954
4.08407  5.02655  0.628319  0.04638  -0.370999
7.22566  5.02655  0.628319  0.0306582  -0.329871
14.7655  5.02655  0.628319  0.0128601  -0.222385
-16.6504  5.02655  1.25664  0.00591362  0.203475
-7.22566  5.02655  1.25664  0.0169641  0.329717
-5.34071  5.02655  1.25664  0.0218201  0.359016
-4.08407  5.02655  1.25664  0.025909  0.370827
-2.82743  5.02655  1.25664  0.0307197  0.364217
-2.19911  5.02655  1.25664  0.0333399  0.346877
-1.5708  5.02655  1.25664  0.0359559  0.313109
-0.942478  5.02655  1.25664  0.0382175  0.253387
-0.314159  5.02655  1.25664  0.0395858  0.145776
0.314159  5.02655  1.25664  0.0395858  -0.145788
0.942478  5.02655  1.25664  0.0382176  -0.253398
1.5708  5.02655  1.25664  0.0359562  -0.313119
2.19911  5.02655  1.25664  0.0333401  -0.346887
2.82743  5.02655  1.25664  0.0307199  -0.364227
4.08407  5.02655  1.25664  0.0259101  -0.370836
7.22566  5.02655  1.25664  0.0169634  -0.329731
14.7655  5.02655  1.25664  0.00709757  -0.222375
-16.6504  5.02655  1.88496  2.5756e-06  0.203448
-7.22566  5.02655  1.88496  3.87275e-06  0.329532
-5.34071  5.02655  1.88496  9.22292e-08  0.358826
-4.08407  5.02655  1.88496  1.94899e-06  0.370801
-2.82743  5.02655  1.88496  2.97902e-06  0.364791
-2.19911  5.02655  1.88496  2.99573e-06  0.348035
-1.5708  5.02655  1.88496  3.07235e-06  0.315025
-0.942478  5.02655  1.88496  3.20629e-06  0.256557
-0.314159  5.02655  1.88496  3.54205e-06  0.169282
0.314159  5.02655  1.88496  3.52918e-06  -0.169295
0.942478  5.02655  1.88496  3.27878e-06  -0.25657
1.5708  5.02655  1.88496  3.15519e-06  -0.315037
2.19911  5.02655  1.88496  3.03711e-06  -0.348048
2.82743  5.02655  1.88496  2.91776e-06  -0.364803
4.08407  5.02655  1.88496  2.60272e-06  -0.370813
7.22566  5.02655  1.88496  2.85655e-06  -0.329548
14.7655  5.02655  1.88496  2.19998e-06  -0.22234
-16.6504  5.02655  2.51327  -0.00474262  0.203413
-7.22566  5.02655  2.51327  -0.0136709  0.329386
-5.34071  5.02655  2.51327  -0.0177085  0.358748
-4.08407  5.02655  2.51327  -0.0212087  0.371016
-2.82743  5.02655  2.51327  -0.0255249  0.365923
-2.19911  5.02655  2.51327  -0.0280031  0.350083
-1.5708  5.02655  2.51327  -0.030619  0.318369
-0.942478  5.02655  2.51327  -0.0330868  0.260623
-0.314159  5.02655  2.51327  -0.0347382  0.151544
0.314159  5.02655  2.51327  -0.0347383  -0.151559
0.942478  5.02655  2.51327  -0.0330868  -0.260637
1.5708  5.02655  2.51327  -0.030619  -0.318384
2.19911  5.02655  2.51327  -0.0280033  -0.350098
2.82743  5.02655  2.51327  -0.0255252  -0.365937
4.08407  5.02655  2.51327  -0.0212084  -0.371029
7.22566  5.02655  2.51327  -0.0136722  -0.329404
14.7655  5.02655  2.51327  -0.00569375  -0.222297
-16.6504  5.02655  3.14159  -0.00654302  0.203397
-7.22566  5.02655  3.14159  -0.0188716  0.329327
-5.34071  5.02655  3.14159  -0.0244652  0.358728
-4.08407  5.02655  3.14159  -0.0293283  0.371137
-2.82743  5.02655  3.14159  -0.0353215  0.366448
-2.19911  5.02655  3.14159  -0.0387429  0.350898
-1.5708  5.02655  3.14159  -0.0423215  0.319091
-0.942478  5.02655  3.14159  -0.0456741  0.259111
-0.314159  5.02655  3.14159  -0.0478611  0.151959
0.314159  5.02655  3.14159  -0.0478612  -0.151976
0.942478  5.02655  3.14159  -0.0456742  -0.259126
1.5708  5.02655  3.14159  -0.0423216  -0.319107
2.19911  5.02655  3.14159  -0.0387432  -0.350913
2.82743  5.02655  3.14159  -0.0353219  -0.366463
4.08407  5.02655  3.14159  -0.0293282  -0.371151
7.22566  5.02655  3.14159  -0.018873  -0.329346
14.7655  5.02655  3.14159  -0.00785484  -0.222277
-16.6504  5.02655  3.76991  -0.00474262  0.203413
-7.22566  5.02655  3.76991  -0.0136709  0.329386
-5.34071  5.02655  3.76991  -0.0177085  0.358748
-4.08407  5.02655  3.76991  -0.0212087  0.371016
-2.82743  5.02655  3.76991  -0.0255249  0.365923
-2.19911  5.02655  3.76991  -0.0280031  0.350083
-1.5708  5.02655  3.76991  -0.030619  0.318369
-0.942478  5.02655  3.76991  -0.0330868  0.260623
-0.314159  5.02655  3.76991  -0.0347382  0.151544
0.314159  5.02655  3.76991  -0.0347383  -0.151559
0.942478  5.02655  3.76991  -0.0330868  -0.260637
1.5708  5.02655  3.76991  -0.030619  -0.318384
2.19911  5.02655  3.76991  -0.0280033  -0.350098
2.82743  5.02655  3.76991  -0.0255252  -0.365937
4.08407  5.02655  3.76991  -0.0212084  -0.371029
7.22566  5.02655  3.76991  -0.0136722  -0.329404
14.7655  5.02655  3.76991  -0.00569375  -0.222297
-16.6504  5.02655  4.39823  2.5756e-06  0.203448
-7.22566  5.02655  4.39823  3.87275e-06  0.329532
-5.34071  5.02655  4.39823  9.22292e-08  0.358826
-4.08407  5.02655  4.39823  1.94899e-06  0.370801
-2.82743  5.02655  4.39823  2.97902e-06  0.364791
-2.19911  5.02655  4.39823  2.99573e-06  0.348035
-1.5708  5.02655  4.39823  3.07235e-06  0.315025
-0.942478  5.02655  4.39823  3.20629e-06  0.256557
-0.314159  5.02655  4.39823  3.54205e-06  0.169282
0.314159  5.02655  4.39823  3.52918e-06  -0.169295
0.942478  5.02655  4.39823  3.27878e-06  -0.25657
1.5708  5.02655  4.39823  3.15519e-06  -0.315037
2.19911  5.02655  4.39823  3.03711e-06  -0.348048
2.82743  5.02655  4.39823  2.91776e-06  -0.364803
4.08407  5.02655  4.39823  2.60272e-06  -0.370813
7.22566  5.02655  4.39823  2.85655e-06  -0.329548
14.7655  5.02655  4.39823  2.19998e-06  -0.22234
-16.6504  5.02655  5.02655  0.00591362  0.203475
-7.22566  5.02655  5.02655  0.0169641  0.329717
-5.34071  5.02655  5.02655  0.0218201  0.359016
-4.08407  5.02655  5.02655  0.025909  0.370827
-2.82743  5.02655  5.02655  0.0307197  0.364217
-2.19911  5.02655  5.02655  0.0333399  0.346877
-1.5708  5.02655  5.02655  0.0359559  0.313109
-0.942478  5.02655  5.02655  0.0382175  0.253387
-0.314159  5.02655  5.02655  0.0395858  0.145776
0.314159  5.02655  5.02655  0.0395858  -0.145788
0.942478  5.02655  5.02655  0.0382176  -0.253398
1.5708  5.02655  5.02655  0.0359562  -0.313119
2.19911  5.02655  5.02655  0.0333401  -0.346887
2.82743  5.02655  5.02655  0.0307199  -0.364227
4.08407  5.02655  5.02655  0.0259101  -0.370836
7.22566  5.02655  5.02655  0.0169634  -0.329731
14.7655  5.02655  5.02655  0.00709757  -0.222375
-16.6504  5.02655  5.65487  0.0107149  0.203482
-7.22566  5.02655  5.65487  0.0306586  0.32986
-5.34071  5.02655  5.65487  0.0392878  0.359219
-4.08407  5.02655  5.65487  0.0463786  0.370992
-2.82743  5.02655  5.65487  0.0543338  0.363946
-2.19911  5.02655  5.65487  0.0583769  0.345815
-1.5708  5.02655  5.65487  0.0621226  0.310008
-0.942478  5.02655  5.65487  0.0651037  0.245234
-0.314159  5.02655  5.65487  0.0667835  0.138666
0.314159  5.02655  5.65487  0.0667836  -0.138675
0.942478  5.02655  5.65487  0.0651039  -0.245242
1.5708  5.02655  5.65487  0.0621229  -0.310016
2.19911  5.02655  5.65487  0.0583774  -0.345822
2.82743  5.02655  5.65487  0.0543342  -0.363954
4.08407  5.02655  5.65487  0.04638  -0.370999
7.22566  5.02655  5.65487  0.0306582  -0.329871
14.7655  5.02655  5.65487  0.0128601  -0.222385
-16.6504  5.02655  6.28319  0.0125445  0.203481
-7.22566  5.02655  6.28319  0.03585  0.329909
-5.34071  5.02655  6.28319  0.0458647  0.359301
-4.08407  5.02655  6.28319  0.0540044  0.371076
-2.82743  5.02655  6.28319  0.0629355  0.363888
-2.19911  5.02655  6.28319  0.0673314  0.345509
-1.5708  5.02655  6.28319  0.0712697  0.309256
-0.942478  5.02655  6.28319  0.0742774  0.243769
-0.314159  5.02655  6.28319  0.0758968  0.124375
0.314159  5.02655  6.28319  0.0758969  -0.124383
0.942478  5.02655  6.28319  0.0742776  -0.243777
1.5708  5.02655  6.28319  0.0712701  -0.309263
2.19911  5.02655  6.28319  0.0673318  -0.345516
2.82743  5.02655  6.28319  0.062936  -0.363895
4.08407  5.02655  6.28319  0.0540059  -0.371082
7.22566  5.02655  6.28319  0.0358496  -0.32992
14.7655  5.02655  6.28319  0.0150556  -0.222384
-16.6504  5.65487  0  0.0175185  0.203528
-7.22566  5.65487  0  0.0497305  0.330337
-5.34071  5.65487  0  0.0629944  0.359666
-4.08407  5.65487  0  0.0731801  0.370818
-2.82743  5.65487  0  0.083353  0.361432
-2.19911  5.65487  0  0.0878081  0.340727
-1.5708  5.65487  0  0.0913966  0.300912
-0.942478  5.65487  0  0.0938445  0.231229
-0.314159  5.65487  0  0.0950504  0.124707
0.314159  5.65487  0  0.0950506  -0.124714
0.942478  5.65487  0  0.0938449  -0.231234
1.5708  5.65487  0  0.0913971  -0.300917
2.19911  5.65487  0  0.0878088  -0.340732
2.82743  5.65487  0  0.0833538  -0.361437
4.08407  5.65487  0  0.0731821  -0.370822
7.22566  5.65487  0  0.0497302  -0.330346
14.7655  5.65487  0  0.0210249  -0.222455
-16.6504  5.65487  0.628319  0.0156274  0.203518
-7.22566  5.65487  0.628319  0.0444623  0.330215
-5.34071  5.65487  0.628319  0.0565034  0.35956
-4.08407  5.65487  0.628319  0.0659299  0.370897
-2.82743  5.65487  0.628319  0.0756604  0.362211
-2.19911  5.65487  0.628319  0.0801007  0.342322
-1.5708  5.65487  0.628319  0.0838023  0.303985
-0.942478  5.65487  0.628319  0.0864047  0.236561
-0.314159  5.65487  0.628319  0.0877061  0.119029
0.314159  5.65487  0.628319  0.0877062  -0.119036
0.942478  5.65487  0.628319  0.086405  -0.236568
1.5708  5.65487  0.628319  0.0838028  -0.303991
2.19911  5.65487  0.628319  0.0801013  -0.342328
2.82743  5.65487  0.628319  0.0756611  -0.362217
4.08407  5.65487  0.628319  0.0659317  -0.370903
7.22566  5.65487  0.628319  0.044462  -0.330225
14.7655  5.65487  0.628319  0.0187556  -0.22244
-16.6504  5.65487  1.25664  0.0107149  0.203482
-7.22566  5.65487  1.25664  0.0306586  0.32986
-5.34071  5.65487  1.25664  0.0392878  0.359219
-4.08407  5.65487  1.25664  0.0463786  0.370992
-2.82743  5.65487  1.25664  0.0543338  0.363946
-2.19911  5.65487  1.25664  0.0583769  0.345815
-1.5708  5.65487  1.25664  0.0621226  0.310008
-0.942478  5.65487  1.25664  0.0651037  0.245234
-0.314159  5.65487  1.25664  0.0667835  0.138666
0.314159  5.65487  1.25664  0.0667836  -0.138675
0.942478  5.65487  1.25664  0.0651039  -0.245242
1.5708  5.65487  1.25664  0.0621229  -0.310016
2.19911  5.65487  1.25664  0.0583774  -0.345822
2.82743  5.65487  1.25664  0.0543342  -0.363954
4.08407  5.65487  1.25664  0.04638  -0.370999
7.22566  5.65487  1.25664  0.0306582  -0.329871
14.7655  5.65487  1.25664  0.0128601  -0.222385
-16.6504  5.65487  1.88496  0.00474777  0.203419
-7.22566  5.65487  1.88496  0.0136787  0.329387
-5.34071  5.65487  1.88496  0.0177087  0.35875
-4.08407  5.65487  1.88496  0.0212126  0.371018
-2.82743  5.65487  1.88496  0.0255309  0.365925
-2.19911  5.65487  1.88496  0.0280092  0.350085
-1.5708  5.65487  1.88496  0.0306252  0.318371
-0.942478  5.65487  1.88496  0.0330933  0.260625
-0.314159  5.65487  1.88496  0.0347452  0.151546
0.314159  5.65487  1.88496  0.0347452  -0.151557
0.942478  5.65487  1.88496  0.0330934  -0.260635
1.5708  5.65487  1.88496  0.0306253  -0.318382
2.19911  5.65487  1.88496  0.0280094  -0.350095
2.82743  5.65487  1.88496  0.025531  -0.365935
4.08407  5.65487  1.88496  0.0212136  -0.371027
7.22566  5.65487  1.88496  0.0136779  -0.329401
14.7655  5.65487  1.88496  0.00569814  -0.222296
-16.6504  5.65487  2.51327  2.57883e-06  0.203355
-7.22566  5.65487  2.51327  3.81811e-06  0.328983
-5.34071  5.65487  2.51327  3.56076e-08  0.358334
-4.08407  5.65487  2.51327  1.96214e-06  0.370968
-2.82743  5.65487  2.51327  2.99364e-06  0.36736
-2.19911  5.65487  2.51327  3.01381e-06  0.35322
-1.5708  5.65487  2.51327  3.10416e-06  0.324236
-0.942478  5.65487  2.51327  3.26008e-06  0.270472
-0.314159  5.65487  2.51327  3.60854e-06  0.182051
0.314159  5.65487  2.51327  3.5499e-06  -0.182065
0.942478  5.65487  2.51327  3.27447e-06  -0.270485
1.5708  5.65487  2.51327  3.13129e-06  -0.324249
2.19911  5.65487  2.51327  2.99838e-06  -0.353232
2.82743  5.65487  2.51327  2.84703e-06  -0.367372
4.08407  5.65487  2.51327  2.58775e-06  -0.37098
7.22566  5.65487  2.51327  2.85304e-06  -0.328999
14.7655  5.65487  2.51327  2.19351e-06  -0.22221
-16.6504  5.65487  3.14159  -0.0017884  0.203328
-7.22566  5.65487  3.14159  -0.00519658  0.328821
-5.34071  5.65487  3.14159  -0.00681131  0.358163
-4.08407  5.65487  3.14159  -0.00828782  0.37093
-2.82743  5.65487  3.14159  -0.0102741  0.367914
-2.19911  5.65487  3.14159  -0.0115345  0.354575
-1.5708  5.65487  3.14159  -0.0130148  0.327335
-0.942478  5.65487  3.14159  -0.0147565  0.277413
-0.314159  5.65487  3.14159  -0.0160534  0.179518
0.314159  5.65487  3.14159  -0.0160536  -0.179533
0.942478  5.65487  3.14159  -0.0147565  -0.277427
1.5708  5.65487  3.14159  -0.0130148  -0.327348
2.19911  5.65487  3.14159  -0.0115346  -0.354588
2.82743  5.65487  3.14159  -0.0102743  -0.367927
4.08407  5.65487  3.14159  -0.00828731  -0.370942
7.22566  5.65487  3.14159  -0.00519762  -0.328838
14.7655  5.65487  3.14159  -0.00214772  -0.222173
-16.6504  5.65487  3.76991  2.57883e-06  0.203355
-7.22566  5.65487  3.76991  3.81811e-06  0.328983
-5.34071  5.65487  3.76991  3.56076e-08  0.358334
-4.08407  5.65487  3.76991  1.96214e-06  0.370968
-2.82743  5.65487  3.76991  2.99364e-06  0.36736
-2.19911  5.65487  3.76991  3.01381e-06  0.35322
-1.5708  5.65487  3.76991  3.10416e-06  0.324236
-0.942478  5.65487  3.76991  3.26008e-06  0.270472
-0.314159  5.65487  3.76991  3.60854e-06  0.182051
0.314159  5.65487  3.76991  3.5499e-06  -0.182065
0.942478  5.65487  3.76991  3.27447e-06  -0.270485
1.5708  5.65487  3.76991  3.13129e-06  -0.324249
2.19911  5.65487  3.76991  2.99838e-06  -0.353232
2.82743  5.65487  3.76991  2.84703e-06  -0.367372
4.08407  5.65487  3.76991  2.58775e-06  -0.37098
7.22566  5.65487  3.76991  2.85304e-06  -0.328999
14.7655  5.65487  3.76991  2.19351e-06  -0.22221
-16.6504  5.65487  4.39823  0.00474777  0.203419
-7.22566  5.65487  4.39823  0.0136787  0.329387
-5.34071  5.65487  4.39823  0.0177087  0.35875
-4.08407  5.65487  4.39823  0.0212126  0.371018
-2.82743  5.65487  4.39823  0.0255309  0.365925
-2.19911  5.65487  4.39823  0.0280092  0.350085
-1.5708  5.65487  4.39823  0.0306252  0.318371
-0.942478  5.65487  4.39823  0.0330933  0.260625
-0.314159  5.65487  4.39823  0.0347452  0.151546
0.314159  5.65487  4.39823  0.0347452  -0.151557
0.942478  5.65487  4.39823  0.0330934  -0.260635
1.5708  5.65487  4.39823  0.0306253  -0.318382
2.19911  5.65487  4.39823  0.0280094  -0.350095
2.82743  5.65487  4.39823  0.025531  -0.365935
4.08407  5.65487  4.39823  0.0212136  -0.371027
7.22566  5.65487  4.39823  0.0136779  -0.329401
14.7655  5.65487  4.39823  0.00569814  -0.222296
-16.6504  5.65487  5.02655  0.0107149  0.203482
-7.22566  5.65487  5.02655  0.0306586  0.32986
-5.34071  5.65487  5.02655  0.0392878  0.359219
-4.08407  5.65487  5.02655  0.0463786  0.370992
-2.82743  5.65487  5.02655  0.0543338  0.363946
-2.19911  5.65487  5.02655  0.0583769  0.345815
-1.5708  5.65487  5.02655  0.0621226  0.310008
-0.942478  5.65487  5.02655  0.0651037  0.245234
-0.314159  5.65487  5.02655  0.0667835  0.138666
0.314159  5.65487  5.02655  0.0667836  -0.138675
0.942478  5.65487  5.02655  0.0651039  -0.245242
1.5708  5.65487  5.02655  0.0621229  -0.310016
2.19911  5.65487  5.02655  0.0583774  -0.345822
2.82743  5.65487  5.02655  0.0543342  -0.363954
4.08407  5.65487  5.02655  0.04638  -0.370999
7.22566  5.65487  5.02655  0.0306582  -0.329871
14.7655  5.65487  5.02655  0.0128601  -0.222385
-16.6504  5.65487  5.65487  0.0156274  0.203518
-7.22566  5.65487  5.65487  0.0444623  0.330215
-5.34071  5.65487  5.65487  0.0565034  0.35956
-4.08407  5.65487  5.65487  0.0659299  0.370897
-2.82743  5.65487  5.65487  0.0756604  0.362211
-2.19911  5.65487  5.65487  0.0801007  0.342322
-1.5708  5.65487  5.65487  0.0838023  0.303985
-0.942478  5.65487  5.65487  0.0864047  0.236561
-0.314159  5.65487  5.65487  0.0877061  0.119029
0.314159  5.65487  5.65487  0.0877062  -0.119036
0.942478  5.65487  5.65487  0.086405  -0.236568
1.5708  5.65487  5.65487  0.0838028  -0.303991
2.19911  5.65487  5.65487  0.0801013  -0.342328
2.82743  5.65487  5.65487  0.0756611  -0.362217
4.08407  5.65487  5.65487  0.0659317  -0.370903
7.22566  5.65487  5.65487  0.044462  -0.330225
14.7655  5.65487  5.65487  0.0187556  -0.22244
-16.6504  5.65487  6.28319  0.0175185  0.203528
-7.22566  5.65487  6.28319  0.0497305  0.330337
-5.34071  5.65487  6.28319  0.0629944  0.359666
-4.08407  5.65487  6.28319  0.0731801  0.370818
-2.82743  5.65487  6.28319  0.083353  0.361432
-2.19911  5.65487  6.28319  0.0878081  0.340727
-1.5708  5.65487  6.28319  0.0913966  0.300912
-0.942478  5.65487  6.28319  0.0938445  0.231229
-0.314159  5.65487  6.28319  0.0950504  0.124707
0.314159  5.65487  6.28319  0.0950506  -0.124714
0.942478  5.65487  6.28319  0.0938449  -0.231234
1.5708  5.65487  6.28319  0.0913971  -0.300917
2.19911  5.65487  6.28319  0.0878088  -0.340732
2.82743  5.65487  6.28319  0.0833538  -0.361437
4.08407  5.65487  6.28319  0.0731821  -0.370822
7.22566  5.65487  6.28319  0.0497302  -0.330346
14.7655  5.65487  6.28319  0.0210249  -0.222455
-16.6504  6.28319  0  0.0194568  0.203541
-7.22566  6.28319  0  0.0551087  0.330484
-5.34071  6.28319  0  0.0695615  0.359777
-4.08407  6.28319  0  0.0804306  0.370674
-2.82743  6.28319  0  0.090929  0.36048
-2.19911  6.28319  0  0.095353  0.33907
-1.5708  6.28319  0  0.0988134  0.298626
-0.942478  6.28319  0  0.101123  0.229276
-0.314159  6.28319  0  0.102256  0.113821
0.314159  6.28319  0  0.102256  -0.113826
0.942478  6.28319  0  0.101123  -0.229281
1.5708  6.28319  0  0.098814  -0.298631
2.19911  6.28319  0  0.0953537  -0.339074
2.82743  6.28319  0  0.0909299  -0.360485
4.08407  6.28319  0  0.0804327  -0.370678
7.22566  6.28319  0  0.0551085  -0.330492
14.7655  6.28319  0  0.0233517  -0.222476
-16.6504  6.28319  0.628319  0.0175185  0.203528
-7.22566  6.28319  0.628319  0.0497305  0.330337
-5.34071  6.28319  0.628319  0.0629944  0.359666
-4.08407  6.28319  0.628319  0.0731801  0.370818
-2.82743  6.28319  0.628319  0.083353  0.361432
-2.19911  6.28319  0.628319  0.0878081  0.340727
-1.5708  6.28319  0.628319  0.0913966  0.300912
-0.942478  6.28319  0.628319  0.0938445  0.231229
-0.314159  6.28319  0.628319  0.0950504  0.124707
0.314159  6.28319  0.628319  0.0950506  -0.124714
0.942478  6.28319  0.628319  0.0938449  -0.231234
1.5708  6.28319  0.628319  0.0913971  -0.300917
2.19911  6.28319  0.628319  0.0878088  -0.340732
2.82743  6.28319  0.628319  0.0833538  -0.361437
4.08407  6.28319  0.628319  0.0731821  -0.370822
7.22566  6.28319  0.628319  0.0497302  -0.330346
14.7655  6.28319  0.628319  0.0210249  -0.222455
-16.6504  6.28319  1.25664  0.0125445  0.203481
-7.22566  6.28319  1.25664  0.03585  0.329909
-5.34071  6.28319  1.25664  0.0458647  0.359301
-4.08407  6.28319  1.25664  0.0540044  0.371076
-2.82743  6.28319  1.25664  0.0629355  0.363888
-2.19911  6.28319  1.25664  0.0673314  0.345509
-1.5708  6.28319  1.25664  0.0712697  0.309256
-0.942478  6.28319  1.25664  0.0742774  0.243769
-0.314159  6.28319  1.25664  0.0758968  0.124375
0.314159  6.28319  1.25664  0.0758969  -0.124383
0.942478  6.28319  1.25664  0.0742776  -0.243777
1.5708  6.28319  1.25664  0.0712701  -0.309263
2.19911  6.28319  1.25664  0.0673318  -0.345516
2.82743  6.28319  1.25664  0.062936  -0.363895
4.08407  6.28319  1.25664  0.0540059  -0.371082
7.22566  6.28319  1.25664  0.0358496  -0.32992
14.7655  6.28319  1.25664  0.0150556  -0.222384
-16.6504  6.28319  1.88496  0.00654817  0.203404
-7.22566  6.28319  1.88496  0.0188793  0.329329
-5.34071  6.28319  1.88496  0.0244653  0.358731
-4.08407  6.28319  1.88496  0.0293323  0.37114
-2.82743  6.28319  1.88496  0.0353275  0.366451
-2.19911  6.28319  1.88496  0.038749  0.350901
-1.5708  6.28319  1.88496  0.0423277  0.319094
-0.942478  6.28319  1.88496  0.0456806  0.259113
-0.314159  6.28319  1.88496  0.0478681  0.151962
0.314159  6.28319  1.88496  0.0478681  -0.151973
0.942478  6.28319  1.88496  0.0456808  -0.259123
1.5708  6.28319  1.88496  0.0423279  -0.319104
2.19911  6.28319  1.88496  0.0387492  -0.35091
2.82743  6.28319  1.88496  0.0353277  -0.36646
4.08407  6.28319  1.88496  0.0293333  -0.371149
7.22566  6.28319  1.88496  0.0188786  -0.329342
14.7655  6.28319  1.88496  0.00785922  -0.222275
-16.6504  6.28319  2.51327  0.00179356  0.20333
-7.22566  6.28319  2.51327  0.00520418  0.328822
-5.34071  6.28319  2.51327  0.00681136  0.358164
-4.08407  6.28319  2.51327  0.00829174  0.37093
-2.82743  6.28319  2.51327  0.0102801  0.367915
-2.19911  6.28319  2.51327  0.0115406  0.354576
-1.5708  6.28319  2.51327  0.013021  0.327336
-0.942478  6.28319  2.51327  0.0147631  0.277414
-0.314159  6.28319  2.51327  0.0160607  0.179519
0.314159  6.28319  2.51327  0.0160605  -0.179532
0.942478  6.28319  2.51327  0.0147631  -0.277426
1.5708  6.28319  2.51327  0.0130211  -0.327347
2.19911  6.28319  2.51327  0.0115406  -0.354587
2.82743  6.28319  2.51327  0.01028  -0.367926
4.08407  6.28319  2.51327  0.00829249  -0.370941
7.22566  6.28319  2.51327  0.00520333  -0.328837
14.7655  6.28319  2.51327  0.0021521  -0.222172
-16.6504  6.28319  3.14159  2.57953e-06  0.203299
-7.22566  6.28319  3.14159  3.78919e-06  0.328618
-5.34071  6.28319  3.14159  1.95311e-09  0.357918
-4.08407  6.28319  3.14159  1.95939e-06  0.370774
-2.82743  6.28319  3.14159  2.98718e-06  0.368235
-2.19911  6.28319  3.14159  3.00321e-06  0.355494
-1.5708  6.28319  3.14159  3.09238e-06  0.32932
-0.942478  6.28319  3.14159  3.25792e-06  0.281708
-0.314159  6.28319  3.14159  3.69911e-06  0.211613
0.314159  6.28319  3.14159  3.61677e-06  -0.211627
0.942478  6.28319  3.14159  3.25718e-06  -0.281721
1.5708  6.28319  3.14159  3.10625e-06  -0.329332
2.19911  6.28319  3.14159  2.96837e-06  -0.355506
2.82743  6.28319  3.14159  2.80337e-06  -0.368247
4.08407  6.28319  3.14159  2.58928e-06  -0.370786
7.22566  6.28319  3.14159  2.85411e-06  -0.328634
14.7655  6.28319  3.14159  2.18593e-06  -0.22213
-16.6504  6.28319  3.76991  0.00179356  0.20333
-7.22566  6.28319  3.76991  0.00520418  0.328822
-5.34071  6.28319  3.76991  0.00681136  0.358164
-4.08407  6.28319  3.76991  0.00829174  0.37093
-2.82743  6.28319  3.76991  0.0102801  0.367915
-2.19911  6.28319  3.76991  0.0115406  0.354576
-1.5708  6.28319  3.76991  0.013021  0.327336
-0.942478  6.28319  3.76991  0.0147631  0.277414
-0.314159  6.28319  3.76991  0.0160607  0.179519
0.314159  6.28319  3.76991  0.0160605  -0.179532
0.942478  6.28319  3.76991  0.0147631  -0.277426
1.5708  6.28319  3.76991  0.0130211  -0.327347
2.19911  6.28319  3.76991  0.0115406  -0.354587
2.82743  6.28319  3.76991  0.01028  -0.367926
4.08407  6.28319  3.76991  0.00829249  -0.370941
7.22566  6.28319  3.76991  0.00520333  -0.328837
14.7655  6.28319  3.76991  0.0021521  -0.222172
-16.6504  6.28319  4.39823  0.00654817  0.203404
-7.22566  6.28319  4.39823  0.0188793  0.329329
-5.34071  6.28319  4.39823  0.0244653  0.358731
-4.08407  6.28319  4.39823  0.0293323  0.37114
-2.82743  6.28319  4.39823  0.0353275  0.366451
-2.19911  6.28319  4.39823  0.038749  0.350901
-1.5708  6.28319  4.39823  0.0423277  0.319094
-0.942478  6.28319  4.39823  0.0456806  0.259113
-0.314159  6.28319  4.39823  0.0478681  0.151962
0.314159  6.28319  4.39823  0.0478681  -0.151973
0.942478  6.28319  4.39823  0.0456808  -0.259123
1.5708  6.28319  4.39823  0.0423279  -0.319104
2.19911  6.28319  4.39823  0.0387492  -0.35091
2.82743  6.28319  4.39823  0.0353277  -0.36646
4.08407  6.28319  4.39823  0.0293333  -0.371149
7.22566  6.28319  4.39823  0.0188786  -0.329342
14.7655  6.28319  4.39823  0.00785922  -0.222275
-16.6504  6.28319  5.02655  0.0125445  0.203481
-7.22566  6.28319  5.02655  0.03585  0.329909
-5.34071  6.28319  5.02655  0.0458647  0.359301
-4.08407  6.28319  5.02655  0.0540044  0.371076
-2.82743  6.28319  5.02655  0.0629355  0.363888
-2.19911  6.28319  5.02655  0.0673314  0.345509
-1.5708  6.28319  5.02655  0.0712697  0.309256
-0.942478  6.28319  5.02655  0.0742774  0.243769
-0.314159  6.28319  5.02655  0.0758968  0.124375
0.314159  6.28319  5.02655  0.0758969  -0.124383
0.942478  6.28319  5.02655  0.0742776  -0.243777
1.5708  6.28319  5.02655  0.0712701  -0.309263
2.19911  6.28319  5.02655  0.0673318  -0.345516
2.82743  6.28319  5.02655  0.062936  -0.363895
4.08407  6.28319  5.02655  0.0540059  -0.371082
7.22566  6.28319  5.02655  0.0358496  -0.32992
14.7655  6.28319  5.02655  0.0150556  -0.222384
-16.6504  6.28319  5.65487  0.0175185  0.203528
-7.22566  6.28319  5.65487  0.0497305  0.330337
-5.34071  6.28319  5.65487  0.0629944  0.359666
-4.08407  6.28319  5.65487  0.0731801  0.370818
-2.82743  6.28319  5.65487  0.083353  0.361432
-2.19911  6.28319  5.65487  0.0878081  0.340727
-1.5708  6.28319  5.65487  0.0913966  0.300912
-0.942478  6.28319  5.65487  0.0938445  0.231229
-0.314159  6.28319  5.65487  0.0950504  0.124707
0.314159  6.28319  5.65487  0.0950506  -0.124714
0.942478  6.28319  5.65487  0.0938449  -0.231234
1.5708  6.28319  5.65487  0.0913971  -0.300917
2.19911  6.28319  5.65487  0.0878088  -0.340732
2.82743  6.28319  5.65487  0.0833538  -0.361437
4.08407  6.28319  5.65487  0.0731821  -0.370822
7.22566  6.28319  5.65487  0.0497302  -0.330346
14.7655  6.28319  5.65487  0.0210249  -0.222455
-16.6504  6.28319  6.28319  0.0194568  0.203541
-7.22566  6.28319  6.28319  0.0551087  0.330484
-5.34071  6.28319  6.28319  0.0695615  0.359777
-4.08407  6.28319  6.28319  0.0804306  0.370674
-2.82743  6.28319  6.28319  0.090929  0.36048
-2.19911  6.28319  6.28319  0.095353  0.33907
-1.5708  6.28319  6.28319  0.0988134  0.298626
-0.942478  6.28319  6.28319  0.101123  0.229276
-0.314159  6.28319  6.28319  0.102256  0.113821
0.314159  6.28319  6.28319  0.102256  -0.113826
0.942478  6.28319  6.28319  0.101123  -0.229281
1.5708  6.28319  6.28319  0.098814  -0.298631
2.19911  6.28319  6.28319  0.0953537  -0.339074
2.82743  6.28319  6.28319  0.0909299  -0.360485
4.08407  6.28319  6.28319  0.0804327  -0.370678
7.22566  6.28319  6.28319  0.0551085  -0.330492
14.7655  6.28319  6.28319  0.0233517  -0.222476
