-16.6504  0  0  0.0132743  0.0561981
-7.22566  0  0  0.0543273  0.103994
-5.34071  0  0  0.0820568  0.118884
-4.08407  0  0  0.111462  0.126477
-2.82743  0  0  0.153852  0.125141
-2.19911  0  0  0.180276  0.116779
-1.5708  0  0  0.208695  0.0995127
-0.942478  0  0  0.23538  0.0701653
-0.314159  0  0  0.253437  0.0272586
0.314159  0  0  0.253437  -0.0272591
0.942478  0  0  0.23538  -0.0701656
1.5708  0  0  0.208695  -0.0995129
2.19911  0  0  0.180276  -0.116779
2.82743  0  0  0.153852  -0.125141
4.08407  0  0  0.111462  -0.126477
7.22566  0  0  0.0543272  -0.103994
14.7655  0  0  0.0165405  -0.062332
-16.6504  0  0.628319  0.0121235  0.0567434
-7.22566  0  0.628319  0.0511355  0.108214
-5.34071  0  0.628319  0.0788492  0.126298
-4.08407  0  0.628319  0.109518  0.137411
-2.82743  0  0.628319  0.156229  0.140571
-2.19911  0  0.628319  0.186966  0.134038
-1.5708  0  0.628319  0.221551  0.117003
-0.942478  0  0.628319  0.255616  0.0844787
-0.314159  0  0.628319  0.279557  0.0337502
0.314159  0  0.628319  0.279557  -0.0337509
0.942478  0  0.628319  0.255615  -0.0844791
1.5708  0  0.628319  0.221551  -0.117003
2.19911  0  0.628319  0.186965  -0.134038
2.82743  0  0.628319  0.156229  -0.140571
4.08407  0  0.628319  0.109518  -0.137411
7.22566  0  0.628319  0.0511354  -0.108214
14.7655  0  0.628319  0.0151426  -0.0630867
-16.6504  0  1.25664  0.00895938  0.0579486
-7.22566  0  1.25664  0.0405314  0.118524
-5.34071  0  1.25664  0.065856  0.145784
-4.08407  0  1.25664  0.0972168  0.168641
-2.82743  0  1.25664  0.153279  0.190909
-2.19911  0  1.25664  0.197073  0.195845
-1.5708  0  1.25664  0.254926  0.18712
-0.942478  0  1.25664  0.323681  0.149489
-0.314159  0  1.25664  0.382102  0.064422
0.314159  0  1.25664  0.382102  -0.0644234
0.942478  0  1.25664  0.32368  -0.14949
1.5708  0  1.25664  0.254925  -0.18712
2.19911  0  1.25664  0.197073  -0.195845
2.82743  0  1.25664  0.153279  -0.190909
4.08407  0  1.25664  0.0972166  -0.168641
7.22566  0  1.25664  0.0405313  -0.118524
14.7655  0  1.25664  0.0112499  -0.0647676
-16.6504  0  1.88496  0.00481063  0.0589414
-7.22566  0  1.88496  0.0231469  0.128215
-5.34071  0  1.88496  0.0396058  0.166105
-4.08407  0  1.88496  0.0625453  0.205654
-2.82743  0  1.88496  0.112551  0.266132
-2.19911  0  1.88496  0.162599  0.307352
-1.5708  0  1.88496  0.25147  0.352422
-0.942478  0  1.88496  0.417273  0.370943
-0.314159  0  1.88496  0.672174  0.225903
0.314159  0  1.88496  0.67217  -0.225909
0.942478  0  1.88496  0.417269  -0.370944
1.5708  0  1.88496  0.251468  -0.352421
2.19911  0  1.88496  0.162598  -0.307352
2.82743  0  1.88496  0.11255  -0.266131
4.08407  0  1.88496  0.062545  -0.205654
7.22566  0  1.88496  0.0231468  -0.128215
14.7655  0  1.88496  0.00606703  -0.0661658
-16.6504  0  2.51327  0.00133786  0.0593041
-7.22566  0  2.51327  0.00659075  0.132073
-5.34071  0  2.51327  0.0115196  0.174804
-4.08407  0  2.51327  0.0187461  0.223106
-2.82743  0  2.51327  0.0361002  0.309366
-2.19911  0  2.51327  0.0560545  0.384649
-1.5708  0  2.51327  0.0999103  0.510174
-0.942478  0  2.51327  0.231913  0.758926
-0.314159  0  2.51327  1.02759  1.3198
0.314159  0  2.51327  1.02755  -1.31979
0.942478  0  2.51327  0.231908  -0.758919
1.5708  0  2.51327  0.0999091  -0.510171
2.19911  0  2.51327  0.056054  -0.384647
2.82743  0  2.51327  0.0360999  -0.309365
4.08407  0  2.51327  0.018746  -0.223105
7.22566  0  2.51327  0.00659075  -0.132073
14.7655  0  2.51327  0.00169  -0.0666797
-16.6504  0  3.14159  -8.73841e-09  0.0593344
-7.22566  0  3.14159  -6.79819e-08  0.132405
-5.34071  0  3.14159  -1.74578e-08  0.17557
-4.08407  0  3.14159  -1.14419e-07  0.224686
-2.82743  0  3.14159  -3.21554e-07  0.313537
-2.19911  0  3.14159  -5.1501e-07  0.392653
-1.5708  0  3.14159  -9.79527e-07  0.5291
-0.942478  0  3.14159  -2.57152e-06  0.826379
-0.314159  0  3.14159  -1.79669e-05  2.03706
0.314159  0  3.14159  -1.68567e-05  -2.03699
0.942478  0  3.14159  -2.41871e-06  -0.826369
1.5708  0  3.14159  -9.16697e-07  -0.529096
2.19911  0  3.14159  -4.70922e-07  -0.392651
2.82743  0  3.14159  -2.77937e-07  -0.313536
4.08407  0  3.14159  -1.26442e-07  -0.224685
7.22566  0  3.14159  -4.61509e-08  -0.132405
14.7655  0  3.14159  -8.96682e-09  -0.0667227
-16.6504  0  3.76991  0.00133786  0.0593041
-7.22566  0  3.76991  0.00659075  0.132073
-5.34071  0  3.76991  0.0115196  0.174804
-4.08407  0  3.76991  0.0187461  0.223106
-2.82743  0  3.76991  0.0361002  0.309366
-2.19911  0  3.76991  0.0560545  0.384649
-1.5708  0  3.76991  0.0999103  0.510174
-0.942478  0  3.76991  0.231913  0.758926
-0.314159  0  3.76991  1.02759  1.3198
0.314159  0  3.76991  1.02755  -1.31979
0.942478  0  3.76991  0.231908  -0.758919
1.5708  0  3.76991  0.0999091  -0.510171
2.19911  0  3.76991  0.056054  -0.384647
2.82743  0  3.76991  0.0360999  -0.309365
4.08407  0  3.76991  0.018746  -0.223105
7.22566  0  3.76991  0.00659075  -0.132073
14.7655  0  3.76991  0.00169  -0.0666797
-16.6504  0  4.39823  0.00481063  0.0589414
-7.22566  0  4.39823  0.0231469  0.128215
-5.34071  0  4.39823  0.0396058  0.166105
-4.08407  0  4.39823  0.0625453  0.205654
-2.82743  0  4.39823  0.112551  0.266132
-2.19911  0  4.39823  0.162599  0.307352
-1.5708  0  4.39823  0.25147  0.352422
-0.942478  0  4.39823  0.417273  0.370943
-0.314159  0  4.39823  0.672174  0.225903
0.314159  0  4.39823  0.67217  -0.225909
0.942478  0  4.39823  0.417269  -0.370944
1.5708  0  4.39823  0.251468  -0.352421
2.19911  0  4.39823  0.162598  -0.307352
2.82743  0  4.39823  0.11255  -0.266131
4.08407  0  4.39823  0.062545  -0.205654
7.22566  0  4.39823  0.0231468  -0.128215
14.7655  0  4.39823  0.00606703  -0.0661658
-16.6504  0  5.02655  0.00895938  0.0579486
-7.22566  0  5.02655  0.0405314  0.118524
-5.34071  0  5.02655  0.065856  0.145784
-4.08407  0  5.02655  0.0972168  0.168641
-2.82743  0  5.02655  0.153279  0.190909
-2.19911  0  5.02655  0.197073  0.195845
-1.5708  0  5.02655  0.254926  0.18712
-0.942478  0  5.02655  0.323681  0.149489
-0.314159  0  5.02655  0.382102  0.064422
0.314159  0  5.02655  0.382102  -0.0644234
0.942478  0  5.02655  0.32368  -0.14949
1.5708  0  5.02655  0.254925  -0.18712
2.19911  0  5.02655  0.197073  -0.195845
2.82743  0  5.02655  0.153279  -0.190909
4.08407  0  5.02655  0.0972166  -0.168641
7.22566  0  5.02655  0.0405313  -0.118524
14.7655  0  5.02655  0.0112499  -0.0647676
-16.6504  0  5.65487  0.0121235  0.0567434
-7.22566  0  5.65487  0.0511355  0.108214
-5.34071  0  5.65487  0.0788492  0.126298
-4.08407  0  5.65487  0.109518  0.137411
-2.82743  0  5.65487  0.156229  0.140571
-2.19911  0  5.65487  0.186966  0.134038
-1.5708  0  5.65487  0.221551  0.117003
-0.942478  0  5.65487  0.255616  0.0844787
-0.314159  0  5.65487  0.279557  0.0337502
0.314159  0  5.65487  0.279557  -0.0337509
0.942478  0  5.65487  0.255615  -0.0844791
1.5708  0  5.65487  0.221551  -0.117003
2.19911  0  5.65487  0.186965  -0.134038
2.82743  0  5.65487  0.156229  -0.140571
4.08407  0  5.65487  0.109518  -0.137411
7.22566  0  5.65487  0.0511354  -0.108214
14.7655  0  5.65487  0.0151426  -0.0630867
-16.6504  0  6.28319  0.0132743  0.0561981
-7.22566  0  6.28319  0.0543273  0.103994
-5.34071  0  6.28319  0.0820568  0.118884
-4.08407  0  6.28319  0.111462  0.126477
-2.82743  0  6.28319  0.153852  0.125141
-2.19911  0  6.28319  0.180276  0.116779
-1.5708  0  6.28319  0.208695  0.0995127
-0.942478  0  6.28319  0.23538  0.0701653
-0.314159  0  6.28319  0.253437  0.0272586
0.314159  0  6.28319  0.253437  -0.0272591
0.942478  0  6.28319  0.23538  -0.0701656
1.5708  0  6.28319  0.208695  -0.0995129
2.19911  0  6.28319  0.180276  -0.116779
2.82743  0  6.28319  0.153852  -0.125141
4.08407  0  6.28319  0.111462  -0.126477
7.22566  0  6.28319  0.0543272  -0.103994
14.7655  0  6.28319  0.0165405  -0.062332
-16.6504  0.628319  0  0.0121235  0.0567434
-7.22566  0.628319  0  0.0511355  0.108214
-5.34071  0.628319  0  0.0788492  0.126298
-4.08407  0.628319  0  0.109518  0.137411
-2.82743  0.628319  0  0.156229  0.140571
-2.19911  0.628319  0  0.186966  0.134038
-1.5708  0.628319  0  0.221551  0.117003
-0.942478  0.628319  0  0.255616  0.0844787
-0.314159  0.628319  0  0.279557  0.0337502
0.314159  0.628319  0  0.279557  -0.0337509
0.942478  0.628319  0  0.255615  -0.0844791
1.5708  0.628319  0  0.221551  -0.117003
2.19911  0.628319  0  0.186965  -0.134038
2.82743  0.628319  0  0.156229  -0.140571
4.08407  0.628319  0  0.109518  -0.137411
7.22566  0.628319  0  0.0511354  -0.108214
14.7655  0.628319  0  0.0151426  -0.0630867
-16.6504  0.628319  0.628319  0.0109392  0.0572432
-7.22566  0.628319  0.628319  0.0474713  0.112315
-5.34071  0.628319  0.628319  0.0747157  0.133807
-4.08407  0.628319  0.628319  0.1062  0.148999
-2.82743  0.628319  0.628319  0.157062  0.158088
-2.19911  0.628319  0.628319  0.192616  0.154544
-1.5708  0.628319  0.628319  0.234797  0.138907
-0.942478  0.628319  0.628319  0.278846  0.10346
-0.314159  0.628319  0.628319  0.311713  0.0419683
0.314159  0.628319  0.628319  0.311713  -0.0419691
0.942478  0.628319  0.628319  0.278846  -0.103461
1.5708  0.628319  0.628319  0.234796  -0.138908
2.19911  0.628319  0.628319  0.192615  -0.154544
2.82743  0.628319  0.628319  0.157062  -0.158088
4.08407  0.628319  0.628319  0.1062  -0.148999
7.22566  0.628319  0.628319  0.0474712  -0.112315
14.7655  0.628319  0.628319  0.0136933  -0.0637816
-16.6504  0.628319  1.25664  0.00770085  0.0583169
-7.22566  0.628319  1.25664  0.0356268  0.121979
-5.34071  0.628319  1.25664  0.0589494  0.152792
-4.08407  0.628319  1.25664  0.0890369  0.180852
-2.82743  0.628319  1.25664  0.146424  0.213582
-2.19911  0.628319  1.25664  0.194796  0.226763
-1.5708  0.628319  1.25664  0.26409  0.227181
-0.942478  0.628319  1.25664  0.355657  0.192752
-0.314159  0.628319  1.25664  0.442487  0.0891902
0.314159  0.628319  1.25664  0.442486  -0.0891923
0.942478  0.628319  1.25664  0.355656  -0.192753
1.5708  0.628319  1.25664  0.264089  -0.227181
2.19911  0.628319  1.25664  0.194796  -0.226763
2.82743  0.628319  1.25664  0.146424  -0.213582
4.08407  0.628319  1.25664  0.0890366  -0.180852
7.22566  0.628319  1.25664  0.0356267  -0.121979
14.7655  0.628319  1.25664  0.00968528  -0.0652848
-16.6504  0.628319  1.88496  0.00349197  0.0591278
-7.22566  0.628319  1.88496  0.0170044  0.130171
-5.34071  0.628319  1.88496  0.0294124  0.170473
-4.08407  0.628319  1.88496  0.0471628  0.214302
-2.82743  0.628319  1.88496  0.0878119  0.286897
-2.19911  0.628319  1.88496  0.131404  0.343161
-1.5708  0.628319  1.88496  0.216937  0.42
-0.942478  0.628319  1.88496  0.411172  0.505412
-0.314159  0.628319  1.88496  0.849961  0.395489
0.314159  0.628319  1.88496  0.849951  -0.395496
0.942478  0.628319  1.88496  0.411167  -0.505411
1.5708  0.628319  1.88496  0.216935  -0.419998
2.19911  0.628319  1.88496  0.131403  -0.34316
2.82743  0.628319  1.88496  0.0878114  -0.286897
4.08407  0.628319  1.88496  0.0471626  -0.214301
7.22566  0.628319  1.88496  0.0170043  -0.130171
14.7655  0.628319  1.88496  0.00440759  -0.0664296
-16.6504  0.628319  2.51327  -8.73384e-09  0.0593342
-7.22566  0.628319  2.51327  -6.85317e-08  0.132399
-5.34071  0.628319  2.51327  -1.84804e-08  0.175559
-4.08407  0.628319  2.51327  -1.14972e-07  0.22468
-2.82743  0.628319  2.51327  -3.23364e-07  0.313632
-2.19911  0.628319  2.51327  -5.18933e-07  0.393009
-1.5708  0.628319  2.51327  -9.89227e-07  0.530467
-0.942478  0.628319  2.51327  -2.60971e-06  0.833259
-0.314159  0.628319  2.51327  -1.89929e-05  2.12626
0.314159  0.628319  2.51327  -1.79689e-05  -2.12619
0.942478  0.628319  2.51327  -2.4695e-06  -0.833249
1.5708  0.628319  2.51327  -9.29592e-07  -0.530463
2.19911  0.628319  2.51327  -4.76934e-07  -0.393007
2.82743  0.628319  2.51327  -2.82468e-07  -0.313631
4.08407  0.628319  2.51327  -1.26453e-07  -0.22468
7.22566  0.628319  2.51327  -4.61118e-08  -0.132399
14.7655  0.628319  2.51327  -8.9969e-09  -0.0667224
-16.6504  0.628319  3.14159  -0.00133788  0.0593041
-7.22566  0.628319  3.14159  -0.00659089  0.132073
-5.34071  0.628319  3.14159  -0.0115197  0.174804
-4.08407  0.628319  3.14159  -0.0187463  0.223106
-2.82743  0.628319  3.14159  -0.0361008  0.309366
-2.19911  0.628319  3.14159  -0.0560555  0.384649
-1.5708  0.628319  3.14159  -0.0999122  0.510174
-0.942478  0.628319  3.14159  -0.231918  0.758924
-0.314159  0.628319  3.14159  -1.0276  1.31977
0.314159  0.628319  3.14159  -1.02756  -1.31976
0.942478  0.628319  3.14159  -0.231912  -0.758916
1.5708  0.628319  3.14159  -0.0999106  -0.51017
2.19911  0.628319  3.14159  -0.0560548  -0.384647
2.82743  0.628319  3.14159  -0.0361004  -0.309365
4.08407  0.628319  3.14159  -0.0187462  -0.223105
7.22566  0.628319  3.14159  -0.00659084  -0.132073
14.7655  0.628319  3.14159  -0.00169002  -0.0666797
-16.6504  0.628319  3.76991  -8.73384e-09  0.0593342
-7.22566  0.628319  3.76991  -6.85317e-08  0.132399
-5.34071  0.628319  3.76991  -1.84804e-08  0.175559
-4.08407  0.628319  3.76991  -1.14972e-07  0.22468
-2.82743  0.628319  3.76991  -3.23364e-07  0.313632
-2.19911  0.628319  3.76991  -5.18933e-07  0.393009
-1.5708  0.628319  3.76991  -9.89227e-07  0.530467
-0.942478  0.628319  3.76991  -2.60971e-06  0.833259
-0.314159  0.628319  3.76991  -1.89929e-05  2.12626
0.314159  0.628319  3.76991  -1.79689e-05  -2.12619
0.942478  0.628319  3.76991  -2.4695e-06  -0.833249
1.5708  0.628319  3.76991  -9.29592e-07  -0.530463
2.19911  0.628319  3.76991  -4.76934e-07  -0.393007
2.82743  0.628319  3.76991  -2.82468e-07  -0.313631
4.08407  0.628319  3.76991  -1.26453e-07  -0.22468
7.22566  0.628319  3.76991  -4.61118e-08  -0.132399
14.7655  0.628319  3.76991  -8.9969e-09  -0.0667224
-16.6504  0.628319  4.39823  0.00349197  0.0591278
-7.22566  0.628319  4.39823  0.0170044  0.130171
-5.34071  0.628319  4.39823  0.0294124  0.170473
-4.08407  0.628319  4.39823  0.0471628  0.214302
-2.82743  0.628319  4.39823  0.0878119  0.286897
-2.19911  0.628319  4.39823  0.131404  0.343161
-1.5708  0.628319  4.39823  0.216937  0.42
-0.942478  0.628319  4.39823  0.411172  0.505412
-0.314159  0.628319  4.39823  0.849961  0.395489
0.314159  0.628319  4.39823  0.849951  -0.395496
0.942478  0.628319  4.39823  0.411167  -0.505411
1.5708  0.628319  4.39823  0.216935  -0.419998
2.19911  0.628319  4.39823  0.131403  -0.34316
2.82743  0.628319  4.39823  0.0878114  -0.286897
4.08407  0.628319  4.39823  0.0471626  -0.214301
7.22566  0.628319  4.39823  0.0170043  -0.130171
14.7655  0.628319  4.39823  0.00440759  -0.0664296
-16.6504  0.628319  5.02655  0.00770085  0.0583169
-7.22566  0.628319  5.02655  0.0356268  0.121979
-5.34071  0.628319  5.02655  0.0589494  0.152792
-4.08407  0.628319  5.02655  0.0890369  0.180852
-2.82743  0.628319  5.02655  0.146424  0.213582
-2.19911  0.628319  5.02655  0.194796  0.226763
-1.5708  0.628319  5.02655  0.26409  0.227181
-0.942478  0.628319  5.02655  0.355657  0.192752
-0.314159  0.628319  5.02655  0.442487  0.0891902
0.314159  0.628319  5.02655  0.442486  -0.0891923
0.942478  0.628319  5.02655  0.355656  -0.192753
1.5708  0.628319  5.02655  0.264089  -0.227181
2.19911  0.628319  5.02655  0.194796  -0.226763
2.82743  0.628319  5.02655  0.146424  -0.213582
4.08407  0.628319  5.02655  0.0890366  -0.180852
7.22566  0.628319  5.02655  0.0356267  -0.121979
14.7655  0.628319  5.02655  0.00968528  -0.0652848
-16.6504  0.628319  5.65487  0.0109392  0.0572432
-7.22566  0.628319  5.65487  0.0474713  0.112315
-5.34071  0.628319  5.65487  0.0747157  0.133807
-4.08407  0.628319  5.65487  0.1062  0.148999
-2.82743  0.628319  5.65487  0.157062  0.158088
-2.19911  0.628319  5.65487  0.192616  0.154544
-1.5708  0.628319  5.65487  0.234797  0.138907
-0.942478  0.628319  5.65487  0.278846  0.10346
-0.314159  0.628319  5.65487  0.311713  0.0419683
0.314159  0.628319  5.65487  0.311713  -0.0419691
0.942478  0.628319  5.65487  0.278846  -0.103461
1.5708  0.628319  5.65487  0.234796  -0.138908
2.19911  0.628319  5.65487  0.192615  -0.154544
2.82743  0.628319  5.65487  0.157062  -0.158088
4.08407  0.628319  5.65487  0.1062  -0.148999
7.22566  0.628319  5.65487  0.0474712  -0.112315
14.7655  0.628319  5.65487  0.0136933  -0.0637816
-16.6504  0.628319  6.28319  0.0121235  0.0567434
-7.22566  0.628319  6.28319  0.0511355  0.108214
-5.34071  0.628319  6.28319  0.0788492  0.126298
-4.08407  0.628319  6.28319  0.109518  0.137411
-2.82743  0.628319  6.28319  0.156229  0.140571
-2.19911  0.628319  6.28319  0.186966  0.134038
-1.5708  0.628319  6.28319  0.221551  0.117003
-0.942478  0.628319  6.28319  0.255616  0.0844787
-0.314159  0.628319  6.28319  0.279557  0.0337502
0.314159  0.628319  6.28319  0.279557  -0.0337509
0.942478  0.628319  6.28319  0.255615  -0.0844791
1.5708  0.628319  6.28319  0.221551  -0.117003
2.19911  0.628319  6.28319  0.186965  -0.134038
2.82743  0.628319  6.28319  0.156229  -0.140571
4.08407  0.628319  6.28319  0.109518  -0.137411
7.22566  0.628319  6.28319  0.0511354  -0.108214
14.7655  0.628319  6.28319  0.0151426  -0.0630867
-16.6504  1.25664  0  0.00895938  0.0579486
-7.22566  1.25664  0  0.0405314  0.118524
-5.34071  1.25664  0  0.065856  0.145784
-4.08407  1.25664  0  0.0972168  0.168641
-2.82743  1.25664  0  0.153279  0.190909
-2.19911  1.25664  0  0.197073  0.195845
-1.5708  1.25664  0  0.254926  0.18712
-0.942478  1.25664  0  0.323681  0.149489
-0.314159  1.25664  0  0.382102  0.064422
0.314159  1.25664  0  0.382102  -0.0644234
0.942478  1.25664  0  0.32368  -0.14949
1.5708  1.25664  0  0.254925  -0.18712
2.19911  1.25664  0  0.197073  -0.195845
2.82743  1.25664  0  0.153279  -0.190909
4.08407  1.25664  0  0.0972166  -0.168641
7.22566  1.25664  0  0.0405313  -0.118524
14.7655  1.25664  0  0.0112499  -0.0647676
-16.6504  1.25664  0.628319  0.00770085  0.0583169
-7.22566  1.25664  0.628319  0.0356268  0.121979
-5.34071  1.25664  0.628319  0.0589494  0.152792
-4.08407  1.25664  0.628319  0.0890369  0.180852
-2.82743  1.25664  0.628319  0.146424  0.213582
-2.19911  1.25664  0.628319  0.194796  0.226763
-1.5708  1.25664  0.628319  0.26409  0.227181
-0.942478  1.25664  0.628319  0.355657  0.192752
-0.314159  1.25664  0.628319  0.442487  0.0891902
0.314159  1.25664  0.628319  0.442486  -0.0891923
0.942478  1.25664  0.628319  0.355656  -0.192753
1.5708  1.25664  0.628319  0.264089  -0.227181
2.19911  1.25664  0.628319  0.194796  -0.226763
2.82743  1.25664  0.628319  0.146424  -0.213582
4.08407  1.25664  0.628319  0.0890366  -0.180852
7.22566  1.25664  0.628319  0.0356267  -0.121979
14.7655  1.25664  0.628319  0.00968528  -0.0652848
-16.6504  1.25664  1.25664  0.00430823  0.0590193
-7.22566  1.25664  1.25664  0.0208314  0.129024
-5.34071  1.25664  1.25664  0.0358076  0.167904
-4.08407  1.25664  1.25664  0.0569237  0.209203
-2.82743  1.25664  1.25664  0.103982  0.274549
-2.19911  1.25664  1.25664  0.152528  0.321592
-1.5708  1.25664  1.25664  0.242325  0.378094
-0.942478  1.25664  1.25664  0.422208  0.416826
-0.314159  1.25664  1.25664  0.733517  0.272332
0.314159  1.25664  1.25664  0.733511  -0.272338
0.942478  1.25664  1.25664  0.422204  -0.416826
1.5708  1.25664  1.25664  0.242323  -0.378093
2.19911  1.25664  1.25664  0.152527  -0.321591
2.82743  1.25664  1.25664  0.103982  -0.274549
4.08407  1.25664  1.25664  0.0569234  -0.209202
7.22566  1.25664  1.25664  0.0208313  -0.129024
14.7655  1.25664  1.25664  0.00543522  -0.0662759
-16.6504  1.25664  1.88496  -8.71907e-09  0.0593339
-7.22566  1.25664  1.88496  -6.95338e-08  0.13239
-5.34071  1.25664  1.88496  -2.00447e-08  0.175546
-4.08407  1.25664  1.88496  -1.14867e-07  0.224691
-2.82743  1.25664  1.88496  -3.22975e-07  0.313871
-2.19911  1.25664  1.88496  -5.17747e-07  0.393746
-1.5708  1.25664  1.88496  -9.84944e-07  0.532804
-0.942478  1.25664  1.88496  -2.60308e-06  0.841797
-0.314159  1.25664  1.88496  -1.93826e-05  2.17731
0.314159  1.25664  1.88496  -1.86879e-05  -2.17723
0.942478  1.25664  1.88496  -2.52451e-06  -0.841786
1.5708  1.25664  1.88496  -9.46463e-07  -0.5328
2.19911  1.25664  1.88496  -4.85698e-07  -0.393744
2.82743  1.25664  1.88496  -2.90043e-07  -0.31387
4.08407  1.25664  1.88496  -1.27219e-07  -0.22469
7.22566  1.25664  1.88496  -4.61102e-08  -0.13239
14.7655  1.25664  1.88496  -9.02187e-09  -0.0667218
-16.6504  1.25664  2.51327  -0.00349199  0.0591278
-7.22566  1.25664  2.51327  -0.0170045  0.130171
-5.34071  1.25664  2.51327  -0.0294124  0.170473
-4.08407  1.25664  2.51327  -0.047163  0.214302
-2.82743  1.25664  2.51327  -0.0878125  0.286897
-2.19911  1.25664  2.51327  -0.131405  0.34316
-1.5708  1.25664  2.51327  -0.216938  0.419999
-0.942478  1.25664  2.51327  -0.411173  0.505409
-0.314159  1.25664  2.51327  -0.849957  0.395482
0.314159  1.25664  2.51327  -0.849945  -0.395492
0.942478  1.25664  2.51327  -0.411167  -0.505408
1.5708  1.25664  2.51327  -0.216935  -0.419997
2.19911  1.25664  2.51327  -0.131404  -0.343159
2.82743  1.25664  2.51327  -0.0878117  -0.286896
4.08407  1.25664  2.51327  -0.0471627  -0.214301
7.22566  1.25664  2.51327  -0.0170044  -0.130171
14.7655  1.25664  2.51327  -0.00440761  -0.0664295
-16.6504  1.25664  3.14159  -0.00481065  0.0589414
-7.22566  1.25664  3.14159  -0.023147  0.128215
-5.34071  1.25664  3.14159  -0.0396058  0.166105
-4.08407  1.25664  3.14159  -0.0625456  0.205654
-2.82743  1.25664  3.14159  -0.112551  0.266131
-2.19911  1.25664  3.14159  -0.162599  0.307352
-1.5708  1.25664  3.14159  -0.251471  0.352421
-0.942478  1.25664  3.14159  -0.417274  0.370941
-0.314159  1.25664  3.14159  -0.672171  0.2259
0.314159  1.25664  3.14159  -0.672166  -0.225907
0.942478  1.25664  3.14159  -0.417268  -0.370942
1.5708  1.25664  3.14159  -0.251468  -0.35242
2.19911  1.25664  3.14159  -0.162598  -0.307351
2.82743  1.25664  3.14159  -0.11255  -0.26613
4.08407  1.25664  3.14159  -0.0625452  -0.205654
7.22566  1.25664  3.14159  -0.0231469  -0.128215
14.7655  1.25664  3.14159  -0.00606705  -0.0661658
-16.6504  1.25664  3.76991  -0.00349199  0.0591278
-7.22566  1.25664  3.76991  -0.0170045  0.130171
-5.34071  1.25664  3.76991  -0.0294124  0.170473
-4.08407  1.25664  3.76991  -0.047163  0.214302
-2.82743  1.25664  3.76991  -0.0878125  0.286897
-2.19911  1.25664  3.76991  -0.131405  0.34316
-1.5708  1.25664  3.76991  -0.216938  0.419999
-0.942478  1.25664  3.76991  -0.411173  0.505409
-0.314159  1.25664  3.76991  -0.849957  0.395482
0.314159  1.25664  3.76991  -0.849945  -0.395492
0.942478  1.25664  3.76991  -0.411167  -0.505408
1.5708  1.25664  3.76991  -0.216935  -0.419997
2.19911  1.25664  3.76991  -0.131404  -0.343159
2.82743  1.25664  3.76991  -0.0878117  -0.286896
4.08407  1.25664  3.76991  -0.0471627  -0.214301
7.22566  1.25664  3.76991  -0.0170044  -0.130171
14.7655  1.25664  3.76991  -0.00440761  -0.0664295
-16.6504  1.25664  4.39823  -8.71907e-09  0.0593339
-7.22566  1.25664  4.39823  -6.95338e-08  0.13239
-5.34071  1.25664  4.39823  -2.00447e-08  0.175546
-4.08407  1.25664  4.39823  -1.14867e-07  0.224691
-2.82743  1.25664  4.39823  -3.22975e-07  0.313871
-2.19911  1.25664  4.39823  -5.17747e-07  0.393746
-1.5708  1.25664  4.39823  -9.84944e-07  0.532804
-0.942478  1.25664  4.39823  -2.60308e-06  0.841797
-0.314159  1.25664  4.39823  -1.93826e-05  2.17731
0.314159  1.25664  4.39823  -1.86879e-05  -2.17723
0.942478  1.25664  4.39823  -2.52451e-06  -0.841786
1.5708  1.25664  4.39823  -9.46463e-07  -0.5328
2.19911  1.25664  4.39823  -4.85698e-07  -0.393744
2.82743  1.25664  4.39823  -2.90043e-07  -0.31387
4.08407  1.25664  4.39823  -1.27219e-07  -0.22469
7.22566  1.25664  4.39823  -4.61102e-08  -0.13239
14.7655  1.25664  4.39823  -9.02187e-09  -0.0667218
-16.6504  1.25664  5.02655  0.00430823  0.0590193
-7.22566  1.25664  5.02655  0.0208314  0.129024
-5.34071  1.25664  5.02655  0.0358076  0.167904
-4.08407  1.25664  5.02655  0.0569237  0.209203
-2.82743  1.25664  5.02655  0.103982  0.274549
-2.19911  1.25664  5.02655  0.152528  0.321592
-1.5708  1.25664  5.02655  0.242325  0.378094
-0.942478  1.25664  5.02655  0.422208  0.416826
-0.314159  1.25664  5.02655  0.733517  0.272332
0.314159  1.25664  5.02655  0.733511  -0.272338
0.942478  1.25664  5.02655  0.422204  -0.416826
1.5708  1.25664  5.02655  0.242323  -0.378093
2.19911  1.25664  5.02655  0.152527  -0.321591
2.82743  1.25664  5.02655  0.103982  -0.274549
4.08407  1.25664  5.02655  0.0569234  -0.209202
7.22566  1.25664  5.02655  0.0208313  -0.129024
14.7655  1.25664  5.02655  0.00543522  -0.0662759
-16.6504  1.25664  5.65487  0.00770085  0.0583169
-7.22566  1.25664  5.65487  0.0356268  0.121979
-5.34071  1.25664  5.65487  0.0589494  0.152792
-4.08407  1.25664  5.65487  0.0890369  0.180852
-2.82743  1.25664  5.65487  0.146424  0.213582
-2.19911  1.25664  5.65487  0.194796  0.226763
-1.5708  1.25664  5.65487  0.26409  0.227181
-0.942478  1.25664  5.65487  0.355657  0.192752
-0.314159  1.25664  5.65487  0.442487  0.0891902
0.314159  1.25664  5.65487  0.442486  -0.0891923
0.942478  1.25664  5.65487  0.355656  -0.192753
1.5708  1.25664  5.65487  0.264089  -0.227181
2.19911  1.25664  5.65487  0.194796  -0.226763
2.82743  1.25664  5.65487  0.146424  -0.213582
4.08407  1.25664  5.65487  0.0890366  -0.180852
7.22566  1.25664  5.65487  0.0356267  -0.121979
14.7655  1.25664  5.65487  0.00968528  -0.0652848
-16.6504  1.25664  6.28319  0.00895938  0.0579486
-7.22566  1.25664  6.28319  0.0405314  0.118524
-5.34071  1.25664  6.28319  0.065856  0.145784
-4.08407  1.25664  6.28319  0.0972168  0.168641
-2.82743  1.25664  6.28319  0.153279  0.190909
-2.19911  1.25664  6.28319  0.197073  0.195845
-1.5708  1.25664  6.28319  0.254926  0.18712
-0.942478  1.25664  6.28319  0.323681  0.149489
-0.314159  1.25664  6.28319  0.382102  0.064422
0.314159  1.25664  6.28319  0.382102  -0.0644234
0.942478  1.25664  6.28319  0.32368  -0.14949
1.5708  1.25664  6.28319  0.254925  -0.18712
2.19911  1.25664  6.28319  0.197073  -0.195845
2.82743  1.25664  6.28319  0.153279  -0.190909
4.08407  1.25664  6.28319  0.0972166  -0.168641
7.22566  1.25664  6.28319  0.0405313  -0.118524
14.7655  1.25664  6.28319  0.0112499  -0.0647676
-16.6504  1.88496  0  0.00481063  0.0589414
-7.22566  1.88496  0  0.0231469  0.128215
-5.34071  1.88496  0  0.0396058  0.166105
-4.08407  1.88496  0  0.0625453  0.205654
-2.82743  1.88496  0  0.112551  0.266132
-2.19911  1.88496  0  0.162599  0.307352
-1.5708  1.88496  0  0.25147  0.352422
-0.942478  1.88496  0  0.417273  0.370943
-0.314159  1.88496  0  0.672174  0.225903
0.314159  1.88496  0  0.67217  -0.225909
0.942478  1.88496  0  0.417269  -0.370944
1.5708  1.88496  0  0.251468  -0.352421
2.19911  1.88496  0  0.162598  -0.307352
2.82743  1.88496  0  0.11255  -0.266131
4.08407  1.88496  0  0.062545  -0.205654
7.22566  1.88496  0  0.0231468  -0.128215
14.7655  1.88496  0  0.00606703  -0.0661658
-16.6504  1.88496  0.628319  0.00349197  0.0591278
-7.22566  1.88496  0.628319  0.0170044  0.130171
-5.34071  1.88496  0.628319  0.0294124  0.170473
-4.08407  1.88496  0.628319  0.0471628  0.214302
-2.82743  1.88496  0.628319  0.0878119  0.286897
-2.19911  1.88496  0.628319  0.131404  0.343161
-1.5708  1.88496  0.628319  0.216937  0.42
-0.942478  1.88496  0.628319  0.411172  0.505412
-0.314159  1.88496  0.628319  0.849961  0.395489
0.314159  1.88496  0.628319  0.849951  -0.395496
0.942478  1.88496  0.628319  0.411167  -0.505411
1.5708  1.88496  0.628319  0.216935  -0.419998
2.19911  1.88496  0.628319  0.131403  -0.34316
2.82743  1.88496  0.628319  0.0878114  -0.286897
4.08407  1.88496  0.628319  0.0471626  -0.214301
7.22566  1.88496  0.628319  0.0170043  -0.130171
14.7655  1.88496  0.628319  0.00440759  -0.0664296
-16.6504  1.88496  1.25664  -8.71907e-09  0.0593339
-7.22566  1.88496  1.25664  -6.95338e-08  0.13239
-5.34071  1.88496  1.25664  -2.00447e-08  0.175546
-4.08407  1.88496  1.25664  -1.14867e-07  0.224691
-2.82743  1.88496  1.25664  -3.22975e-07  0.313871
-2.19911  1.88496  1.25664  -5.17747e-07  0.393746
-1.5708  1.88496  1.25664  -9.84944e-07  0.532804
-0.942478  1.88496  1.25664  -2.60308e-06  0.841797
-0.314159  1.88496  1.25664  -1.93826e-05  2.17731
0.314159  1.88496  1.25664  -1.86879e-05  -2.17723
0.942478  1.88496  1.25664  -2.52451e-06  -0.841786
1.5708  1.88496  1.25664  -9.46463e-07  -0.5328
2.19911  1.88496  1.25664  -4.85698e-07  -0.393744
2.82743  1.88496  1.25664  -2.90043e-07  -0.31387
4.08407  1.88496  1.25664  -1.27219e-07  -0.22469
7.22566  1.88496  1.25664  -4.61102e-08  -0.13239
14.7655  1.88496  1.25664  -9.02187e-09  -0.0667218
-16.6504  1.88496  1.88496  -0.00430825  0.0590193
-7.22566  1.88496  1.88496  -0.0208315  0.129024
-5.34071  1.88496  1.88496  -0.0358077  0.167904
-4.08407  1.88496  1.88496  -0.0569239  0.209203
-2.82743  1.88496  1.88496  -0.103983  0.274549
-2.19911  1.88496  1.88496  -0.152529  0.321591
-1.5708  1.88496  1.88496  -0.242326  0.378093
-0.942478  1.88496  1.88496  -0.422209  0.416824
-0.314159  1.88496  1.88496  -0.733514  0.272328
0.314159  1.88496  1.88496  -0.733507  -0.272336
0.942478  1.88496  1.88496  -0.422203  -0.416824
1.5708  1.88496  1.88496  -0.242323  -0.378091
2.19911  1.88496  1.88496  -0.152528  -0.32159
2.82743  1.88496  1.88496  -0.103982  -0.274548
4.08407  1.88496  1.88496  -0.0569236  -0.209202
7.22566  1.88496  1.88496  -0.0208314  -0.129024
14.7655  1.88496  1.88496  -0.00543523  -0.0662759
-16.6504  1.88496  2.51327  -0.00770088  0.0583169
-7.22566  1.88496  2.51327  -0.0356269  0.121979
-5.34071  1.88496  2.51327  -0.0589495  0.152792
-4.08407  1.88496  2.51327  -0.0890372  0.180852
-2.82743  1.88496  2.51327  -0.146425  0.213582
-2.19911  1.88496  2.51327  -0.194797  0.226762
-1.5708  1.88496  2.51327  -0.264091  0.22718
-0.942478  1.88496  2.51327  -0.355657  0.192751
-0.314159  1.88496  2.51327  -0.442485  0.0891888
0.314159  1.88496  2.51327  -0.442484  -0.0891925
0.942478  1.88496  2.51327  -0.355655  -0.192752
1.5708  1.88496  2.51327  -0.264089  -0.22718
2.19911  1.88496  2.51327  -0.194795  -0.226762
2.82743  1.88496  2.51327  -0.146424  -0.213581
4.08407  1.88496  2.51327  -0.0890366  -0.180851
7.22566  1.88496  2.51327  -0.0356267  -0.121979
14.7655  1.88496  2.51327  -0.00968529  -0.0652847
-16.6504  1.88496  3.14159  -0.00895941  0.0579486
-7.22566  1.88496  3.14159  -0.0405315  0.118524
-5.34071  1.88496  3.14159  -0.0658561  0.145784
-4.08407  1.88496  3.14159  -0.0972171  0.168641
-2.82743  1.88496  3.14159  -0.153279  0.190909
-2.19911  1.88496  3.14159  -0.197074  0.195844
-1.5708  1.88496  3.14159  -0.254926  0.187119
-0.942478  1.88496  3.14159  -0.32368  0.149488
-0.314159  1.88496  3.14159  -0.382101  0.0644209
0.314159  1.88496  3.14159  -0.3821  -0.0644238
0.942478  1.88496  3.14159  -0.323679  -0.149489
1.5708  1.88496  3.14159  -0.254924  -0.18712
2.19911  1.88496  3.14159  -0.197072  -0.195844
2.82743  1.88496  3.14159  -0.153278  -0.190908
4.08407  1.88496  3.14159  -0.0972165  -0.168641
7.22566  1.88496  3.14159  -0.0405313  -0.118524
14.7655  1.88496  3.14159  -0.0112499  -0.0647675
-16.6504  1.88496  3.76991  -0.00770088  0.0583169
-7.22566  1.88496  3.76991  -0.0356269  0.121979
-5.34071  1.88496  3.76991  -0.0589495  0.152792
-4.08407  1.88496  3.76991  -0.0890372  0.180852
-2.82743  1.88496  3.76991  -0.146425  0.213582
-2.19911  1.88496  3.76991  -0.194797  0.226762
-1.5708  1.88496  3.76991  -0.264091  0.22718
-0.942478  1.88496  3.76991  -0.355657  0.192751
-0.314159  1.88496  3.76991  -0.442485  0.0891888
0.314159  1.88496  3.76991  -0.442484  -0.0891925
0.942478  1.88496  3.76991  -0.355655  -0.192752
1.5708  1.88496  3.76991  -0.264089  -0.22718
2.19911  1.88496  3.76991  -0.194795  -0.226762
2.82743  1.88496  3.76991  -0.146424  -0.213581
4.08407  1.88496  3.76991  -0.0890366  -0.180851
7.22566  1.88496  3.76991  -0.0356267  -0.121979
14.7655  1.88496  3.76991  -0.00968529  -0.0652847
-16.6504  1.88496  4.39823  -0.00430825  0.0590193
-7.22566  1.88496  4.39823  -0.0208315  0.129024
-5.34071  1.88496  4.39823  -0.0358077  0.167904
-4.08407  1.88496  4.39823  -0.0569239  0.209203
-2.82743  1.88496  4.39823  -0.103983  0.274549
-2.19911  1.88496  4.39823  -0.152529  0.321591
-1.5708  1.88496  4.39823  -0.242326  0.378093
-0.942478  1.88496  4.39823  -0.422209  0.416824
-0.314159  1.88496  4.39823  -0.733514  0.272328
0.314159  1.88496  4.39823  -0.733507  -0.272336
0.942478  1.88496  4.39823  -0.422203  -0.416824
1.5708  1.88496  4.39823  -0.242323  -0.378091
2.19911  1.88496  4.39823  -0.152528  -0.32159
2.82743  1.88496  4.39823  -0.103982  -0.274548
4.08407  1.88496  4.39823  -0.0569236  -0.209202
7.22566  1.88496  4.39823  -0.0208314  -0.129024
14.7655  1.88496  4.39823  -0.00543523  -0.0662759
-16.6504  1.88496  5.02655  -8.71907e-09  0.0593339
-7.22566  1.88496  5.02655  -6.95338e-08  0.13239
-5.34071  1.88496  5.02655  -2.00447e-08  0.175546
-4.08407  1.88496  5.02655  -1.14867e-07  0.224691
-2.82743  1.88496  5.02655  -3.22975e-07  0.313871
-2.19911  1.88496  5.02655  -5.17747e-07  0.393746
-1.5708  1.88496  5.02655  -9.84944e-07  0.532804
-0.942478  1.88496  5.02655  -2.60308e-06  0.841797
-0.314159  1.88496  5.02655  -1.93826e-05  2.17731
0.314159  1.88496  5.02655  -1.86879e-05  -2.17723
0.942478  1.88496  5.02655  -2.52451e-06  -0.841786
1.5708  1.88496  5.02655  -9.46463e-07  -0.5328
2.19911  1.88496  5.02655  -4.85698e-07  -0.393744
2.82743  1.88496  5.02655  -2.90043e-07  -0.31387
4.08407  1.88496  5.02655  -1.27219e-07  -0.22469
7.22566  1.88496  5.02655  -4.61102e-08  -0.13239
14.7655  1.88496  5.02655  -9.02187e-09  -0.0667218
-16.6504  1.88496  5.65487  0.00349197  0.0591278
-7.22566  1.88496  5.65487  0.0170044  0.130171
-5.34071  1.88496  5.65487  0.0294124  0.170473
-4.08407  1.88496  5.65487  0.0471628  0.214302
-2.82743  1.88496  5.65487  0.0878119  0.286897
-2.19911  1.88496  5.65487  0.131404  0.343161
-1.5708  1.88496  5.65487  0.216937  0.42
-0.942478  1.88496  5.65487  0.411172  0.505412
-0.314159  1.88496  5.65487  0.849961  0.395489
0.314159  1.88496  5.65487  0.849951  -0.395496
0.942478  1.88496  5.65487  0.411167  -0.505411
1.5708  1.88496  5.65487  0.216935  -0.419998
2.19911  1.88496  5.65487  0.131403  -0.34316
2.82743  1.88496  5.65487  0.0878114  -0.286897
4.08407  1.88496  5.65487  0.0471626  -0.214301
7.22566  1.88496  5.65487  0.0170043  -0.130171
14.7655  1.88496  5.65487  0.00440759  -0.0664296
-16.6504  1.88496  6.28319  0.00481063  0.0589414
-7.22566  1.88496  6.28319  0.0231469  0.128215
-5.34071  1.88496  6.28319  0.0396058  0.166105
-4.08407  1.88496  6.28319  0.0625453  0.205654
-2.82743  1.88496  6.28319  0.112551  0.266132
-2.19911  1.88496  6.28319  0.162599  0.307352
-1.5708  1.88496  6.28319  0.25147  0.352422
-0.942478  1.88496  6.28319  0.417273  0.370943
-0.314159  1.88496  6.28319  0.672174  0.225903
0.314159  1.88496  6.28319  0.67217  -0.225909
0.942478  1.88496  6.28319  0.417269  -0.370944
1.5708  1.88496  6.28319  0.251468  -0.352421
2.19911  1.88496  6.28319  0.162598  -0.307352
2.82743  1.88496  6.28319  0.11255  -0.266131
4.08407  1.88496  6.28319  0.062545  -0.205654
7.22566  1.88496  6.28319  0.0231468  -0.128215
14.7655  1.88496  6.28319  0.00606703  -0.0661658
-16.6504  2.51327  0  0.00133786  0.0593041
-7.22566  2.51327  0  0.00659075  0.132073
-5.34071  2.51327  0  0.0115196  0.174804
-4.08407  2.51327  0  0.0187461  0.223106
-2.82743  2.51327  0  0.0361002  0.309366
-2.19911  2.51327  0  0.0560545  0.384649
-1.5708  2.51327  0  0.0999103  0.510174
-0.942478  2.51327  0  0.231913  0.758926
-0.314159  2.51327  0  1.02759  1.3198
0.314159  2.51327  0  1.02755  -1.31979
0.942478  2.51327  0  0.231908  -0.758919
1.5708  2.51327  0  0.0999091  -0.510171
2.19911  2.51327  0  0.056054  -0.384647
2.82743  2.51327  0  0.0360999  -0.309365
4.08407  2.51327  0  0.018746  -0.223105
7.22566  2.51327  0  0.00659075  -0.132073
14.7655  2.51327  0  0.00169  -0.0666797
-16.6504  2.51327  0.628319  -8.73384e-09  0.0593342
-7.22566  2.51327  0.628319  -6.85317e-08  0.132399
-5.34071  2.51327  0.628319  -1.84804e-08  0.175559
-4.08407  2.51327  0.628319  -1.14972e-07  0.22468
-2.82743  2.51327  0.628319  -3.23364e-07  0.313632
-2.19911  2.51327  0.628319  -5.18933e-07  0.393009
-1.5708  2.51327  0.628319  -9.89227e-07  0.530467
-0.942478  2.51327  0.628319  -2.60971e-06  0.833259
-0.314159  2.51327  0.628319  -1.89929e-05  2.12626
0.314159  2.51327  0.628319  -1.79689e-05  -2.12619
0.942478  2.51327  0.628319  -2.4695e-06  -0.833249
1.5708  2.51327  0.628319  -9.29592e-07  -0.530463
2.19911  2.51327  0.628319  -4.76934e-07  -0.393007
2.82743  2.51327  0.628319  -2.82468e-07  -0.313631
4.08407  2.51327  0.628319  -1.26453e-07  -0.22468
7.22566  2.51327  0.628319  -4.61118e-08  -0.132399
14.7655  2.51327  0.628319  -8.9969e-09  -0.0667224
-16.6504  2.51327  1.25664  -0.00349199  0.0591278
-7.22566  2.51327  1.25664  -0.0170045  0.130171
-5.34071  2.51327  1.25664  -0.0294124  0.170473
-4.08407  2.51327  1.25664  -0.047163  0.214302
-2.82743  2.51327  1.25664  -0.0878125  0.286897
-2.19911  2.51327  1.25664  -0.131405  0.34316
-1.5708  2.51327  1.25664  -0.216938  0.419999
-0.942478  2.51327  1.25664  -0.411173  0.505409
-0.314159  2.51327  1.25664  -0.849957  0.395482
0.314159  2.51327  1.25664  -0.849945  -0.395492
0.942478  2.51327  1.25664  -0.411167  -0.505408
1.5708  2.51327  1.25664  -0.216935  -0.419997
2.19911  2.51327  1.25664  -0.131404  -0.343159
2.82743  2.51327  1.25664  -0.0878117  -0.286896
4.08407  2.51327  1.25664  -0.0471627  -0.214301
7.22566  2.51327  1.25664  -0.0170044  -0.130171
14.7655  2.51327  1.25664  -0.00440761  -0.0664295
-16.6504  2.51327  1.88496  -0.00770088  0.0583169
-7.22566  2.51327  1.88496  -0.0356269  0.121979
-5.34071  2.51327  1.88496  -0.0589495  0.152792
-4.08407  2.51327  1.88496  -0.0890372  0.180852
-2.82743  2.51327  1.88496  -0.146425  0.213582
-2.19911  2.51327  1.88496  -0.194797  0.226762
-1.5708  2.51327  1.88496  -0.264091  0.22718
-0.942478  2.51327  1.88496  -0.355657  0.192751
-0.314159  2.51327  1.88496  -0.442485  0.0891888
0.314159  2.51327  1.88496  -0.442484  -0.0891925
0.942478  2.51327  1.88496  -0.355655  -0.192752
1.5708  2.51327  1.88496  -0.264089  -0.22718
2.19911  2.51327  1.88496  -0.194795  -0.226762
2.82743  2.51327  1.88496  -0.146424  -0.213581
4.08407  2.51327  1.88496  -0.0890366  -0.180851
7.22566  2.51327  1.88496  -0.0356267  -0.121979
14.7655  2.51327  1.88496  -0.00968529  -0.0652847
-16.6504  2.51327  2.51327  -0.0109392  0.0572432
-7.22566  2.51327  2.51327  -0.0474714  0.112315
-5.34071  2.51327  2.51327  -0.0747158  0.133807
-4.08407  2.51327  2.51327  -0.1062  0.148999
-2.82743  2.51327  2.51327  -0.157062  0.158087
-2.19911  2.51327  2.51327  -0.192616  0.154543
-1.5708  2.51327  2.51327  -0.234797  0.138907
-0.942478  2.51327  2.51327  -0.278846  0.10346
-0.314159  2.51327  2.51327  -0.311713  0.0419675
0.314159  2.51327  2.51327  -0.311712  -0.0419695
0.942478  2.51327  2.51327  -0.278845  -0.103461
1.5708  2.51327  2.51327  -0.234795  -0.138907
2.19911  2.51327  2.51327  -0.192615  -0.154544
2.82743  2.51327  2.51327  -0.157061  -0.158087
4.08407  2.51327  2.51327  -0.1062  -0.148999
7.22566  2.51327  2.51327  -0.0474712  -0.112315
14.7655  2.51327  2.51327  -0.0136933  -0.0637815
-16.6504  2.51327  3.14159  -0.0121235  0.0567435
-7.22566  2.51327  3.14159  -0.0511357  0.108214
-5.34071  2.51327  3.14159  -0.0788494  0.126298
-4.08407  2.51327  3.14159  -0.109519  0.137411
-2.82743  2.51327  3.14159  -0.156229  0.140571
-2.19911  2.51327  3.14159  -0.186966  0.134037
-1.5708  2.51327  3.14159  -0.221551  0.117002
-0.942478  2.51327  3.14159  -0.255616  0.084478
-0.314159  2.51327  3.14159  -0.279556  0.0337495
0.314159  2.51327  3.14159  -0.279556  -0.0337512
0.942478  2.51327  3.14159  -0.255615  -0.0844792
1.5708  2.51327  3.14159  -0.22155  -0.117003
2.19911  2.51327  3.14159  -0.186965  -0.134038
2.82743  2.51327  3.14159  -0.156228  -0.140571
4.08407  2.51327  3.14159  -0.109518  -0.137411
7.22566  2.51327  3.14159  -0.0511354  -0.108214
14.7655  2.51327  3.14159  -0.0151426  -0.0630867
-16.6504  2.51327  3.76991  -0.0109392  0.0572432
-7.22566  2.51327  3.76991  -0.0474714  0.112315
-5.34071  2.51327  3.76991  -0.0747158  0.133807
-4.08407  2.51327  3.76991  -0.1062  0.148999
-2.82743  2.51327  3.76991  -0.157062  0.158087
-2.19911  2.51327  3.76991  -0.192616  0.154543
-1.5708  2.51327  3.76991  -0.234797  0.138907
-0.942478  2.51327  3.76991  -0.278846  0.10346
-0.314159  2.51327  3.76991  -0.311713  0.0419675
0.314159  2.51327  3.76991  -0.311712  -0.0419695
0.942478  2.51327  3.76991  -0.278845  -0.103461
1.5708  2.51327  3.76991  -0.234795  -0.138907
2.19911  2.51327  3.76991  -0.192615  -0.154544
2.82743  2.51327  3.76991  -0.157061  -0.158087
4.08407  2.51327  3.76991  -0.1062  -0.148999
7.22566  2.51327  3.76991  -0.0474712  -0.112315
14.7655  2.51327  3.76991  -0.0136933  -0.0637815
-16.6504  2.51327  4.39823  -0.00770088  0.0583169
-7.22566  2.51327  4.39823  -0.0356269  0.121979
-5.34071  2.51327  4.39823  -0.0589495  0.152792
-4.08407  2.51327  4.39823  -0.0890372  0.180852
-2.82743  2.51327  4.39823  -0.146425  0.213582
-2.19911  2.51327  4.39823  -0.194797  0.226762
-1.5708  2.51327  4.39823  -0.264091  0.22718
-0.942478  2.51327  4.39823  -0.355657  0.192751
-0.314159  2.51327  4.39823  -0.442485  0.0891888
0.314159  2.51327  4.39823  -0.442484  -0.0891925
0.942478  2.51327  4.39823  -0.355655  -0.192752
1.5708  2.51327  4.39823  -0.264089  -0.22718
2.19911  2.51327  4.39823  -0.194795  -0.226762
2.82743  2.51327  4.39823  -0.146424  -0.213581
4.08407  2.51327  4.39823  -0.0890366  -0.180851
7.22566  2.51327  4.39823  -0.0356267  -0.121979
14.7655  2.51327  4.39823  -0.00968529  -0.0652847
-16.6504  2.51327  5.02655  -0.00349199  0.0591278
-7.22566  2.51327  5.02655  -0.0170045  0.130171
-5.34071  2.51327  5.02655  -0.0294124  0.170473
-4.08407  2.51327  5.02655  -0.047163  0.214302
-2.82743  2.51327  5.02655  -0.0878125  0.286897
-2.19911  2.51327  5.02655  -0.131405  0.34316
-1.5708  2.51327  5.02655  -0.216938  0.419999
-0.942478  2.51327  5.02655  -0.411173  0.505409
-0.314159  2.51327  5.02655  -0.849957  0.395482
0.314159  2.51327  5.02655  -0.849945  -0.395492
0.942478  2.51327  5.02655  -0.411167  -0.505408
1.5708  2.51327  5.02655  -0.216935  -0.419997
2.19911  2.51327  5.02655  -0.131404  -0.343159
2.82743  2.51327  5.02655  -0.0878117  -0.286896
4.08407  2.51327  5.02655  -0.0471627  -0.214301
7.22566  2.51327  5.02655  -0.0170044  -0.130171
14.7655  2.51327  5.02655  -0.00440761  -0.0664295
-16.6504  2.51327  5.65487  -8.73384e-09  0.0593342
-7.22566  2.51327  5.65487  -6.85317e-08  0.132399
-5.34071  2.51327  5.65487  -1.84804e-08  0.175559
-4.08407  2.51327  5.65487  -1.14972e-07  0.22468
-2.82743  2.51327  5.65487  -3.23364e-07  0.313632
-2.19911  2.51327  5.65487  -5.18933e-07  0.393009
-1.5708  2.51327  5.65487  -9.89227e-07  0.530467
-0.942478  2.51327  5.65487  -2.60971e-06  0.833259
-0.314159  2.51327  5.65487  -1.89929e-05  2.12626
0.314159  2.51327  5.65487  -1.79689e-05  -2.12619
0.942478  2.51327  5.65487  -2.4695e-06  -0.833249
1.5708  2.51327  5.65487  -9.29592e-07  -0.530463
2.19911  2.51327  5.65487  -4.76934e-07  -0.393007
2.82743  2.51327  5.65487  -2.82468e-07  -0.313631
4.08407  2.51327  5.65487  -1.26453e-07  -0.22468
7.22566  2.51327  5.65487  -4.61118e-08  -0.132399
14.7655  2.51327  5.65487  -8.9969e-09  -0.0667224
-16.6504  2.51327  6.28319  0.00133786  0.0593041
-7.22566  2.51327  6.28319  0.00659075  0.132073
-5.34071  2.51327  6.28319  0.0115196  0.174804
-4.08407  2.51327  6.28319  0.0187461  0.223106
-2.82743  2.51327  6.28319  0.0361002  0.309366
-2.19911  2.51327  6.28319  0.0560545  0.384649
-1.5708  2.51327  6.28319  0.0999103  0.510174
-0.942478  2.51327  6.28319  0.231913  0.758926
-0.314159  2.51327  6.28319  1.02759  1.3198
0.314159  2.51327  6.28319  1.02755  -1.31979
0.942478  2.51327  6.28319  0.231908  -0.758919
1.5708  2.51327  6.28319  0.0999091  -0.510171
2.19911  2.51327  6.28319  0.056054  -0.384647
2.82743  2.51327  6.28319  0.0360999  -0.309365
4.08407  2.51327  6.28319  0.018746  -0.223105
7.22566  2.51327  6.28319  0.00659075  -0.132073
14.7655  2.51327  6.28319  0.00169  -0.0666797
-16.6504  3.14159  0  -8.73841e-09  0.0593344
-7.22566  3.14159  0  -6.79819e-08  0.132405
-5.34071  3.14159  0  -1.74578e-08  0.17557
-4.08407  3.14159  0  -1.14419e-07  0.224686
-2.82743  3.14159  0  -3.21554e-07  0.313537
-2.19911  3.14159  0  -5.1501e-07  0.392653
-1.5708  3.14159  0  -9.79527e-07  0.5291
-0.942478  3.14159  0  -2.57152e-06  0.826379
-0.314159  3.14159  0  -1.79669e-05  2.03706
0.314159  3.14159  0  -1.68567e-05  -2.03699
0.942478  3.14159  0  -2.41871e-06  -0.826369
1.5708  3.14159  0  -9.16697e-07  -0.529096
2.19911  3.14159  0  -4.70922e-07  -0.392651
2.82743  3.14159  0  -2.77937e-07  -0.313536
4.08407  3.14159  0  -1.26442e-07  -0.224685
7.22566  3.14159  0  -4.61509e-08  -0.132405
14.7655  3.14159  0  -8.96682e-09  -0.0667227
-16.6504  3.14159  0.628319  -0.00133788  0.0593041
-7.22566  3.14159  0.628319  -0.00659089  0.132073
-5.34071  3.14159  0.628319  -0.0115197  0.174804
-4.08407  3.14159  0.628319  -0.0187463  0.223106
-2.82743  3.14159  0.628319  -0.0361008  0.309366
-2.19911  3.14159  0.628319  -0.0560555  0.384649
-1.5708  3.14159  0.628319  -0.0999122  0.510174
-0.942478  3.14159  0.628319  -0.231918  0.758924
-0.314159  3.14159  0.628319  -1.0276  1.31977
0.314159  3.14159  0.628319  -1.02756  -1.31976
0.942478  3.14159  0.628319  -0.231912  -0.758916
1.5708  3.14159  0.628319  -0.0999106  -0.51017
2.19911  3.14159  0.628319  -0.0560548  -0.384647
2.82743  3.14159  0.628319  -0.0361004  -0.309365
4.08407  3.14159  0.628319  -0.0187462  -0.223105
7.22566  3.14159  0.628319  -0.00659084  -0.132073
14.7655  3.14159  0.628319  -0.00169002  -0.0666797
-16.6504  3.14159  1.25664  -0.00481065  0.0589414
-7.22566  3.14159  1.25664  -0.023147  0.128215
-5.34071  3.14159  1.25664  -0.0396058  0.166105
-4.08407  3.14159  1.25664  -0.0625456  0.205654
-2.82743  3.14159  1.25664  -0.112551  0.266131
-2.19911  3.14159  1.25664  -0.162599  0.307352
-1.5708  3.14159  1.25664  -0.251471  0.352421
-0.942478  3.14159  1.25664  -0.417274  0.370941
-0.314159  3.14159  1.25664  -0.672171  0.2259
0.314159  3.14159  1.25664  -0.672166  -0.225907
0.942478  3.14159  1.25664  -0.417268  -0.370942
1.5708  3.14159  1.25664  -0.251468  -0.35242
2.19911  3.14159  1.25664  -0.162598  -0.307351
2.82743  3.14159  1.25664  -0.11255  -0.26613
4.08407  3.14159  1.25664  -0.0625452  -0.205654
7.22566  3.14159  1.25664  -0.0231469  -0.128215
14.7655  3.14159  1.25664  -0.00606705  -0.0661658
-16.6504  3.14159  1.88496  -0.00895941  0.0579486
-7.22566  3.14159  1.88496  -0.0405315  0.118524
-5.34071  3.14159  1.88496  -0.0658561  0.145784
-4.08407  3.14159  1.88496  -0.0972171  0.168641
-2.82743  3.14159  1.88496  -0.153279  0.190909
-2.19911  3.14159  1.88496  -0.197074  0.195844
-1.5708  3.14159  1.88496  -0.254926  0.187119
-0.942478  3.14159  1.88496  -0.32368  0.149488
-0.314159  3.14159  1.88496  -0.382101  0.0644209
0.314159  3.14159  1.88496  -0.3821  -0.0644238
0.942478  3.14159  1.88496  -0.323679  -0.149489
1.5708  3.14159  1.88496  -0.254924  -0.18712
2.19911  3.14159  1.88496  -0.197072  -0.195844
2.82743  3.14159  1.88496  -0.153278  -0.190908
4.08407  3.14159  1.88496  -0.0972165  -0.168641
7.22566  3.14159  1.88496  -0.0405313  -0.118524
14.7655  3.14159  1.88496  -0.0112499  -0.0647675
-16.6504  3.14159  2.51327  -0.0121235  0.0567435
-7.22566  3.14159  2.51327  -0.0511357  0.108214
-5.34071  3.14159  2.51327  -0.0788494  0.126298
-4.08407  3.14159  2.51327  -0.109519  0.137411
-2.82743  3.14159  2.51327  -0.156229  0.140571
-2.19911  3.14159  2.51327  -0.186966  0.134037
-1.5708  3.14159  2.51327  -0.221551  0.117002
-0.942478  3.14159  2.51327  -0.255616  0.084478
-0.314159  3.14159  2.51327  -0.279556  0.0337495
0.314159  3.14159  2.51327  -0.279556  -0.0337512
0.942478  3.14159  2.51327  -0.255615  -0.0844792
1.5708  3.14159  2.51327  -0.22155  -0.117003
2.19911  3.14159  2.51327  -0.186965  -0.134038
2.82743  3.14159  2.51327  -0.156228  -0.140571
4.08407  3.14159  2.51327  -0.109518  -0.137411
7.22566  3.14159  2.51327  -0.0511354  -0.108214
14.7655  3.14159  2.51327  -0.0151426  -0.0630867
-16.6504  3.14159  3.14159  -0.0132743  0.0561982
-7.22566  3.14159  3.14159  -0.0543274  0.103994
-5.34071  3.14159  3.14159  -0.082057  0.118884
-4.08407  3.14159  3.14159  -0.111462  0.126477
-2.82743  3.14159  3.14159  -0.153852  0.125141
-2.19911  3.14159  3.14159  -0.180276  0.116779
-1.5708  3.14159  3.14159  -0.208695  0.0995122
-0.942478  3.14159  3.14159  -0.23538  0.0701647
-0.314159  3.14159  3.14159  -0.253437  0.027258
0.314159  3.14159  3.14159  -0.253436  -0.0272595
0.942478  3.14159  3.14159  -0.235379  -0.0701658
1.5708  3.14159  3.14159  -0.208695  -0.0995129
2.19911  3.14159  3.14159  -0.180275  -0.116779
2.82743  3.14159  3.14159  -0.153852  -0.125141
4.08407  3.14159  3.14159  -0.111462  -0.126477
7.22566  3.14159  3.14159  -0.0543271  -0.103994
14.7655  3.14159  3.14159  -0.0165405  -0.062332
-16.6504  3.14159  3.76991  -0.0121235  0.0567435
-7.22566  3.14159  3.76991  -0.0511357  0.108214
-5.34071  3.14159  3.76991  -0.0788494  0.126298
-4.08407  3.14159  3.76991  -0.109519  0.137411
-2.82743  3.14159  3.76991  -0.156229  0.140571
-2.19911  3.14159  3.76991  -0.186966  0.134037
-1.5708  3.14159  3.76991  -0.221551  0.117002
-0.942478  3.14159  3.76991  -0.255616  0.084478
-0.314159  3.14159  3.76991  -0.279556  0.0337495
0.314159  3.14159  3.76991  -0.279556  -0.0337512
0.942478  3.14159  3.76991  -0.255615  -0.0844792
1.5708  3.14159  3.76991  -0.22155  -0.117003
2.19911  3.14159  3.76991  -0.186965  -0.134038
2.82743  3.14159  3.76991  -0.156228  -0.140571
4.08407  3.14159  3.76991  -0.109518  -0.137411
7.22566  3.14159  3.76991  -0.0511354  -0.108214
14.7655  3.14159  3.76991  -0.0151426  -0.0630867
-16.6504  3.14159  4.39823  -0.00895941  0.0579486
-7.22566  3.14159  4.39823  -0.0405315  0.118524
-5.34071  3.14159  4.39823  -0.0658561  0.145784
-4.08407  3.14159  4.39823  -0.0972171  0.168641
-2.82743  3.14159  4.39823  -0.153279  0.190909
-2.19911  3.14159  4.39823  -0.197074  0.195844
-1.5708  3.14159  4.39823  -0.254926  0.187119
-0.942478  3.14159  4.39823  -0.32368  0.149488
-0.314159  3.14159  4.39823  -0.382101  0.0644209
0.314159  3.14159  4.39823  -0.3821  -0.0644238
0.942478  3.14159  4.39823  -0.323679  -0.149489
1.5708  3.14159  4.39823  -0.254924  -0.18712
2.19911  3.14159  4.39823  -0.197072  -0.195844
2.82743  3.14159  4.39823  -0.153278  -0.190908
4.08407  3.14159  4.39823  -0.0972165  -0.168641
7.22566  3.14159  4.39823  -0.0405313  -0.118524
14.7655  3.14159  4.39823  -0.0112499  -0.0647675
-16.6504  3.14159  5.02655  -0.00481065  0.0589414
-7.22566  3.14159  5.02655  -0.023147  0.128215
-5.34071  3.14159  5.02655  -0.0396058  0.166105
-4.08407  3.14159  5.02655  -0.0625456  0.205654
-2.82743  3.14159  5.02655  -0.112551  0.266131
-2.19911  3.14159  5.02655  -0.162599  0.307352
-1.5708  3.14159  5.02655  -0.251471  0.352421
-0.942478  3.14159  5.02655  -0.417274  0.370941
-0.314159  3.14159  5.02655  -0.672171  0.2259
0.314159  3.14159  5.02655  -0.672166  -0.225907
0.942478  3.14159  5.02655  -0.417268  -0.370942
1.5708  3.14159  5.02655  -0.251468  -0.35242
2.19911  3.14159  5.02655  -0.162598  -0.307351
2.82743  3.14159  5.02655  -0.11255  -0.26613
4.08407  3.14159  5.02655  -0.0625452  -0.205654
7.22566  3.14159  5.02655  -0.0231469  -0.128215
14.7655  3.14159  5.02655  -0.00606705  -0.0661658
-16.6504  3.14159  5.65487  -0.00133788  0.0593041
-7.22566  3.14159  5.65487  -0.00659089  0.132073
-5.34071  3.14159  5.65487  -0.0115197  0.174804
-4.08407  3.14159  5.65487  -0.0187463  0.223106
-2.82743  3.14159  5.65487  -0.0361008  0.309366
-2.19911  3.14159  5.65487  -0.0560555  0.384649
-1.5708  3.14159  5.65487  -0.0999122  0.510174
-0.942478  3.14159  5.65487  -0.231918  0.758924
-0.314159  3.14159  5.65487  -1.0276  1.31977
0.314159  3.14159  5.65487  -1.02756  -1.31976
0.942478  3.14159  5.65487  -0.231912  -0.758916
1.5708  3.14159  5.65487  -0.0999106  -0.51017
2.19911  3.14159  5.65487  -0.0560548  -0.384647
2.82743  3.14159  5.65487  -0.0361004  -0.309365
4.08407  3.14159  5.65487  -0.0187462  -0.223105
7.22566  3.14159  5.65487  -0.00659084  -0.132073
14.7655  3.14159  5.65487  -0.00169002  -0.0666797
-16.6504  3.14159  6.28319  -8.73841e-09  0.0593344
-7.22566  3.14159  6.28319  -6.79819e-08  0.132405
-5.34071  3.14159  6.28319  -1.74578e-08  0.17557
-4.08407  3.14159  6.28319  -1.14419e-07  0.224686
-2.82743  3.14159  6.28319  -3.21554e-07  0.313537
-2.19911  3.14159  6.28319  -5.1501e-07  0.392653
-1.5708  3.14159  6.28319  -9.79527e-07  0.5291
-0.942478  3.14159  6.28319  -2.57152e-06  0.826379
-0.314159  3.14159  6.28319  -1.79669e-05  2.03706
0.314159  3.14159  6.28319  -1.68567e-05  -2.03699
0.942478  3.14159  6.28319  -2.41871e-06  -0.826369
1.5708  3.14159  6.28319  -9.16697e-07  -0.529096
2.19911  3.14159  6.28319  -4.70922e-07  -0.392651
2.82743  3.14159  6.28319  -2.77937e-07  -0.313536
4.08407  3.14159  6.28319  -1.26442e-07  -0.224685
7.22566  3.14159  6.28319  -4.61509e-08  -0.132405
14.7655  3.14159  6.28319  -8.96682e-09  -0.0667227
-16.6504  3.76991  0  0.00133786  0.0593041
-7.22566  3.76991  0  0.00659075  0.132073
-5.34071  3.76991  0  0.0115196  0.174804
-4.08407  3.76991  0  0.0187461  0.223106
-2.82743  3.76991  0  0.0361002  0.309366
-2.19911  3.76991  0  0.0560545  0.384649
-1.5708  3.76991  0  0.0999103  0.510174
-0.942478  3.76991  0  0.231913  0.758926
-0.314159  3.76991  0  1.02759  1.3198
0.314159  3.76991  0  1.02755  -1.31979
0.942478  3.76991  0  0.231908  -0.758919
1.5708  3.76991  0  0.0999091  -0.510171
2.19911  3.76991  0  0.056054  -0.384647
2.82743  3.76991  0  0.0360999  -0.309365
4.08407  3.76991  0  0.018746  -0.223105
7.22566  3.76991  0  0.00659075  -0.132073
14.7655  3.76991  0  0.00169  -0.0666797
-16.6504  3.76991  0.628319  -8.73384e-09  0.0593342
-7.22566  3.76991  0.628319  -6.85317e-08  0.132399
-5.34071  3.76991  0.628319  -1.84804e-08  0.175559
-4.08407  3.76991  0.628319  -1.14972e-07  0.22468
-2.82743  3.76991  0.628319  -3.23364e-07  0.313632
-2.19911  3.76991  0.628319  -5.18933e-07  0.393009
-1.5708  3.76991  0.628319  -9.89227e-07  0.530467
-0.942478  3.76991  0.628319  -2.60971e-06  0.833259
-0.314159  3.76991  0.628319  -1.89929e-05  2.12626
0.314159  3.76991  0.628319  -1.79689e-05  -2.12619
0.942478  3.76991  0.628319  -2.4695e-06  -0.833249
1.5708  3.76991  0.628319  -9.29592e-07  -0.530463
2.19911  3.76991  0.628319  -4.76934e-07  -0.393007
2.82743  3.76991  0.628319  -2.82468e-07  -0.313631
4.08407  3.76991  0.628319  -1.26453e-07  -0.22468
7.22566  3.76991  0.628319  -4.61118e-08  -0.132399
14.7655  3.76991  0.628319  -8.9969e-09  -0.0667224
-16.6504  3.76991  1.25664  -0.00349199  0.0591278
-7.22566  3.76991  1.25664  -0.0170045  0.130171
-5.34071  3.76991  1.25664  -0.0294124  0.170473
-4.08407  3.76991  1.25664  -0.047163  0.214302
-2.82743  3.76991  1.25664  -0.0878125  0.286897
-2.19911  3.76991  1.25664  -0.131405  0.34316
-1.5708  3.76991  1.25664  -0.216938  0.419999
-0.942478  3.76991  1.25664  -0.411173  0.505409
-0.314159  3.76991  1.25664  -0.849957  0.395482
0.314159  3.76991  1.25664  -0.849945  -0.395492
0.942478  3.76991  1.25664  -0.411167  -0.505408
1.5708  3.76991  1.25664  -0.216935  -0.419997
2.19911  3.76991  1.25664  -0.131404  -0.343159
2.82743  3.76991  1.25664  -0.0878117  -0.286896
4.08407  3.76991  1.25664  -0.0471627  -0.214301
7.22566  3.76991  1.25664  -0.0170044  -0.130171
14.7655  3.76991  1.25664  -0.00440761  -0.0664295
-16.6504  3.76991  1.88496  -0.00770088  0.0583169
-7.22566  3.76991  1.88496  -0.0356269  0.121979
-5.34071  3.76991  1.88496  -0.0589495  0.152792
-4.08407  3.76991  1.88496  -0.0890372  0.180852
-2.82743  3.76991  1.88496  -0.146425  0.213582
-2.19911  3.76991  1.88496  -0.194797  0.226762
-1.5708  3.76991  1.88496  -0.264091  0.22718
-0.942478  3.76991  1.88496  -0.355657  0.192751
-0.314159  3.76991  1.88496  -0.442485  0.0891888
0.314159  3.76991  1.88496  -0.442484  -0.0891925
0.942478  3.76991  1.88496  -0.355655  -0.192752
1.5708  3.76991  1.88496  -0.264089  -0.22718
2.19911  3.76991  1.88496  -0.194795  -0.226762
2.82743  3.76991  1.88496  -0.146424  -0.213581
4.08407  3.76991  1.88496  -0.0890366  -0.180851
7.22566  3.76991  1.88496  -0.0356267  -0.121979
14.7655  3.76991  1.88496  -0.00968529  -0.0652847
-16.6504  3.76991  2.51327  -0.0109392  0.0572432
-7.22566  3.76991  2.51327  -0.0474714  0.112315
-5.34071  3.76991  2.51327  -0.0747158  0.133807
-4.08407  3.76991  2.51327  -0.1062  0.148999
-2.82743  3.76991  2.51327  -0.157062  0.158087
-2.19911  3.76991  2.51327  -0.192616  0.154543
-1.5708  3.76991  2.51327  -0.234797  0.138907
-0.942478  3.76991  2.51327  -0.278846  0.10346
-0.314159  3.76991  2.51327  -0.311713  0.0419675
0.314159  3.76991  2.51327  -0.311712  -0.0419695
0.942478  3.76991  2.51327  -0.278845  -0.103461
1.5708  3.76991  2.51327  -0.234795  -0.138907
2.19911  3.76991  2.51327  -0.192615  -0.154544
2.82743  3.76991  2.51327  -0.157061  -0.158087
4.08407  3.76991  2.51327  -0.1062  -0.148999
7.22566  3.76991  2.51327  -0.0474712  -0.112315
14.7655  3.76991  2.51327  -0.0136933  -0.0637815
-16.6504  3.76991  3.14159  -0.0121235  0.0567435
-7.22566  3.76991  3.14159  -0.0511357  0.108214
-5.34071  3.76991  3.14159  -0.0788494  0.126298
-4.08407  3.76991  3.14159  -0.109519  0.137411
-2.82743  3.76991  3.14159  -0.156229  0.140571
-2.19911  3.76991  3.14159  -0.186966  0.134037
-1.5708  3.76991  3.14159  -0.221551  0.117002
-0.942478  3.76991  3.14159  -0.255616  0.084478
-0.314159  3.76991  3.14159  -0.279556  0.0337495
0.314159  3.76991  3.14159  -0.279556  -0.0337512
0.942478  3.76991  3.14159  -0.255615  -0.0844792
1.5708  3.76991  3.14159  -0.22155  -0.117003
2.19911  3.76991  3.14159  -0.186965  -0.134038
2.82743  3.76991  3.14159  -0.156228  -0.140571
4.08407  3.76991  3.14159  -0.109518  -0.137411
7.22566  3.76991  3.14159  -0.0511354  -0.108214
14.7655  3.76991  3.14159  -0.0151426  -0.0630867
-16.6504  3.76991  3.76991  -0.0109392  0.0572432
-7.22566  3.76991  3.76991  -0.0474714  0.112315
-5.34071  3.76991  3.76991  -0.0747158  0.133807
-4.08407  3.76991  3.76991  -0.1062  0.148999
-2.82743  3.76991  3.76991  -0.157062  0.158087
-2.19911  3.76991  3.76991  -0.192616  0.154543
-1.5708  3.76991  3.76991  -0.234797  0.138907
-0.942478  3.76991  3.76991  -0.278846  0.10346
-0.314159  3.76991  3.76991  -0.311713  0.0419675
0.314159  3.76991  3.76991  -0.311712  -0.0419695
0.942478  3.76991  3.76991  -0.278845  -0.103461
1.5708  3.76991  3.76991  -0.234795  -0.138907
2.19911  3.76991  3.76991  -0.192615  -0.154544
2.82743  3.76991  3.76991  -0.157061  -0.158087
4.08407  3.76991  3.76991  -0.1062  -0.148999
7.22566  3.76991  3.76991  -0.0474712  -0.112315
14.7655  3.76991  3.76991  -0.0136933  -0.0637815
-16.6504  3.76991  4.39823  -0.00770088  0.0583169
-7.22566  3.76991  4.39823  -0.0356269  0.121979
-5.34071  3.76991  4.39823  -0.0589495  0.152792
-4.08407  3.76991  4.39823  -0.0890372  0.180852
-2.82743  3.76991  4.39823  -0.146425  0.213582
-2.19911  3.76991  4.39823  -0.194797  0.226762
-1.5708  3.76991  4.39823  -0.264091  0.22718
-0.942478  3.76991  4.39823  -0.355657  0.192751
-0.314159  3.76991  4.39823  -0.442485  0.0891888
0.314159  3.76991  4.39823  -0.442484  -0.0891925
0.942478  3.76991  4.39823  -0.355655  -0.192752
1.5708  3.76991  4.39823  -0.264089  -0.22718
2.19911  3.76991  4.39823  -0.194795  -0.226762
2.82743  3.76991  4.39823  -0.146424  -0.213581
4.08407  3.76991  4.39823  -0.0890366  -0.180851
7.22566  3.76991  4.39823  -0.0356267  -0.121979
14.7655  3.76991  4.39823  -0.00968529  -0.0652847
-16.6504  3.76991  5.02655  -0.00349199  0.0591278
-7.22566  3.76991  5.02655  -0.0170045  0.130171
-5.34071  3.76991  5.02655  -0.0294124  0.170473
-4.08407  3.76991  5.02655  -0.047163  0.214302
-2.82743  3.76991  5.02655  -0.0878125  0.286897
-2.19911  3.76991  5.02655  -0.131405  0.34316
-1.5708  3.76991  5.02655  -0.216938  0.419999
-0.942478  3.76991  5.02655  -0.411173  0.505409
-0.314159  3.76991  5.02655  -0.849957  0.395482
0.314159  3.76991  5.02655  -0.849945  -0.395492
0.942478  3.76991  5.02655  -0.411167  -0.505408
1.5708  3.76991  5.02655  -0.216935  -0.419997
2.19911  3.76991  5.02655  -0.131404  -0.343159
2.82743  3.76991  5.02655  -0.0878117  -0.286896
4.08407  3.76991  5.02655  -0.0471627  -0.214301
7.22566  3.76991  5.02655  -0.0170044  -0.130171
14.7655  3.76991  5.02655  -0.00440761  -0.0664295
-16.6504  3.76991  5.65487  -8.73384e-09  0.0593342
-7.22566  3.76991  5.65487  -6.85317e-08  0.132399
-5.34071  3.76991  5.65487  -1.84804e-08  0.175559
-4.08407  3.76991  5.65487  -1.14972e-07  0.22468
-2.82743  3.76991  5.65487  -3.23364e-07  0.313632
-2.19911  3.76991  5.65487  -5.18933e-07  0.393009
-1.5708  3.76991  5.65487  -9.89227e-07  0.530467
-0.942478  3.76991  5.65487  -2.60971e-06  0.833259
-0.314159  3.76991  5.65487  -1.89929e-05  2.12626
0.314159  3.76991  5.65487  -1.79689e-05  -2.12619
0.942478  3.76991  5.65487  -2.4695e-06  -0.833249
1.5708  3.76991  5.65487  -9.29592e-07  -0.530463
2.19911  3.76991  5.65487  -4.76934e-07  -0.393007
2.82743  3.76991  5.65487  -2.82468e-07  -0.313631
4.08407  3.76991  5.65487  -1.26453e-07  -0.22468
7.22566  3.76991  5.65487  -4.61118e-08  -0.132399
14.7655  3.76991  5.65487  -8.9969e-09  -0.0667224
-16.6504  3.76991  6.28319  0.00133786  0.0593041
-7.22566  3.76991  6.28319  0.00659075  0.132073
-5.34071  3.76991  6.28319  0.0115196  0.174804
-4.08407  3.76991  6.28319  0.0187461  0.223106
-2.82743  3.76991  6.28319  0.0361002  0.309366
-2.19911  3.76991  6.28319  0.0560545  0.384649
-1.5708  3.76991  6.28319  0.0999103  0.510174
-0.942478  3.76991  6.28319  0.231913  0.758926
-0.314159  3.76991  6.28319  1.02759  1.3198
0.314159  3.76991  6.28319  1.02755  -1.31979
0.942478  3.76991  6.28319  0.231908  -0.758919
1.5708  3.76991  6.28319  0.0999091  -0.510171
2.19911  3.76991  6.28319  0.056054  -0.384647
2.82743  3.76991  6.28319  0.0360999  -0.309365
4.08407  3.76991  6.28319  0.018746  -0.223105
7.22566  3.76991  6.28319  0.00659075  -0.132073
14.7655  3.76991  6.28319  0.00169  -0.0666797
-16.6504  4.39823  0  0.00481063  0.0589414
-7.22566  4.39823  0  0.0231469  0.128215
-5.34071  4.39823  0  0.0396058  0.166105
-4.08407  4.39823  0  0.0625453  0.205654
-2.82743  4.39823  0  0.112551  0.266132
-2.19911  4.39823  0  0.162599  0.307352
-1.5708  4.39823  0  0.25147  0.352422
-0.942478  4.39823  0  0.417273  0.370943
-0.314159  4.39823  0  0.672174  0.225903
0.314159  4.39823  0  0.67217  -0.225909
0.942478  4.39823  0  0.417269  -0.370944
1.5708  4.39823  0  0.251468  -0.352421
2.19911  4.39823  0  0.162598  -0.307352
2.82743  4.39823  0  0.11255  -0.266131
4.08407  4.39823  0  0.062545  -0.205654
7.22566  4.39823  0  0.0231468  -0.128215
14.7655  4.39823  0  0.00606703  -0.0661658
-16.6504  4.39823  0.628319  0.00349197  0.0591278
-7.22566  4.39823  0.628319  0.0170044  0.130171
-5.34071  4.39823  0.628319  0.0294124  0.170473
-4.08407  4.39823  0.628319  0.0471628  0.214302
-2.82743  4.39823  0.628319  0.0878119  0.286897
-2.19911  4.39823  0.628319  0.131404  0.343161
-1.5708  4.39823  0.628319  0.216937  0.42
-0.942478  4.39823  0.628319  0.411172  0.505412
-0.314159  4.39823  0.628319  0.849961  0.395489
0.314159  4.39823  0.628319  0.849951  -0.395496
0.942478  4.39823  0.628319  0.411167  -0.505411
1.5708  4.39823  0.628319  0.216935  -0.419998
2.19911  4.39823  0.628319  0.131403  -0.34316
2.82743  4.39823  0.628319  0.0878114  -0.286897
4.08407  4.39823  0.628319  0.0471626  -0.214301
7.22566  4.39823  0.628319  0.0170043  -0.130171
14.7655  4.39823  0.628319  0.00440759  -0.0664296
-16.6504  4.39823  1.25664  -8.71907e-09  0.0593339
-7.22566  4.39823  1.25664  -6.95338e-08  0.13239
-5.34071  4.39823  1.25664  -2.00447e-08  0.175546
-4.08407  4.39823  1.25664  -1.14867e-07  0.224691
-2.82743  4.39823  1.25664  -3.22975e-07  0.313871
-2.19911  4.39823  1.25664  -5.17747e-07  0.393746
-1.5708  4.39823  1.25664  -9.84944e-07  0.532804
-0.942478  4.39823  1.25664  -2.60308e-06  0.841797
-0.314159  4.39823  1.25664  -1.93826e-05  2.17731
0.314159  4.39823  1.25664  -1.86879e-05  -2.17723
0.942478  4.39823  1.25664  -2.52451e-06  -0.841786
1.5708  4.39823  1.25664  -9.46463e-07  -0.5328
2.19911  4.39823  1.25664  -4.85698e-07  -0.393744
2.82743  4.39823  1.25664  -2.90043e-07  -0.31387
4.08407  4.39823  1.25664  -1.27219e-07  -0.22469
7.22566  4.39823  1.25664  -4.61102e-08  -0.13239
14.7655  4.39823  1.25664  -9.02187e-09  -0.0667218
-16.6504  4.39823  1.88496  -0.00430825  0.0590193
-7.22566  4.39823  1.88496  -0.0208315  0.129024
-5.34071  4.39823  1.88496  -0.0358077  0.167904
-4.08407  4.39823  1.88496  -0.0569239  0.209203
-2.82743  4.39823  1.88496  -0.103983  0.274549
-2.19911  4.39823  1.88496  -0.152529  0.321591
-1.5708  4.39823  1.88496  -0.242326  0.378093
-0.942478  4.39823  1.88496  -0.422209  0.416824
-0.314159  4.39823  1.88496  -0.733514  0.272328
0.314159  4.39823  1.88496  -0.733507  -0.272336
0.942478  4.39823  1.88496  -0.422203  -0.416824
1.5708  4.39823  1.88496  -0.242323  -0.378091
2.19911  4.39823  1.88496  -0.152528  -0.32159
2.82743  4.39823  1.88496  -0.103982  -0.274548
4.08407  4.39823  1.88496  -0.0569236  -0.209202
7.22566  4.39823  1.88496  -0.0208314  -0.129024
14.7655  4.39823  1.88496  -0.00543523  -0.0662759
-16.6504  4.39823  2.51327  -0.00770088  0.0583169
-7.22566  4.39823  2.51327  -0.0356269  0.121979
-5.34071  4.39823  2.51327  -0.0589495  0.152792
-4.08407  4.39823  2.51327  -0.0890372  0.180852
-2.82743  4.39823  2.51327  -0.146425  0.213582
-2.19911  4.39823  2.51327  -0.194797  0.226762
-1.5708  4.39823  2.51327  -0.264091  0.22718
-0.942478  4.39823  2.51327  -0.355657  0.192751
-0.314159  4.39823  2.51327  -0.442485  0.0891888
0.314159  4.39823  2.51327  -0.442484  -0.0891925
0.942478  4.39823  2.51327  -0.355655  -0.192752
1.5708  4.39823  2.51327  -0.264089  -0.22718
2.19911  4.39823  2.51327  -0.194795  -0.226762
2.82743  4.39823  2.51327  -0.146424  -0.213581
4.08407  4.39823  2.51327  -0.0890366  -0.180851
7.22566  4.39823  2.51327  -0.0356267  -0.121979
14.7655  4.39823  2.51327  -0.00968529  -0.0652847
-16.6504  4.39823  3.14159  -0.00895941  0.0579486
-7.22566  4.39823  3.14159  -0.0405315  0.118524
-5.34071  4.39823  3.14159  -0.0658561  0.145784
-4.08407  4.39823  3.14159  -0.0972171  0.168641
-2.82743  4.39823  3.14159  -0.153279  0.190909
-2.19911  4.39823  3.14159  -0.197074  0.195844
-1.5708  4.39823  3.14159  -0.254926  0.187119
-0.942478  4.39823  3.14159  -0.32368  0.149488
-0.314159  4.39823  3.14159  -0.382101  0.0644209
0.314159  4.39823  3.14159  -0.3821  -0.0644238
0.942478  4.39823  3.14159  -0.323679  -0.149489
1.5708  4.39823  3.14159  -0.254924  -0.18712
2.19911  4.39823  3.14159  -0.197072  -0.195844
2.82743  4.39823  3.14159  -0.153278  -0.190908
4.08407  4.39823  3.14159  -0.0972165  -0.168641
7.22566  4.39823  3.14159  -0.0405313  -0.118524
14.7655  4.39823  3.14159  -0.0112499  -0.0647675
-16.6504  4.39823  3.76991  -0.00770088  0.0583169
-7.22566  4.39823  3.76991  -0.0356269  0.121979
-5.34071  4.39823  3.76991  -0.0589495  0.152792
-4.08407  4.39823  3.76991  -0.0890372  0.180852
-2.82743  4.39823  3.76991  -0.146425  0.213582
-2.19911  4.39823  3.76991  -0.194797  0.226762
-1.5708  4.39823  3.76991  -0.264091  0.22718
-0.942478  4.39823  3.76991  -0.355657  0.192751
-0.314159  4.39823  3.76991  -0.442485  0.0891888
0.314159  4.39823  3.76991  -0.442484  -0.0891925
0.942478  4.39823  3.76991  -0.355655  -0.192752
1.5708  4.39823  3.76991  -0.264089  -0.22718
2.19911  4.39823  3.76991  -0.194795  -0.226762
2.82743  4.39823  3.76991  -0.146424  -0.213581
4.08407  4.39823  3.76991  -0.0890366  -0.180851
7.22566  4.39823  3.76991  -0.0356267  -0.121979
14.7655  4.39823  3.76991  -0.00968529  -0.0652847
-16.6504  4.39823  4.39823  -0.00430825  0.0590193
-7.22566  4.39823  4.39823  -0.0208315  0.129024
-5.34071  4.39823  4.39823  -0.0358077  0.167904
-4.08407  4.39823  4.39823  -0.0569239  0.209203
-2.82743  4.39823  4.39823  -0.103983  0.274549
-2.19911  4.39823  4.39823  -0.152529  0.321591
-1.5708  4.39823  4.39823  -0.242326  0.378093
-0.942478  4.39823  4.39823  -0.422209  0.416824
-0.314159  4.39823  4.39823  -0.733514  0.272328
0.314159  4.39823  4.39823  -0.733507  -0.272336
0.942478  4.39823  4.39823  -0.422203  -0.416824
1.5708  4.39823  4.39823  -0.242323  -0.378091
2.19911  4.39823  4.39823  -0.152528  -0.32159
2.82743  4.39823  4.39823  -0.103982  -0.274548
4.08407  4.39823  4.39823  -0.0569236  -0.209202
7.22566  4.39823  4.39823  -0.0208314  -0.129024
14.7655  4.39823  4.39823  -0.00543523  -0.0662759
-16.6504  4.39823  5.02655  -8.71907e-09  0.0593339
-7.22566  4.39823  5.02655  -6.95338e-08  0.13239
-5.34071  4.39823  5.02655  -2.00447e-08  0.175546
-4.08407  4.39823  5.02655  -1.14867e-07  0.224691
-2.82743  4.39823  5.02655  -3.22975e-07  0.313871
-2.19911  4.39823  5.02655  -5.17747e-07  0.393746
-1.5708  4.39823  5.02655  -9.84944e-07  0.532804
-0.942478  4.39823  5.02655  -2.60308e-06  0.841797
-0.314159  4.39823  5.02655  -1.93826e-05  2.17731
0.314159  4.39823  5.02655  -1.86879e-05  -2.17723
0.942478  4.39823  5.02655  -2.52451e-06  -0.841786
1.5708  4.39823  5.02655  -9.46463e-07  -0.5328
2.19911  4.39823  5.02655  -4.85698e-07  -0.393744
2.82743  4.39823  5.02655  -2.90043e-07  -0.31387
4.08407  4.39823  5.02655  -1.27219e-07  -0.22469
7.22566  4.39823  5.02655  -4.61102e-08  -0.13239
14.7655  4.39823  5.02655  -9.02187e-09  -0.0667218
-16.6504  4.39823  5.65487  0.00349197  0.0591278
-7.22566  4.39823  5.65487  0.0170044  0.130171
-5.34071  4.39823  5.65487  0.0294124  0.170473
-4.08407  4.39823  5.65487  0.0471628  0.214302
-2.82743  4.39823  5.65487  0.0878119  0.286897
-2.19911  4.39823  5.65487  0.131404  0.343161
-1.5708  4.39823  5.65487  0.216937  0.42
-0.942478  4.39823  5.65487  0.411172  0.505412
-0.314159  4.39823  5.65487  0.849961  0.395489
0.314159  4.39823  5.65487  0.849951  -0.395496
0.942478  4.39823  5.65487  0.411167  -0.505411
1.5708  4.39823  5.65487  0.216935  -0.419998
2.19911  4.39823  5.65487  0.131403  -0.34316
2.82743  4.39823  5.65487  0.0878114  -0.286897
4.08407  4.39823  5.65487  0.0471626  -0.214301
7.22566  4.39823  5.65487  0.0170043  -0.130171
14.7655  4.39823  5.65487  0.00440759  -0.0664296
-16.6504  4.39823  6.28319  0.00481063  0.0589414
-7.22566  4.39823  6.28319  0.0231469  0.128215
-5.34071  4.39823  6.28319  0.0396058  0.166105
-4.08407  4.39823  6.28319  0.0625453  0.205654
-2.82743  4.39823  6.28319  0.112551  0.266132
-2.19911  4.39823  6.28319  0.162599  0.307352
-1.5708  4.39823  6.28319  0.25147  0.352422
-0.942478  4.39823  6.28319  0.417273  0.370943
-0.314159  4.39823  6.28319  0.672174  0.225903
0.314159  4.39823  6.28319  0.67217  -0.225909
0.942478  4.39823  6.28319  0.417269  -0.370944
1.5708  4.39823  6.28319  0.251468  -0.352421
2.19911  4.39823  6.28319  0.162598  -0.307352
2.82743  4.39823  6.28319  0.11255  -0.266131
4.08407  4.39823  6.28319  0.062545  -0.205654
7.22566  4.39823  6.28319  0.0231468  -0.128215
14.7655  4.39823  6.28319  0.00606703  -0.0661658
-16.6504  5.02655  0  0.00895938  0.0579486
-7.22566  5.02655  0  0.0405314  0.118524
-5.34071  5.02655  0  0.065856  0.145784
-4.08407  5.02655  0  0.0972168  0.168641
-2.82743  5.02655  0  0.153279  0.190909
-2.19911  5.02655  0  0.197073  0.195845
-1.5708  5.02655  0  0.254926  0.18712
-0.942478  5.02655  0  0.323681  0.149489
-0.314159  5.02655  0  0.382102  0.064422
0.314159  5.02655  0  0.382102  -0.0644234
0.942478  5.02655  0  0.32368  -0.14949
1.5708  5.02655  0  0.254925  -0.18712
2.19911  5.02655  0  0.197073  -0.195845
2.82743  5.02655  0  0.153279  -0.190909
4.08407  5.02655  0  0.0972166  -0.168641
7.22566  5.02655  0  0.0405313  -0.118524
14.7655  5.02655  0  0.0112499  -0.0647676
-16.6504  5.02655  0.628319  0.00770085  0.0583169
-7.22566  5.02655  0.628319  0.0356268  0.121979
-5.34071  5.02655  0.628319  0.0589494  0.152792
-4.08407  5.02655  0.628319  0.0890369  0.180852
-2.82743  5.02655  0.628319  0.146424  0.213582
-2.19911  5.02655  0.628319  0.194796  0.226763
-1.5708  5.02655  0.628319  0.26409  0.227181
-0.942478  5.02655  0.628319  0.355657  0.192752
-0.314159  5.02655  0.628319  0.442487  0.0891902
0.314159  5.02655  0.628319  0.442486  -0.0891923
0.942478  5.02655  0.628319  0.355656  -0.192753
1.5708  5.02655  0.628319  0.264089  -0.227181
2.19911  5.02655  0.628319  0.194796  -0.226763
2.82743  5.02655  0.628319  0.146424  -0.213582
4.08407  5.02655  0.628319  0.0890366  -0.180852
7.22566  5.02655  0.628319  0.0356267  -0.121979
14.7655  5.02655  0.628319  0.00968528  -0.0652848
-16.6504  5.02655  1.25664  0.00430823  0.0590193
-7.22566  5.02655  1.25664  0.0208314  0.129024
-5.34071  5.02655  1.25664  0.0358076  0.167904
-4.08407  5.02655  1.25664  0.0569237  0.209203
-2.82743  5.02655  1.25664  0.103982  0.274549
-2.19911  5.02655  1.25664  0.152528  0.321592
-1.5708  5.02655  1.25664  0.242325  0.378094
-0.942478  5.02655  1.25664  0.422208  0.416826
-0.314159  5.02655  1.25664  0.733517  0.272332
0.314159  5.02655  1.25664  0.733511  -0.272338
0.942478  5.02655  1.25664  0.422204  -0.416826
1.5708  5.02655  1.25664  0.242323  -0.378093
2.19911  5.02655  1.25664  0.152527  -0.321591
2.82743  5.02655  1.25664  0.103982  -0.274549
4.08407  5.02655  1.25664  0.0569234  -0.209202
7.22566  5.02655  1.25664  0.0208313  -0.129024
14.7655  5.02655  1.25664  0.00543522  -0.0662759
-16.6504  5.02655  1.88496  -8.71907e-09  0.0593339
-7.22566  5.02655  1.88496  -6.95338e-08  0.13239
-5.34071  5.02655  1.88496  -2.00447e-08  0.175546
-4.08407  5.02655  1.88496  -1.14867e-07  0.224691
-2.82743  5.02655  1.88496  -3.22975e-07  0.313871
-2.19911  5.02655  1.88496  -5.17747e-07  0.393746
-1.5708  5.02655  1.88496  -9.84944e-07  0.532804
-0.942478  5.02655  1.88496  -2.60308e-06  0.841797
-0.314159  5.02655  1.88496  -1.93826e-05  2.17731
0.314159  5.02655  1.88496  -1.86879e-05  -2.17723
0.942478  5.02655  1.88496  -2.52451e-06  -0.841786
1.5708  5.02655  1.88496  -9.46463e-07  -0.5328
2.19911  5.02655  1.88496  -4.85698e-07  -0.393744
2.82743  5.02655  1.88496  -2.90043e-07  -0.31387
4.08407  5.02655  1.88496  -1.27219e-07  -0.22469
7.22566  5.02655  1.88496  -4.61102e-08  -0.13239
14.7655  5.02655  1.88496  -9.02187e-09  -0.0667218
-16.6504  5.02655  2.51327  -0.00349199  0.0591278
-7.22566  5.02655  2.51327  -0.0170045  0.130171
-5.34071  5.02655  2.51327  -0.0294124  0.170473
-4.08407  5.02655  2.51327  -0.047163  0.214302
-2.82743  5.02655  2.51327  -0.0878125  0.286897
-2.19911  5.02655  2.51327  -0.131405  0.34316
-1.5708  5.02655  2.51327  -0.216938  0.419999
-0.942478  5.02655  2.51327  -0.411173  0.505409
-0.314159  5.02655  2.51327  -0.849957  0.395482
0.314159  5.02655  2.51327  -0.849945  -0.395492
0.942478  5.02655  2.51327  -0.411167  -0.505408
1.5708  5.02655  2.51327  -0.216935  -0.419997
2.19911  5.02655  2.51327  -0.131404  -0.343159
2.82743  5.02655  2.51327  -0.0878117  -0.286896
4.08407  5.02655  2.51327  -0.0471627  -0.214301
7.22566  5.02655  2.51327  -0.0170044  -0.130171
14.7655  5.02655  2.51327  -0.00440761  -0.0664295
-16.6504  5.02655  3.14159  -0.00481065  0.0589414
-7.22566  5.02655  3.14159  -0.023147  0.128215
-5.34071  5.02655  3.14159  -0.0396058  0.166105
-4.08407  5.02655  3.14159  -0.0625456  0.205654
-2.82743  5.02655  3.14159  -0.112551  0.266131
-2.19911  5.02655  3.14159  -0.162599  0.307352
-1.5708  5.02655  3.14159  -0.251471  0.352421
-0.942478  5.02655  3.14159  -0.417274  0.370941
-0.314159  5.02655  3.14159  -0.672171  0.2259
0.314159  5.02655  3.14159  -0.672166  -0.225907
0.942478  5.02655  3.14159  -0.417268  -0.370942
1.5708  5.02655  3.14159  -0.251468  -0.35242
2.19911  5.02655  3.14159  -0.162598  -0.307351
2.82743  5.02655  3.14159  -0.11255  -0.26613
4.08407  5.02655  3.14159  -0.0625452  -0.205654
7.22566  5.02655  3.14159  -0.0231469  -0.128215
14.7655  5.02655  3.14159  -0.00606705  -0.0661658
-16.6504  5.02655  3.76991  -0.00349199  0.0591278
-7.22566  5.02655  3.76991  -0.0170045  0.130171
-5.34071  5.02655  3.76991  -0.0294124  0.170473
-4.08407  5.02655  3.76991  -0.047163  0.214302
-2.82743  5.02655  3.76991  -0.0878125  0.286897
-2.19911  5.02655  3.76991  -0.131405  0.34316
-1.5708  5.02655  3.76991  -0.216938  0.419999
-0.942478  5.02655  3.76991  -0.411173  0.505409
-0.314159  5.02655  3.76991  -0.849957  0.395482
0.314159  5.02655  3.76991  -0.849945  -0.395492
0.942478  5.02655  3.76991  -0.411167  -0.505408
1.5708  5.02655  3.76991  -0.216935  -0.419997
2.19911  5.02655  3.76991  -0.131404  -0.343159
2.82743  5.02655  3.76991  -0.0878117  -0.286896
4.08407  5.02655  3.76991  -0.0471627  -0.214301
7.22566  5.02655  3.76991  -0.0170044  -0.130171
14.7655  5.02655  3.76991  -0.00440761  -0.0664295
-16.6504  5.02655  4.39823  -8.71907e-09  0.0593339
-7.22566  5.02655  4.39823  -6.95338e-08  0.13239
-5.34071  5.02655  4.39823  -2.00447e-08  0.175546
-4.08407  5.02655  4.39823  -1.14867e-07  0.224691
-2.82743  5.02655  4.39823  -3.22975e-07  0.313871
-2.19911  5.02655  4.39823  -5.17747e-07  0.393746
-1.5708  5.02655  4.39823  -9.84944e-07  0.532804
-0.942478  5.02655  4.39823  -2.60308e-06  0.841797
-0.314159  5.02655  4.39823  -1.93826e-05  2.17731
0.314159  5.02655  4.39823  -1.86879e-05  -2.17723
0.942478  5.02655  4.39823  -2.52451e-06  -0.841786
1.5708  5.02655  4.39823  -9.46463e-07  -0.5328
2.19911  5.02655  4.39823  -4.85698e-07  -0.393744
2.82743  5.02655  4.39823  -2.90043e-07  -0.31387
4.08407  5.02655  4.39823  -1.27219e-07  -0.22469
7.22566  5.02655  4.39823  -4.61102e-08  -0.13239
14.7655  5.02655  4.39823  -9.02187e-09  -0.0667218
-16.6504  5.02655  5.02655  0.00430823  0.0590193
-7.22566  5.02655  5.02655  0.0208314  0.129024
-5.34071  5.02655  5.02655  0.0358076  0.167904
-4.08407  5.02655  5.02655  0.0569237  0.209203
-2.82743  5.02655  5.02655  0.103982  0.274549
-2.19911  5.02655  5.02655  0.152528  0.321592
-1.5708  5.02655  5.02655  0.242325  0.378094
-0.942478  5.02655  5.02655  0.422208  0.416826
-0.314159  5.02655  5.02655  0.733517  0.272332
0.314159  5.02655  5.02655  0.733511  -0.272338
0.942478  5.02655  5.02655  0.422204  -0.416826
1.5708  5.02655  5.02655  0.242323  -0.378093
2.19911  5.02655  5.02655  0.152527  -0.321591
2.82743  5.02655  5.02655  0.103982  -0.274549
4.08407  5.02655  5.02655  0.0569234  -0.209202
7.22566  5.02655  5.02655  0.0208313  -0.129024
14.7655  5.02655  5.02655  0.00543522  -0.0662759
-16.6504  5.02655  5.65487  0.00770085  0.0583169
-7.22566  5.02655  5.65487  0.0356268  0.121979
-5.34071  5.02655  5.65487  0.0589494  0.152792
-4.08407  5.02655  5.65487  0.0890369  0.180852
-2.82743  5.02655  5.65487  0.146424  0.213582
-2.19911  5.02655  5.65487  0.194796  0.226763
-1.5708  5.02655  5.65487  0.26409  0.227181
-0.942478  5.02655  5.65487  0.355657  0.192752
-0.314159  5.02655  5.65487  0.442487  0.0891902
0.314159  5.02655  5.65487  0.442486  -0.0891923
0.942478  5.02655  5.65487  0.355656  -0.192753
1.5708  5.02655  5.65487  0.264089  -0.227181
2.19911  5.02655  5.65487  0.194796  -0.226763
2.82743  5.02655  5.65487  0.146424  -0.213582
4.08407  5.02655  5.65487  0.0890366  -0.180852
7.22566  5.02655  5.65487  0.0356267  -0.121979
14.7655  5.02655  5.65487  0.00968528  -0.0652848
-16.6504  5.02655  6.28319  0.00895938  0.0579486
-7.22566  5.02655  6.28319  0.0405314  0.118524
-5.34071  5.02655  6.28319  0.065856  0.145784
-4.08407  5.02655  6.28319  0.0972168  0.168641
-2.82743  5.02655  6.28319  0.153279  0.190909
-2.19911  5.02655  6.28319  0.197073  0.195845
-1.5708  5.02655  6.28319  0.254926  0.18712
-0.942478  5.02655  6.28319  0.323681  0.149489
-0.314159  5.02655  6.28319  0.382102  0.064422
0.314159  5.02655  6.28319  0.382102  -0.0644234
0.942478  5.02655  6.28319  0.32368  -0.14949
1.5708  5.02655  6.28319  0.254925  -0.18712
2.19911  5.02655  6.28319  0.197073  -0.195845
2.82743  5.02655  6.28319  0.153279  -0.190909
4.08407  5.02655  6.28319  0.0972166  -0.168641
7.22566  5.02655  6.28319  0.0405313  -0.118524
14.7655  5.02655  6.28319  0.0112499  -0.0647676
-16.6504  5.65487  0  0.0121235  0.0567434
-7.22566  5.65487  0  0.0511355  0.108214
-5.34071  5.65487  0  0.0788492  0.126298
-4.08407  5.65487  0  0.109518  0.137411
-2.82743  5.65487  0  0.156229  0.140571
-2.19911  5.65487  0  0.186966  0.134038
-1.5708  5.65487  0  0.221551  0.117003
-0.942478  5.65487  0  0.255616  0.0844787
-0.314159  5.65487  0  0.279557  0.0337502
0.314159  5.65487  0  0.279557  -0.0337509
0.942478  5.65487  0  0.255615  -0.0844791
1.5708  5.65487  0  0.221551  -0.117003
2.19911  5.65487  0  0.186965  -0.134038
2.82743  5.65487  0  0.156229  -0.140571
4.08407  5.65487  0  0.109518  -0.137411
7.22566  5.65487  0  0.0511354  -0.108214
14.7655  5.65487  0  0.0151426  -0.0630867
-16.6504  5.65487  0.628319  0.0109392  0.0572432
-7.22566  5.65487  0.628319  0.0474713  0.112315
-5.34071  5.65487  0.628319  0.0747157  0.133807
-4.08407  5.65487  0.628319  0.1062  0.148999
-2.82743  5.65487  0.628319  0.157062  0.158088
-2.19911  5.65487  0.628319  0.192616  0.154544
-1.5708  5.65487  0.628319  0.234797  0.138907
-0.942478  5.65487  0.628319  0.278846  0.10346
-0.314159  5.65487  0.628319  0.311713  0.0419683
0.314159  5.65487  0.628319  0.311713  -0.0419691
0.942478  5.65487  0.628319  0.278846  -0.103461
1.5708  5.65487  0.628319  0.234796  -0.138908
2.19911  5.65487  0.628319  0.192615  -0.154544
2.82743  5.65487  0.628319  0.157062  -0.158088
4.08407  5.65487  0.628319  0.1062  -0.148999
7.22566  5.65487  0.628319  0.0474712  -0.112315
14.7655  5.65487  0.628319  0.0136933  -0.0637816
-16.6504  5.65487  1.25664  0.00770085  0.0583169
-7.22566  5.65487  1.25664  0.0356268  0.121979
-5.34071  5.65487  1.25664  0.0589494  0.152792
-4.08407  5.65487  1.25664  0.0890369  0.180852
-2.82743  5.65487  1.25664  0.146424  0.213582
-2.19911  5.65487  1.25664  0.194796  0.226763
-1.5708  5.65487  1.25664  0.26409  0.227181
-0.942478  5.65487  1.25664  0.355657  0.192752
-0.314159  5.65487  1.25664  0.442487  0.0891902
0.314159  5.65487  1.25664  0.442486  -0.0891923
0.942478  5.65487  1.25664  0.355656  -0.192753
1.5708  5.65487  1.25664  0.264089  -0.227181
2.19911  5.65487  1.25664  0.194796  -0.226763
2.82743  5.65487  1.25664  0.146424  -0.213582
4.08407  5.65487  1.25664  0.0890366  -0.180852
7.22566  5.65487  1.25664  0.0356267  -0.121979
14.7655  5.65487  1.25664  0.00968528  -0.0652848
-16.6504  5.65487  1.88496  0.00349197  0.0591278
-7.22566  5.65487  1.88496  0.0170044  0.130171
-5.34071  5.65487  1.88496  0.0294124  0.170473
-4.08407  5.65487  1.88496  0.0471628  0.214302
-2.82743  5.65487  1.88496  0.0878119  0.286897
-2.19911  5.65487  1.88496  0.131404  0.343161
-1.5708  5.65487  1.88496  0.216937  0.42
-0.942478  5.65487  1.88496  0.411172  0.505412
-0.314159  5.65487  1.88496  0.849961  0.395489
0.314159  5.65487  1.88496  0.849951  -0.395496
0.942478  5.65487  1.88496  0.411167  -0.505411
1.5708  5.65487  1.88496  0.216935  -0.419998
2.19911  5.65487  1.88496  0.131403  -0.34316
2.82743  5.65487  1.88496  0.0878114  -0.286897
4.08407  5.65487  1.88496  0.0471626  -0.214301
7.22566  5.65487  1.88496  0.0170043  -0.130171
14.7655  5.65487  1.88496  0.00440759  -0.0664296
-16.6504  5.65487  2.51327  -8.73384e-09  0.0593342
-7.22566  5.65487  2.51327  -6.85317e-08  0.132399
-5.34071  5.65487  2.51327  -1.84804e-08  0.175559
-4.08407  5.65487  2.51327  -1.14972e-07  0.22468
-2.82743  5.65487  2.51327  -3.23364e-07  0.313632
-2.19911  5.65487  2.51327  -5.18933e-07  0.393009
-1.5708  5.65487  2.51327  -9.89227e-07  0.530467
-0.942478  5.65487  2.51327  -2.60971e-06  0.833259
-0.314159  5.65487  2.51327  -1.89929e-05  2.12626
0.314159  5.65487  2.51327  -1.79689e-05  -2.12619
0.942478  5.65487  2.51327  -2.4695e-06  -0.833249
1.5708  5.65487  2.51327  -9.29592e-07  -0.530463
2.19911  5.65487  2.51327  -4.76934e-07  -0.393007
2.82743  5.65487  2.51327  -2.82468e-07  -0.313631
4.08407  5.65487  2.51327  -1.26453e-07  -0.22468
7.22566  5.65487  2.51327  -4.61118e-08  -0.132399
14.7655  5.65487  2.51327  -8.9969e-09  -0.0667224
-16.6504  5.65487  3.14159  -0.00133788  0.0593041
-7.22566  5.65487  3.14159  -0.00659089  0.132073
-5.34071  5.65487  3.14159  -0.0115197  0.174804
-4.08407  5.65487  3.14159  -0.0187463  0.223106
-2.82743  5.65487  3.14159  -0.0361008  0.309366
-2.19911  5.65487  3.14159  -0.0560555  0.384649
-1.5708  5.65487  3.14159  -0.0999122  0.510174
-0.942478  5.65487  3.14159  -0.231918  0.758924
-0.314159  5.65487  3.14159  -1.0276  1.31977
0.314159  5.65487  3.14159  -1.02756  -1.31976
0.942478  5.65487  3.14159  -0.231912  -0.758916
1.5708  5.65487  3.14159  -0.0999106  -0.51017
2.19911  5.65487  3.14159  -0.0560548  -0.384647
2.82743  5.65487  3.14159  -0.0361004  -0.309365
4.08407  5.65487  3.14159  -0.0187462  -0.223105
7.22566  5.65487  3.14159  -0.00659084  -0.132073
14.7655  5.65487  3.14159  -0.00169002  -0.0666797
-16.6504  5.65487  3.76991  -8.73384e-09  0.0593342
-7.22566  5.65487  3.76991  -6.85317e-08  0.132399
-5.34071  5.65487  3.76991  -1.84804e-08  0.175559
-4.08407  5.65487  3.76991  -1.14972e-07  0.22468
-2.82743  5.65487  3.76991  -3.23364e-07  0.313632
-2.19911  5.65487  3.76991  -5.18933e-07  0.393009
-1.5708  5.65487  3.76991  -9.89227e-07  0.530467
-0.942478  5.65487  3.76991  -2.60971e-06  0.833259
-0.314159  5.65487  3.76991  -1.89929e-05  2.12626
0.314159  5.65487  3.76991  -1.79689e-05  -2.12619
0.942478  5.65487  3.76991  -2.4695e-06  -0.833249
1.5708  5.65487  3.76991  -9.29592e-07  -0.530463
2.19911  5.65487  3.76991  -4.76934e-07  -0.393007
2.82743  5.65487  3.76991  -2.82468e-07  -0.313631
4.08407  5.65487  3.76991  -1.26453e-07  -0.22468
7.22566  5.65487  3.76991  -4.61118e-08  -0.132399
14.7655  5.65487  3.76991  -8.9969e-09  -0.0667224
-16.6504  5.65487  4.39823  0.00349197  0.0591278
-7.22566  5.65487  4.39823  0.0170044  0.130171
-5.34071  5.65487  4.39823  0.0294124  0.170473
-4.08407  5.65487  4.39823  0.0471628  0.214302
-2.82743  5.65487  4.39823  0.0878119  0.286897
-2.19911  5.65487  4.39823  0.131404  0.343161
-1.5708  5.65487  4.39823  0.216937  0.42
-0.942478  5.65487  4.39823  0.411172  0.505412
-0.314159  5.65487  4.39823  0.849961  0.395489
0.314159  5.65487  4.39823  0.849951  -0.395496
0.942478  5.65487  4.39823  0.411167  -0.505411
1.5708  5.65487  4.39823  0.216935  -0.419998
2.19911  5.65487  4.39823  0.131403  -0.34316
2.82743  5.65487  4.39823  0.0878114  -0.286897
4.08407  5.65487  4.39823  0.0471626  -0.214301
7.22566  5.65487  4.39823  0.0170043  -0.130171
14.7655  5.65487  4.39823  0.00440759  -0.0664296
-16.6504  5.65487  5.02655  0.00770085  0.0583169
-7.22566  5.65487  5.02655  0.0356268  0.121979
-5.34071  5.65487  5.02655  0.0589494  0.152792
-4.08407  5.65487  5.02655  0.0890369  0.180852
-2.82743  5.65487  5.02655  0.146424  0.213582
-2.19911  5.65487  5.02655  0.194796  0.226763
-1.5708  5.65487  5.02655  0.26409  0.227181
-0.942478  5.65487  5.02655  0.355657  0.192752
-0.314159  5.65487  5.02655  0.442487  0.0891902
0.314159  5.65487  5.02655  0.442486  -0.0891923
0.942478  5.65487  5.02655  0.355656  -0.192753
1.5708  5.65487  5.02655  0.264089  -0.227181
2.19911  5.65487  5.02655  0.194796  -0.226763
2.82743  5.65487  5.02655  0.146424  -0.213582
4.08407  5.65487  5.02655  0.0890366  -0.180852
7.22566  5.65487  5.02655  0.0356267  -0.121979
14.7655  5.65487  5.02655  0.00968528  -0.0652848
-16.6504  5.65487  5.65487  0.0109392  0.0572432
-7.22566  5.65487  5.65487  0.0474713  0.112315
-5.34071  5.65487  5.65487  0.0747157  0.133807
-4.08407  5.65487  5.65487  0.1062  0.148999
-2.82743  5.65487  5.65487  0.157062  0.158088
-2.19911  5.65487  5.65487  0.192616  0.154544
-1.5708  5.65487  5.65487  0.234797  0.138907
-0.942478  5.65487  5.65487  0.278846  0.10346
-0.314159  5.65487  5.65487  0.311713  0.0419683
0.314159  5.65487  5.65487  0.311713  -0.0419691
0.942478  5.65487  5.65487  0.278846  -0.103461
1.5708  5.65487  5.65487  0.234796  -0.138908
2.19911  5.65487  5.65487  0.192615  -0.154544
2.82743  5.65487  5.65487  0.157062  -0.158088
4.08407  5.65487  5.65487  0.1062  -0.148999
7.22566  5.65487  5.65487  0.0474712  -0.112315
14.7655  5.65487  5.65487  0.0136933  -0.0637816
-16.6504  5.65487  6.28319  0.0121235  0.0567434
-7.22566  5.65487  6.28319  0.0511355  0.108214
-5.34071  5.65487  6.28319  0.0788492  0.126298
-4.08407  5.65487  6.28319  0.109518  0.137411
-2.82743  5.65487  6.28319  0.156229  0.140571
-2.19911  5.65487  6.28319  0.186966  0.134038
-1.5708  5.65487  6.28319  0.221551  0.117003
-0.942478  5.65487  6.28319  0.255616  0.0844787
-0.314159  5.65487  6.28319  0.279557  0.0337502
0.314159  5.65487  6.28319  0.279557  -0.0337509
0.942478  5.65487  6.28319  0.255615  -0.0844791
1.5708  5.65487  6.28319  0.221551  -0.117003
2.19911  5.65487  6.28319  0.186965  -0.134038
2.82743  5.65487  6.28319  0.156229  -0.140571
4.08407  5.65487  6.28319  0.109518  -0.137411
7.22566  5.65487  6.28319  0.0511354  -0.108214
14.7655  5.65487  6.28319  0.0151426  -0.0630867
-16.6504  6.28319  0  0.0132743  0.0561981
-7.22566  6.28319  0  0.0543273  0.103994
-5.34071  6.28319  0  0.0820568  0.118884
-4.08407  6.28319  0  0.111462  0.126477
-2.82743  6.28319  0  0.153852  0.125141
-2.19911  6.28319  0  0.180276  0.116779
-1.5708  6.28319  0  0.208695  0.0995127
-0.942478  6.28319  0  0.23538  0.0701653
-0.314159  6.28319  0  0.253437  0.0272586
0.314159  6.28319  0  0.253437  -0.0272591
0.942478  6.28319  0  0.23538  -0.0701656
1.5708  6.28319  0  0.208695  -0.0995129
2.19911  6.28319  0  0.180276  -0.116779
2.82743  6.28319  0  0.153852  -0.125141
4.08407  6.28319  0  0.111462  -0.126477
7.22566  6.28319  0  0.0543272  -0.103994
14.7655  6.28319  0  0.0165405  -0.062332
-16.6504  6.28319  0.628319  0.0121235  0.0567434
-7.22566  6.28319  0.628319  0.0511355  0.108214
-5.34071  6.28319  0.628319  0.0788492  0.126298
-4.08407  6.28319  0.628319  0.109518  0.137411
-2.82743  6.28319  0.628319  0.156229  0.140571
-2.19911  6.28319  0.628319  0.186966  0.134038
-1.5708  6.28319  0.628319  0.221551  0.117003
-0.942478  6.28319  0.628319  0.255616  0.0844787
-0.314159  6.28319  0.628319  0.279557  0.0337502
0.314159  6.28319  0.628319  0.279557  -0.0337509
0.942478  6.28319  0.628319  0.255615  -0.0844791
1.5708  6.28319  0.628319  0.221551  -0.117003
2.19911  6.28319  0.628319  0.186965  -0.134038
2.82743  6.28319  0.628319  0.156229  -0.140571
4.08407  6.28319  0.628319  0.109518  -0.137411
7.22566  6.28319  0.628319  0.0511354  -0.108214
14.7655  6.28319  0.628319  0.0151426  -0.0630867
-16.6504  6.28319  1.25664  0.00895938  0.0579486
-7.22566  6.28319  1.25664  0.0405314  0.118524
-5.34071  6.28319  1.25664  0.065856  0.145784
-4.08407  6.28319  1.25664  0.0972168  0.168641
-2.82743  6.28319  1.25664  0.153279  0.190909
-2.19911  6.28319  1.25664  0.197073  0.195845
-1.5708  6.28319  1.25664  0.254926  0.18712
-0.942478  6.28319  1.25664  0.323681  0.149489
-0.314159  6.28319  1.25664  0.382102  0.064422
0.314159  6.28319  1.25664  0.382102  -0.0644234
0.942478  6.28319  1.25664  0.32368  -0.14949
1.5708  6.28319  1.25664  0.254925  -0.18712
2.19911  6.28319  1.25664  0.197073  -0.195845
2.82743  6.28319  1.25664  0.153279  -0.190909
4.08407  6.28319  1.25664  0.0972166  -0.168641
7.22566  6.28319  1.25664  0.0405313  -0.118524
14.7655  6.28319  1.25664  0.0112499  -0.0647676
-16.6504  6.28319  1.88496  0.00481063  0.0589414
-7.22566  6.28319  1.88496  0.0231469  0.128215
-5.34071  6.28319  1.88496  0.0396058  0.166105
-4.08407  6.28319  1.88496  0.0625453  0.205654
-2.82743  6.28319  1.88496  0.112551  0.266132
-2.19911  6.28319  1.88496  0.162599  0.307352
-1.5708  6.28319  1.88496  0.25147  0.352422
-0.942478  6.28319  1.88496  0.417273  0.370943
-0.314159  6.28319  1.88496  0.672174  0.225903
0.314159  6.28319  1.88496  0.67217  -0.225909
0.942478  6.28319  1.88496  0.417269  -0.370944
1.5708  6.28319  1.88496  0.251468  -0.352421
2.19911  6.28319  1.88496  0.162598  -0.307352
2.82743  6.28319  1.88496  0.11255  -0.266131
4.08407  6.28319  1.88496  0.062545  -0.205654
7.22566  6.28319  1.88496  0.0231468  -0.128215
14.7655  6.28319  1.88496  0.00606703  -0.0661658
-16.6504  6.28319  2.51327  0.00133786  0.0593041
-7.22566  6.28319  2.51327  0.00659075  0.132073
-5.34071  6.28319  2.51327  0.0115196  0.174804
-4.08407  6.28319  2.51327  0.0187461  0.223106
-2.82743  6.28319  2.51327  0.0361002  0.309366
-2.19911  6.28319  2.51327  0.0560545  0.384649
-1.5708  6.28319  2.51327  0.0999103  0.510174
-0.942478  6.28319  2.51327  0.231913  0.758926
-0.314159  6.28319  2.51327  1.02759  1.3198
0.314159  6.28319  2.51327  1.02755  -1.31979
0.942478  6.28319  2.51327  0.231908  -0.758919
1.5708  6.28319  2.51327  0.0999091  -0.510171
2.19911  6.28319  2.51327  0.056054  -0.384647
2.82743  6.28319  2.51327  0.0360999  -0.309365
4.08407  6.28319  2.51327  0.018746  -0.223105
7.22566  6.28319  2.51327  0.00659075  -0.132073
14.7655  6.28319  2.51327  0.00169  -0.0666797
-16.6504  6.28319  3.14159  -8.73841e-09  0.0593344
-7.22566  6.28319  3.14159  -6.79819e-08  0.132405
-5.34071  6.28319  3.14159  -1.74578e-08  0.17557
-4.08407  6.28319  3.14159  -1.14419e-07  0.224686
-2.82743  6.28319  3.14159  -3.21554e-07  0.313537
-2.19911  6.28319  3.14159  -5.1501e-07  0.392653
-1.5708  6.28319  3.14159  -9.79527e-07  0.5291
-0.942478  6.28319  3.14159  -2.57152e-06  0.826379
-0.314159  6.28319  3.14159  -1.79669e-05  2.03706
0.314159  6.28319  3.14159  -1.68567e-05  -2.03699
0.942478  6.28319  3.14159  -2.41871e-06  -0.826369
1.5708  6.28319  3.14159  -9.16697e-07  -0.529096
2.19911  6.28319  3.14159  -4.70922e-07  -0.392651
2.82743  6.28319  3.14159  -2.77937e-07  -0.313536
4.08407  6.28319  3.14159  -1.26442e-07  -0.224685
7.22566  6.28319  3.14159  -4.61509e-08  -0.132405
14.7655  6.28319  3.14159  -8.96682e-09  -0.0667227
-16.6504  6.28319  3.76991  0.00133786  0.0593041
-7.22566  6.28319  3.76991  0.00659075  0.132073
-5.34071  6.28319  3.76991  0.0115196  0.174804
-4.08407  6.28319  3.76991  0.0187461  0.223106
-2.82743  6.28319  3.76991  0.0361002  0.309366
-2.19911  6.28319  3.76991  0.0560545  0.384649
-1.5708  6.28319  3.76991  0.0999103  0.510174
-0.942478  6.28319  3.76991  0.231913  0.758926
-0.314159  6.28319  3.76991  1.02759  1.3198
0.314159  6.28319  3.76991  1.02755  -1.31979
0.942478  6.28319  3.76991  0.231908  -0.758919
1.5708  6.28319  3.76991  0.0999091  -0.510171
2.19911  6.28319  3.76991  0.056054  -0.384647
2.82743  6.28319  3.76991  0.0360999  -0.309365
4.08407  6.28319  3.76991  0.018746  -0.223105
7.22566  6.28319  3.76991  0.00659075  -0.132073
14.7655  6.28319  3.76991  0.00169  -0.0666797
-16.6504  6.28319  4.39823  0.00481063  0.0589414
-7.22566  6.28319  4.39823  0.0231469  0.128215
-5.34071  6.28319  4.39823  0.0396058  0.166105
-4.08407  6.28319  4.39823  0.0625453  0.205654
-2.82743  6.28319  4.39823  0.112551  0.266132
-2.19911  6.28319  4.39823  0.162599  0.307352
-1.5708  6.28319  4.39823  0.25147  0.352422
-0.942478  6.28319  4.39823  0.417273  0.370943
-0.314159  6.28319  4.39823  0.672174  0.225903
0.314159  6.28319  4.39823  0.67217  -0.225909
0.942478  6.28319  4.39823  0.417269  -0.370944
1.5708  6.28319  4.39823  0.251468  -0.352421
2.19911  6.28319  4.39823  0.162598  -0.307352
2.82743  6.28319  4.39823  0.11255  -0.266131
4.08407  6.28319  4.39823  0.062545  -0.205654
7.22566  6.28319  4.39823  0.0231468  -0.128215
14.7655  6.28319  4.39823  0.00606703  -0.0661658
-16.6504  6.28319  5.02655  0.00895938  0.0579486
-7.22566  6.28319  5.02655  0.0405314  0.118524
-5.34071  6.28319  5.02655  0.065856  0.145784
-4.08407  6.28319  5.02655  0.0972168  0.168641
-2.82743  6.28319  5.02655  0.153279  0.190909
-2.19911  6.28319  5.02655  0.197073  0.195845
-1.5708  6.28319  5.02655  0.254926  0.18712
-0.942478  6.28319  5.02655  0.323681  0.149489
-0.314159  6.28319  5.02655  0.382102  0.064422
0.314159  6.28319  5.02655  0.382102  -0.0644234
0.942478  6.28319  5.02655  0.32368  -0.14949
1.5708  6.28319  5.02655  0.254925  -0.18712
2.19911  6.28319  5.02655  0.197073  -0.195845
2.82743  6.28319  5.02655  0.153279  -0.190909
4.08407  6.28319  5.02655  0.0972166  -0.168641
7.22566  6.28319  5.02655  0.0405313  -0.118524
14.7655  6.28319  5.02655  0.0112499  -0.0647676
-16.6504  6.28319  5.65487  0.0121235  0.0567434
-7.22566  6.28319  5.65487  0.0511355  0.108214
-5.34071  6.28319  5.65487  0.0788492  0.126298
-4.08407  6.28319  5.65487  0.109518  0.137411
-2.82743  6.28319  5.65487  0.156229  0.140571
-2.19911  6.28319  5.65487  0.186966  0.134038
-1.5708  6.28319  5.65487  0.221551  0.117003
-0.942478  6.28319  5.65487  0.255616  0.0844787
-0.314159  6.28319  5.65487  0.279557  0.0337502
0.314159  6.28319  5.65487  0.279557  -0.0337509
0.942478  6.28319  5.65487  0.255615  -0.0844791
1.5708  6.28319  5.65487  0.221551  -0.117003
2.19911  6.28319  5.65487  0.186965  -0.134038
2.82743  6.28319  5.65487  0.156229  -0.140571
4.08407  6.28319  5.65487  0.109518  -0.137411
7.22566  6.28319  5.65487  0.0511354  -0.108214
14.7655  6.28319  5.65487  0.0151426  -0.0630867
-16.6504  6.28319  6.28319  0.0132743  0.0561981
-7.22566  6.28319  6.28319  0.0543273  0.103994
-5.34071  6.28319  6.28319  0.0820568  0.118884
-4.08407  6.28319  6.28319  0.111462  0.126477
-2.82743  6.28319  6.28319  0.153852  0.125141
-2.19911  6.28319  6.28319  0.180276  0.116779
-1.5708  6.28319  6.28319  0.208695  0.0995127
-0.942478  6.28319  6.28319  0.23538  0.0701653
-0.314159  6.28319  6.28319  0.253437  0.0272586
0.314159  6.28319  6.28319  0.253437  -0.0272591
0.942478  6.28319  6.28319  0.23538  -0.0701656
1.5708  6.28319  6.28319  0.208695  -0.0995129
2.19911  6.28319  6.28319  0.180276  -0.116779
2.82743  6.28319  6.28319  0.153852  -0.125141
4.08407  6.28319  6.28319  0.111462  -0.126477
7.22566  6.28319  6.28319  0.0543272  -0.103994
14.7655  6.28319  6.28319  0.0165405  -0.062332
