-16.6504  0  0  0.0190322  0.203417
-7.22566  0  0  0.0536051  0.328614
-5.34071  0  0  0.0675588  0.356599
-4.08407  0  0  0.0780612  0.366181
-2.82743  0  0  0.0882522  0.354325
-2.19911  0  0  0.0925772  0.332038
-1.5708  0  0  0.09598  0.290767
-0.942478  0  0  0.0982572  0.220607
-0.314159  0  0  0.0993696  0.105376
0.314159  0  0  0.0993696  -0.105384
0.942478  0  0  0.0982575  -0.220614
1.5708  0  0  0.0959804  -0.290774
2.19911  0  0  0.0925777  -0.332044
2.82743  0  0  0.0882528  -0.35433
4.08407  0  0  0.0780629  -0.366186
7.22566  0  0  0.0536045  -0.328623
14.7655  0  0  0.0228259  -0.222246
-16.6504  0  0.628319  0.0171434  0.203405
-7.22566  0  0.628319  0.0483899  0.328484
-5.34071  0  0.628319  0.0611895  0.35651
-4.08407  0  0.628319  0.0710155  0.366335
-2.82743  0  0.628319  0.0808592  0.35523
-2.19911  0  0.628319  0.0851975  0.333613
-1.5708  0  0.628319  0.0887165  0.293057
-0.942478  0  0.628319  0.0911348  0.22313
-0.314159  0  0.628319  0.0923312  0.11149
0.314159  0  0.628319  0.0923313  -0.111499
0.942478  0  0.628319  0.091135  -0.223138
1.5708  0  0.628319  0.0887169  -0.293064
2.19911  0  0.628319  0.0851979  -0.333619
2.82743  0  0.628319  0.0808597  -0.355236
4.08407  0  0.628319  0.0710169  -0.366341
7.22566  0  0.628319  0.0483893  -0.328493
14.7655  0  0.628319  0.0205603  -0.222227
-16.6504  0  1.25664  0.0122843  0.20336
-7.22566  0  1.25664  0.0348912  0.328099
-5.34071  0  1.25664  0.0445286  0.356208
-4.08407  0  1.25664  0.0523278  0.36663
-2.82743  0  1.25664  0.0608535  0.357529
-2.19911  0  1.25664  0.0650428  0.337962
-1.5708  0  1.25664  0.0688024  0.300387
-0.942478  0  1.25664  0.0716935  0.233525
-0.314159  0  1.25664  0.0732701  0.114885
0.314159  0  1.25664  0.0732701  -0.114895
0.942478  0  1.25664  0.0716936  -0.233534
1.5708  0  1.25664  0.0688026  -0.300396
2.19911  0  1.25664  0.065043  -0.33797
2.82743  0  1.25664  0.0608538  -0.357538
4.08407  0  1.25664  0.0523289  -0.366637
7.22566  0  1.25664  0.0348905  -0.32811
14.7655  0  1.25664  0.0147328  -0.22216
-16.6504  0  1.88496  0.00641417  0.203286
-7.22566  0  1.88496  0.0183662  0.327573
-5.34071  0  1.88496  0.0237179  0.355726
-4.08407  0  1.88496  0.0283366  0.36678
-2.82743  0  1.88496  0.0339513  0.360013
-2.19911  0  1.88496  0.0371059  0.343008
-1.5708  0  1.88496  0.0403527  0.309405
-0.942478  0  1.88496  0.0433326  0.247528
-0.314159  0  1.88496  0.0452377  0.135087
0.314159  0  1.88496  0.0452376  -0.1351
0.942478  0  1.88496  0.0433326  -0.247539
1.5708  0  1.88496  0.0403527  -0.309416
2.19911  0  1.88496  0.0371059  -0.343018
2.82743  0  1.88496  0.0339512  -0.360023
4.08407  0  1.88496  0.0283373  -0.366789
7.22566  0  1.88496  0.0183652  -0.327586
14.7655  0  1.88496  0.0076927  -0.222055
-16.6504  0  2.51327  0.00175817  0.203213
-7.22566  0  2.51327  0.00506456  0.327109
-5.34071  0  2.51327  0.00660104  0.355244
-4.08407  0  2.51327  0.00799813  0.366687
-2.82743  0  2.51327  0.00984012  0.361559
-2.19911  0  2.51327  0.0109818  0.346597
-1.5708  0  2.51327  0.0122838  0.316921
-0.942478  0  2.51327  0.0137051  0.26264
-0.314159  0  2.51327  0.0146812  0.157565
0.314159  0  2.51327  0.0146808  -0.15758
0.942478  0  2.51327  0.0137049  -0.262654
1.5708  0  2.51327  0.0122836  -0.316934
2.19911  0  2.51327  0.0109816  -0.346609
2.82743  0  2.51327  0.00983977  -0.361571
4.08407  0  2.51327  0.00799848  -0.366699
7.22566  0  2.51327  0.00506339  -0.327124
14.7655  0  2.51327  0.00210802  -0.221954
-16.6504  0  3.14159  2.4821e-06  0.203182
-7.22566  0  3.14159  3.87779e-06  0.326923
-5.34071  0  3.14159  5.66358e-07  0.355035
-4.08407  0  3.14159  2.26645e-06  0.366591
-2.82743  0  3.14159  3.27096e-06  0.361981
-2.19911  0  3.14159  3.3404e-06  0.347665
-1.5708  0  3.14159  3.49897e-06  0.319205
-0.942478  0  3.14159  3.76558e-06  0.267621
-0.314159  0  3.14159  4.32978e-06  0.176745
0.314159  0  3.14159  4.0625e-06  -0.176761
0.942478  0  3.14159  3.5419e-06  -0.267636
1.5708  0  3.14159  3.27459e-06  -0.319219
2.19911  0  3.14159  3.05447e-06  -0.347679
2.82743  0  3.14159  2.82729e-06  -0.361993
4.08407  0  3.14159  2.50462e-06  -0.366603
7.22566  0  3.14159  2.63253e-06  -0.326938
14.7655  0  3.14159  2.01415e-06  -0.221912
-16.6504  0  3.76991  0.00175817  0.203213
-7.22566  0  3.76991  0.00506456  0.327109
-5.34071  0  3.76991  0.00660104  0.355244
-4.08407  0  3.76991  0.00799813  0.366687
-2.82743  0  3.76991  0.00984012  0.361559
-2.19911  0  3.76991  0.0109818  0.346597
-1.5708  0  3.76991  0.0122838  0.316921
-0.942478  0  3.76991  0.0137051  0.26264
-0.314159  0  3.76991  0.0146812  0.157565
0.314159  0  3.76991  0.0146808  -0.15758
0.942478  0  3.76991  0.0137049  -0.262654
1.5708  0  3.76991  0.0122836  -0.316934
2.19911  0  3.76991  0.0109816  -0.346609
2.82743  0  3.76991  0.00983977  -0.361571
4.08407  0  3.76991  0.00799848  -0.366699
7.22566  0  3.76991  0.00506339  -0.327124
14.7655  0  3.76991  0.00210802  -0.221954
-16.6504  0  4.39823  0.00641417  0.203286
-7.22566  0  4.39823  0.0183662  0.327573
-5.34071  0  4.39823  0.0237179  0.355726
-4.08407  0  4.39823  0.0283366  0.36678
-2.82743  0  4.39823  0.0339513  0.360013
-2.19911  0  4.39823  0.0371059  0.343008
-1.5708  0  4.39823  0.0403527  0.309405
-0.942478  0  4.39823  0.0433326  0.247528
-0.314159  0  4.39823  0.0452377  0.135087
0.314159  0  4.39823  0.0452376  -0.1351
0.942478  0  4.39823  0.0433326  -0.247539
1.5708  0  4.39823  0.0403527  -0.309416
2.19911  0  4.39823  0.0371059  -0.343018
2.82743  0  4.39823  0.0339512  -0.360023
4.08407  0  4.39823  0.0283373  -0.366789
7.22566  0  4.39823  0.0183652  -0.327586
14.7655  0  4.39823  0.0076927  -0.222055
-16.6504  0  5.02655  0.0122843  0.20336
-7.22566  0  5.02655  0.0348912  0.328099
-5.34071  0  5.02655  0.0445286  0.356208
-4.08407  0  5.02655  0.0523278  0.36663
-2.82743  0  5.02655  0.0608535  0.357529
-2.19911  0  5.02655  0.0650428  0.337962
-1.5708  0  5.02655  0.0688024  0.300387
-0.942478  0  5.02655  0.0716935  0.233525
-0.314159  0  5.02655  0.0732701  0.114885
0.314159  0  5.02655  0.0732701  -0.114895
0.942478  0  5.02655  0.0716936  -0.233534
1.5708  0  5.02655  0.0688026  -0.300396
2.19911  0  5.02655  0.065043  -0.33797
2.82743  0  5.02655  0.0608538  -0.357538
4.08407  0  5.02655  0.0523289  -0.366637
7.22566  0  5.02655  0.0348905  -0.32811
14.7655  0  5.02655  0.0147328  -0.22216
-16.6504  0  5.65487  0.0171434  0.203405
-7.22566  0  5.65487  0.0483899  0.328484
-5.34071  0  5.65487  0.0611895  0.35651
-4.08407  0  5.65487  0.0710155  0.366335
-2.82743  0  5.65487  0.0808592  0.35523
-2.19911  0  5.65487  0.0851975  0.333613
-1.5708  0  5.65487  0.0887165  0.293057
-0.942478  0  5.65487  0.0911348  0.22313
-0.314159  0  5.65487  0.0923312  0.11149
0.314159  0  5.65487  0.0923313  -0.111499
0.942478  0  5.65487  0.091135  -0.223138
1.5708  0  5.65487  0.0887169  -0.293064
2.19911  0  5.65487  0.0851979  -0.333619
2.82743  0  5.65487  0.0808597  -0.355236
4.08407  0  5.65487  0.0710169  -0.366341
7.22566  0  5.65487  0.0483893  -0.328493
14.7655  0  5.65487  0.0205603  -0.222227
-16.6504  0  6.28319  0.0190322  0.203417
-7.22566  0  6.28319  0.0536051  0.328614
-5.34071  0  6.28319  0.0675588  0.356599
-4.08407  0  6.28319  0.0780612  0.366181
-2.82743  0  6.28319  0.0882522  0.354325
-2.19911  0  6.28319  0.0925772  0.332038
-1.5708  0  6.28319  0.09598  0.290767
-0.942478  0  6.28319  0.0982572  0.220607
-0.314159  0  6.28319  0.0993696  0.105376
0.314159  0  6.28319  0.0993696  -0.105384
0.942478  0  6.28319  0.0982575  -0.220614
1.5708  0  6.28319  0.0959804  -0.290774
2.19911  0  6.28319  0.0925777  -0.332044
2.82743  0  6.28319  0.0882528  -0.35433
4.08407  0  6.28319  0.0780629  -0.366186
7.22566  0  6.28319  0.0536045  -0.328623
14.7655  0  6.28319  0.0228259  -0.222246
-16.6504  0.628319  0  0.0171434  0.203405
-7.22566  0.628319  0  0.0483899  0.328484
-5.34071  0.628319  0  0.0611895  0.35651
-4.08407  0.628319  0  0.0710155  0.366335
-2.82743  0.628319  0  0.0808592  0.35523
-2.19911  0.628319  0  0.0851975  0.333613
-1.5708  0.628319  0  0.0887165  0.293057
-0.942478  0.628319  0  0.0911348  0.22313
-0.314159  0.628319  0  0.0923312  0.11149
0.314159  0.628319  0  0.0923313  -0.111499
0.942478  0.628319  0  0.091135  -0.223138
1.5708  0.628319  0  0.0887169  -0.293064
2.19911  0.628319  0  0.0851979  -0.333619
2.82743  0.628319  0  0.0808597  -0.355236
4.08407  0.628319  0  0.0710169  -0.366341
7.22566  0.628319  0  0.0483893  -0.328493
14.7655  0.628319  0  0.0205603  -0.222227
-16.6504  0.628319  0.628319  0.0152961  0.203397
-7.22566  0.628319  0.628319  0.0432681  0.328376
-5.34071  0.628319  0.628319  0.054879  0.356425
-4.08407  0.628319  0.628319  0.0639548  0.366428
-2.82743  0.628319  0.628319  0.0733339  0.355954
-2.19911  0.628319  0.628319  0.0776337  0.335032
-1.5708  0.628319  0.628319  0.0812454  0.295618
-0.942478  0.628319  0.628319  0.0838129  0.227103
-0.314159  0.628319  0.628319  0.0851117  0.110077
0.314159  0.628319  0.628319  0.0851117  -0.110086
0.942478  0.628319  0.628319  0.0838131  -0.227112
1.5708  0.628319  0.628319  0.0812457  -0.295625
2.19911  0.628319  0.628319  0.0776341  -0.335039
2.82743  0.628319  0.628319  0.0733343  -0.355961
4.08407  0.628319  0.628319  0.0639561  -0.366435
7.22566  0.628319  0.628319  0.0432674  -0.328386
14.7655  0.628319  0.628319  0.0183451  -0.222213
-16.6504  0.628319  1.25664  0.010493  0.203362
-7.22566  0.628319  1.25664  0.0298384  0.328058
-5.34071  0.628319  1.25664  0.0381391  0.356144
-4.08407  0.628319  1.25664  0.0449254  0.366577
-2.82743  0.628319  1.25664  0.0524983  0.357633
-2.19911  0.628319  1.25664  0.0563326  0.338318
-1.5708  0.628319  1.25664  0.0598848  0.301241
-0.942478  0.628319  1.25664  0.0627279  0.235385
-0.314159  0.628319  1.25664  0.0643471  0.123585
0.314159  0.628319  1.25664  0.0643471  -0.123597
0.942478  0.628319  1.25664  0.062728  -0.235395
1.5708  0.628319  1.25664  0.059885  -0.301251
2.19911  0.628319  1.25664  0.0563328  -0.338327
2.82743  0.628319  1.25664  0.0524985  -0.357641
4.08407  0.628319  1.25664  0.0449264  -0.366585
7.22566  0.628319  1.25664  0.0298376  -0.32807
14.7655  0.628319  1.25664  0.0125848  -0.222161
-16.6504  0.628319  1.88496  0.00465013  0.203301
-7.22566  0.628319  1.88496  0.0133068  0.327629
-5.34071  0.628319  1.88496  0.017169  0.355747
-4.08407  0.628319  1.88496  0.0204954  0.366677
-2.82743  0.628319  1.88496  0.0245402  0.35957
-2.19911  0.628319  1.88496  0.0268248  0.34232
-1.5708  0.628319  1.88496  0.0291984  0.308721
-0.942478  0.628319  1.88496  0.031406  0.248117
-0.314159  0.628319  1.88496  0.0328655  0.135851
0.314159  0.628319  1.88496  0.0328654  -0.135865
0.942478  0.628319  1.88496  0.0314059  -0.24813
1.5708  0.628319  1.88496  0.0291984  -0.308733
2.19911  0.628319  1.88496  0.0268247  -0.342332
2.82743  0.628319  1.88496  0.02454  -0.359581
4.08407  0.628319  1.88496  0.020496  -0.366688
7.22566  0.628319  1.88496  0.0133057  -0.327643
14.7655  0.628319  1.88496  0.00557683  -0.222075
-16.6504  0.628319  2.51327  2.48082e-06  0.203238
-7.22566  0.628319  2.51327  3.9095e-06  0.327258
-5.34071  0.628319  2.51327  5.99608e-07  0.355392
-4.08407  0.628319  2.51327  2.27752e-06  0.366698
-2.82743  0.628319  2.51327  3.28738e-06  0.361014
-2.19911  0.628319  2.51327  3.35976e-06  0.345359
-1.5708  0.628319  2.51327  3.51543e-06  0.314334
-0.942478  0.628319  2.51327  3.75865e-06  0.257629
-0.314159  0.628319  2.51327  4.20103e-06  0.156149
0.314159  0.628319  2.51327  3.97483e-06  -0.156166
0.942478  0.628319  2.51327  3.5568e-06  -0.257644
1.5708  0.628319  2.51327  3.30356e-06  -0.314348
2.19911  0.628319  2.51327  3.08787e-06  -0.345372
2.82743  0.628319  2.51327  2.87165e-06  -0.361027
4.08407  0.628319  2.51327  2.50496e-06  -0.36671
7.22566  0.628319  2.51327  2.63053e-06  -0.327273
14.7655  0.628319  2.51327  2.02092e-06  -0.221991
-16.6504  0.628319  3.14159  -0.00175321  0.203211
-7.22566  0.628319  3.14159  -0.00505677  0.327108
-5.34071  0.628319  3.14159  -0.00659986  0.355244
-4.08407  0.628319  3.14159  -0.00799359  0.366687
-2.82743  0.628319  3.14159  -0.00983355  0.361559
-2.19911  0.628319  3.14159  -0.0109751  0.346596
-1.5708  0.628319  3.14159  -0.0122767  0.31692
-0.942478  0.628319  3.14159  -0.0136975  0.262639
-0.314159  0.628319  3.14159  -0.0146726  0.157564
0.314159  0.628319  3.14159  -0.014673  -0.157581
0.942478  0.628319  3.14159  -0.0136978  -0.262655
1.5708  0.628319  3.14159  -0.012277  -0.316934
2.19911  0.628319  3.14159  -0.0109755  -0.34661
2.82743  0.628319  3.14159  -0.00983408  -0.361572
4.08407  0.628319  3.14159  -0.00799347  -0.3667
7.22566  0.628319  3.14159  -0.00505813  -0.327125
14.7655  0.628319  3.14159  -0.00210398  -0.221955
-16.6504  0.628319  3.76991  2.48082e-06  0.203238
-7.22566  0.628319  3.76991  3.9095e-06  0.327258
-5.34071  0.628319  3.76991  5.99608e-07  0.355392
-4.08407  0.628319  3.76991  2.27752e-06  0.366698
-2.82743  0.628319  3.76991  3.28738e-06  0.361014
-2.19911  0.628319  3.76991  3.35976e-06  0.345359
-1.5708  0.628319  3.76991  3.51543e-06  0.314334
-0.942478  0.628319  3.76991  3.75865e-06  0.257629
-0.314159  0.628319  3.76991  4.20103e-06  0.156149
0.314159  0.628319  3.76991  3.97483e-06  -0.156166
0.942478  0.628319  3.76991  3.5568e-06  -0.257644
1.5708  0.628319  3.76991  3.30356e-06  -0.314348
2.19911  0.628319  3.76991  3.08787e-06  -0.345372
2.82743  0.628319  3.76991  2.87165e-06  -0.361027
4.08407  0.628319  3.76991  2.50496e-06  -0.36671
7.22566  0.628319  3.76991  2.63053e-06  -0.327273
14.7655  0.628319  3.76991  2.02092e-06  -0.221991
-16.6504  0.628319  4.39823  0.00465013  0.203301
-7.22566  0.628319  4.39823  0.0133068  0.327629
-5.34071  0.628319  4.39823  0.017169  0.355747
-4.08407  0.628319  4.39823  0.0204954  0.366677
-2.82743  0.628319  4.39823  0.0245402  0.35957
-2.19911  0.628319  4.39823  0.0268248  0.34232
-1.5708  0.628319  4.39823  0.0291984  0.308721
-0.942478  0.628319  4.39823  0.031406  0.248117
-0.314159  0.628319  4.39823  0.0328655  0.135851
0.314159  0.628319  4.39823  0.0328654  -0.135865
0.942478  0.628319  4.39823  0.0314059  -0.24813
1.5708  0.628319  4.39823  0.0291984  -0.308733
2.19911  0.628319  4.39823  0.0268247  -0.342332
2.82743  0.628319  4.39823  0.02454  -0.359581
4.08407  0.628319  4.39823  0.020496  -0.366688
7.22566  0.628319  4.39823  0.0133057  -0.327643
14.7655  0.628319  4.39823  0.00557683  -0.222075
-16.6504  0.628319  5.02655  0.010493  0.203362
-7.22566  0.628319  5.02655  0.0298384  0.328058
-5.34071  0.628319  5.02655  0.0381391  0.356144
-4.08407  0.628319  5.02655  0.0449254  0.366577
-2.82743  0.628319  5.02655  0.0524983  0.357633
-2.19911  0.628319  5.02655  0.0563326  0.338318
-1.5708  0.628319  5.02655  0.0598848  0.301241
-0.942478  0.628319  5.02655  0.0627279  0.235385
-0.314159  0.628319  5.02655  0.0643471  0.123585
0.314159  0.628319  5.02655  0.0643471  -0.123597
0.942478  0.628319  5.02655  0.062728  -0.235395
1.5708  0.628319  5.02655  0.059885  -0.301251
2.19911  0.628319  5.02655  0.0563328  -0.338327
2.82743  0.628319  5.02655  0.0524985  -0.357641
4.08407  0.628319  5.02655  0.0449264  -0.366585
7.22566  0.628319  5.02655  0.0298376  -0.32807
14.7655  0.628319  5.02655  0.0125848  -0.222161
-16.6504  0.628319  5.65487  0.0152961  0.203397
-7.22566  0.628319  5.65487  0.0432681  0.328376
-5.34071  0.628319  5.65487  0.054879  0.356425
-4.08407  0.628319  5.65487  0.0639548  0.366428
-2.82743  0.628319  5.65487  0.0733339  0.355954
-2.19911  0.628319  5.65487  0.0776337  0.335032
-1.5708  0.628319  5.65487  0.0812454  0.295618
-0.942478  0.628319  5.65487  0.0838129  0.227103
-0.314159  0.628319  5.65487  0.0851117  0.110077
0.314159  0.628319  5.65487  0.0851117  -0.110086
0.942478  0.628319  5.65487  0.0838131  -0.227112
1.5708  0.628319  5.65487  0.0812457  -0.295625
2.19911  0.628319  5.65487  0.0776341  -0.335039
2.82743  0.628319  5.65487  0.0733343  -0.355961
4.08407  0.628319  5.65487  0.0639561  -0.366435
7.22566  0.628319  5.65487  0.0432674  -0.328386
14.7655  0.628319  5.65487  0.0183451  -0.222213
-16.6504  0.628319  6.28319  0.0171434  0.203405
-7.22566  0.628319  6.28319  0.0483899  0.328484
-5.34071  0.628319  6.28319  0.0611895  0.35651
-4.08407  0.628319  6.28319  0.0710155  0.366335
-2.82743  0.628319  6.28319  0.0808592  0.35523
-2.19911  0.628319  6.28319  0.0851975  0.333613
-1.5708  0.628319  6.28319  0.0887165  0.293057
-0.942478  0.628319  6.28319  0.0911348  0.22313
-0.314159  0.628319  6.28319  0.0923312  0.11149
0.314159  0.628319  6.28319  0.0923313  -0.111499
0.942478  0.628319  6.28319  0.091135  -0.223138
1.5708  0.628319  6.28319  0.0887169  -0.293064
2.19911  0.628319  6.28319  0.0851979  -0.333619
2.82743  0.628319  6.28319  0.0808597  -0.355236
4.08407  0.628319  6.28319  0.0710169  -0.366341
7.22566  0.628319  6.28319  0.0483893  -0.328493
14.7655  0.628319  6.28319  0.0205603  -0.222227
-16.6504  1.25664  0  0.0122843  0.20336
-7.22566  1.25664  0  0.0348912  0.328099
-5.34071  1.25664  0  0.0445286  0.356208
-4.08407  1.25664  0  0.0523278  0.36663
-2.82743  1.25664  0  0.0608535  0.357529
-2.19911  1.25664  0  0.0650428  0.337962
-1.5708  1.25664  0  0.0688024  0.300387
-0.942478  1.25664  0  0.0716935  0.233525
-0.314159  1.25664  0  0.0732701  0.114885
0.314159  1.25664  0  0.0732701  -0.114895
0.942478  1.25664  0  0.0716936  -0.233534
1.5708  1.25664  0  0.0688026  -0.300396
2.19911  1.25664  0  0.065043  -0.33797
2.82743  1.25664  0  0.0608538  -0.357538
4.08407  1.25664  0  0.0523289  -0.366637
7.22566  1.25664  0  0.0348905  -0.32811
14.7655  1.25664  0  0.0147328  -0.22216
-16.6504  1.25664  0.628319  0.010493  0.203362
-7.22566  1.25664  0.628319  0.0298384  0.328058
-5.34071  1.25664  0.628319  0.0381391  0.356144
-4.08407  1.25664  0.628319  0.0449254  0.366577
-2.82743  1.25664  0.628319  0.0524983  0.357633
-2.19911  1.25664  0.628319  0.0563326  0.338318
-1.5708  1.25664  0.628319  0.0598848  0.301241
-0.942478  1.25664  0.628319  0.0627279  0.235385
-0.314159  1.25664  0.628319  0.0643471  0.123585
0.314159  1.25664  0.628319  0.0643471  -0.123597
0.942478  1.25664  0.628319  0.062728  -0.235395
1.5708  1.25664  0.628319  0.059885  -0.301251
2.19911  1.25664  0.628319  0.0563328  -0.338327
2.82743  1.25664  0.628319  0.0524985  -0.357641
4.08407  1.25664  0.628319  0.0449264  -0.366585
7.22566  1.25664  0.628319  0.0298376  -0.32807
14.7655  1.25664  0.628319  0.0125848  -0.222161
-16.6504  1.25664  1.25664  0.0057929  0.203356
-7.22566  1.25664  1.25664  0.0165134  0.327935
-5.34071  1.25664  1.25664  0.0211806  0.35598
-4.08407  1.25664  1.25664  0.0250832  0.366474
-2.82743  1.25664  1.25664  0.0296308  0.357974
-2.19911  1.25664  1.25664  0.0320821  0.339376
-1.5708  1.25664  1.25664  0.0345141  0.303961
-0.942478  1.25664  1.25664  0.0366258  0.241675
-0.314159  1.25664  1.25664  0.0379252  0.130674
0.314159  1.25664  1.25664  0.0379251  -0.130687
0.942478  1.25664  1.25664  0.0366258  -0.241688
1.5708  1.25664  1.25664  0.0345142  -0.303972
2.19911  1.25664  1.25664  0.0320821  -0.339387
2.82743  1.25664  1.25664  0.0296307  -0.357985
4.08407  1.25664  1.25664  0.0250839  -0.366484
7.22566  1.25664  1.25664  0.0165123  -0.327948
14.7655  1.25664  1.25664  0.00694769  -0.222153
-16.6504  1.25664  1.88496  2.47665e-06  0.203331
-7.22566  1.25664  1.88496  3.9672e-06  0.327767
-5.34071  1.25664  1.88496  6.50459e-07  0.355819
-4.08407  1.25664  1.88496  2.27523e-06  0.366486
-2.82743  1.25664  1.88496  3.27842e-06  0.358586
-2.19911  1.25664  1.88496  3.33953e-06  0.340591
-1.5708  1.25664  1.88496  3.46958e-06  0.306067
-0.942478  1.25664  1.88496  3.67344e-06  0.245457
-0.314159  1.25664  1.88496  4.08858e-06  0.145123
0.314159  1.25664  1.88496  3.9423e-06  -0.145139
0.942478  1.25664  1.88496  3.56265e-06  -0.245472
1.5708  1.25664  1.88496  3.33408e-06  -0.306081
2.19911  1.25664  1.88496  3.13284e-06  -0.340605
2.82743  1.25664  1.88496  2.94417e-06  -0.358599
4.08407  1.25664  1.88496  2.51989e-06  -0.366498
7.22566  1.25664  1.88496  2.6308e-06  -0.327782
14.7655  1.25664  1.88496  2.02657e-06  -0.222119
-16.6504  1.25664  2.51327  -0.00464518  0.203296
-7.22566  1.25664  2.51327  -0.0132989  0.327628
-5.34071  1.25664  2.51327  -0.0171677  0.355746
-4.08407  1.25664  2.51327  -0.0204909  0.366676
-2.82743  1.25664  2.51327  -0.0245336  0.359568
-2.19911  1.25664  2.51327  -0.026818  0.342319
-1.5708  1.25664  2.51327  -0.0291914  0.308719
-0.942478  1.25664  2.51327  -0.0313985  0.248115
-0.314159  1.25664  2.51327  -0.0328574  0.135849
0.314159  1.25664  2.51327  -0.0328576  -0.135867
0.942478  1.25664  2.51327  -0.0313987  -0.248132
1.5708  1.25664  2.51327  -0.0291917  -0.308735
2.19911  1.25664  2.51327  -0.0268185  -0.342334
2.82743  1.25664  2.51327  -0.0245342  -0.359583
4.08407  1.25664  2.51327  -0.020491  -0.36669
7.22566  1.25664  2.51327  -0.0133005  -0.327645
14.7655  1.25664  2.51327  -0.00557279  -0.222077
-16.6504  1.25664  3.14159  -0.00640922  0.203279
-7.22566  1.25664  3.14159  -0.0183583  0.327571
-5.34071  1.25664  3.14159  -0.0237166  0.355724
-4.08407  1.25664  3.14159  -0.0283321  0.366777
-2.82743  1.25664  3.14159  -0.0339447  0.36001
-2.19911  1.25664  3.14159  -0.0370991  0.343005
-1.5708  1.25664  3.14159  -0.0403456  0.309403
-0.942478  1.25664  3.14159  -0.0433251  0.247525
-0.314159  1.25664  3.14159  -0.0452296  0.135084
0.314159  1.25664  3.14159  -0.0452298  -0.135103
0.942478  1.25664  3.14159  -0.0433254  -0.247542
1.5708  1.25664  3.14159  -0.040346  -0.309419
2.19911  1.25664  3.14159  -0.0370996  -0.343021
2.82743  1.25664  3.14159  -0.0339454  -0.360026
4.08407  1.25664  3.14159  -0.0283323  -0.366792
7.22566  1.25664  3.14159  -0.01836  -0.327589
14.7655  1.25664  3.14159  -0.00768866  -0.222056
-16.6504  1.25664  3.76991  -0.00464518  0.203296
-7.22566  1.25664  3.76991  -0.0132989  0.327628
-5.34071  1.25664  3.76991  -0.0171677  0.355746
-4.08407  1.25664  3.76991  -0.0204909  0.366676
-2.82743  1.25664  3.76991  -0.0245336  0.359568
-2.19911  1.25664  3.76991  -0.026818  0.342319
-1.5708  1.25664  3.76991  -0.0291914  0.308719
-0.942478  1.25664  3.76991  -0.0313985  0.248115
-0.314159  1.25664  3.76991  -0.0328574  0.135849
0.314159  1.25664  3.76991  -0.0328576  -0.135867
0.942478  1.25664  3.76991  -0.0313987  -0.248132
1.5708  1.25664  3.76991  -0.0291917  -0.308735
2.19911  1.25664  3.76991  -0.0268185  -0.342334
2.82743  1.25664  3.76991  -0.0245342  -0.359583
4.08407  1.25664  3.76991  -0.020491  -0.36669
7.22566  1.25664  3.76991  -0.0133005  -0.327645
14.7655  1.25664  3.76991  -0.00557279  -0.222077
-16.6504  1.25664  4.39823  2.47665e-06  0.203331
-7.22566  1.25664  4.39823  3.9672e-06  0.327767
-5.34071  1.25664  4.39823  6.50459e-07  0.355819
-4.08407  1.25664  4.39823  2.27523e-06  0.366486
-2.82743  1.25664  4.39823  3.27842e-06  0.358586
-2.19911  1.25664  4.39823  3.33953e-06  0.340591
-1.5708  1.25664  4.39823  3.46958e-06  0.306067
-0.942478  1.25664  4.39823  3.67344e-06  0.245457
-0.314159  1.25664  4.39823  4.08858e-06  0.145123
0.314159  1.25664  4.39823  3.9423e-06  -0.145139
0.942478  1.25664  4.39823  3.56265e-06  -0.245472
1.5708  1.25664  4.39823  3.33408e-06  -0.306081
2.19911  1.25664  4.39823  3.13284e-06  -0.340605
2.82743  1.25664  4.39823  2.94417e-06  -0.358599
4.08407  1.25664  4.39823  2.51989e-06  -0.366498
7.22566  1.25664  4.39823  2.6308e-06  -0.327782
14.7655  1.25664  4.39823  2.02657e-06  -0.222119
-16.6504  1.25664  5.02655  0.0057929  0.203356
-7.22566  1.25664  5.02655  0.0165134  0.327935
-5.34071  1.25664  5.02655  0.0211806  0.35598
-4.08407  1.25664  5.02655  0.0250832  0.366474
-2.82743  1.25664  5.02655  0.0296308  0.357974
-2.19911  1.25664  5.02655  0.0320821  0.339376
-1.5708  1.25664  5.02655  0.0345141  0.303961
-0.942478  1.25664  5.02655  0.0366258  0.241675
-0.314159  1.25664  5.02655  0.0379252  0.130674
0.314159  1.25664  5.02655  0.0379251  -0.130687
0.942478  1.25664  5.02655  0.0366258  -0.241688
1.5708  1.25664  5.02655  0.0345142  -0.303972
2.19911  1.25664  5.02655  0.0320821  -0.339387
2.82743  1.25664  5.02655  0.0296307  -0.357985
4.08407  1.25664  5.02655  0.0250839  -0.366484
7.22566  1.25664  5.02655  0.0165123  -0.327948
14.7655  1.25664  5.02655  0.00694769  -0.222153
-16.6504  1.25664  5.65487  0.010493  0.203362
-7.22566  1.25664  5.65487  0.0298384  0.328058
-5.34071  1.25664  5.65487  0.0381391  0.356144
-4.08407  1.25664  5.65487  0.0449254  0.366577
-2.82743  1.25664  5.65487  0.0524983  0.357633
-2.19911  1.25664  5.65487  0.0563326  0.338318
-1.5708  1.25664  5.65487  0.0598848  0.301241
-0.942478  1.25664  5.65487  0.0627279  0.235385
-0.314159  1.25664  5.65487  0.0643471  0.123585
0.314159  1.25664  5.65487  0.0643471  -0.123597
0.942478  1.25664  5.65487  0.062728  -0.235395
1.5708  1.25664  5.65487  0.059885  -0.301251
2.19911  1.25664  5.65487  0.0563328  -0.338327
2.82743  1.25664  5.65487  0.0524985  -0.357641
4.08407  1.25664  5.65487  0.0449264  -0.366585
7.22566  1.25664  5.65487  0.0298376  -0.32807
14.7655  1.25664  5.65487  0.0125848  -0.222161
-16.6504  1.25664  6.28319  0.0122843  0.20336
-7.22566  1.25664  6.28319  0.0348912  0.328099
-5.34071  1.25664  6.28319  0.0445286  0.356208
-4.08407  1.25664  6.28319  0.0523278  0.36663
-2.82743  1.25664  6.28319  0.0608535  0.357529
-2.19911  1.25664  6.28319  0.0650428  0.337962
-1.5708  1.25664  6.28319  0.0688024  0.300387
-0.942478  1.25664  6.28319  0.0716935  0.233525
-0.314159  1.25664  6.28319  0.0732701  0.114885
0.314159  1.25664  6.28319  0.0732701  -0.114895
0.942478  1.25664  6.28319  0.0716936  -0.233534
1.5708  1.25664  6.28319  0.0688026  -0.300396
2.19911  1.25664  6.28319  0.065043  -0.33797
2.82743  1.25664  6.28319  0.0608538  -0.357538
4.08407  1.25664  6.28319  0.0523289  -0.366637
7.22566  1.25664  6.28319  0.0348905  -0.32811
14.7655  1.25664  6.28319  0.0147328  -0.22216
-16.6504  1.88496  0  0.00641417  0.203286
-7.22566  1.88496  0  0.0183662  0.327573
-5.34071  1.88496  0  0.0237179  0.355726
-4.08407  1.88496  0  0.0283366  0.36678
-2.82743  1.88496  0  0.0339513  0.360013
-2.19911  1.88496  0  0.0371059  0.343008
-1.5708  1.88496  0  0.0403527  0.309405
-0.942478  1.88496  0  0.0433326  0.247528
-0.314159  1.88496  0  0.0452377  0.135087
0.314159  1.88496  0  0.0452376  -0.1351
0.942478  1.88496  0  0.0433326  -0.247539
1.5708  1.88496  0  0.0403527  -0.309416
2.19911  1.88496  0  0.0371059  -0.343018
2.82743  1.88496  0  0.0339512  -0.360023
4.08407  1.88496  0  0.0283373  -0.366789
7.22566  1.88496  0  0.0183652  -0.327586
14.7655  1.88496  0  0.0076927  -0.222055
-16.6504  1.88496  0.628319  0.00465013  0.203301
-7.22566  1.88496  0.628319  0.0133068  0.327629
-5.34071  1.88496  0.628319  0.017169  0.355747
-4.08407  1.88496  0.628319  0.0204954  0.366677
-2.82743  1.88496  0.628319  0.0245402  0.35957
-2.19911  1.88496  0.628319  0.0268248  0.34232
-1.5708  1.88496  0.628319  0.0291984  0.308721
-0.942478  1.88496  0.628319  0.031406  0.248117
-0.314159  1.88496  0.628319  0.0328655  0.135851
0.314159  1.88496  0.628319  0.0328654  -0.135865
0.942478  1.88496  0.628319  0.0314059  -0.24813
1.5708  1.88496  0.628319  0.0291984  -0.308733
2.19911  1.88496  0.628319  0.0268247  -0.342332
2.82743  1.88496  0.628319  0.02454  -0.359581
4.08407  1.88496  0.628319  0.020496  -0.366688
7.22566  1.88496  0.628319  0.0133057  -0.327643
14.7655  1.88496  0.628319  0.00557683  -0.222075
-16.6504  1.88496  1.25664  2.47665e-06  0.203331
-7.22566  1.88496  1.25664  3.9672e-06  0.327767
-5.34071  1.88496  1.25664  6.50459e-07  0.355819
-4.08407  1.88496  1.25664  2.27523e-06  0.366486
-2.82743  1.88496  1.25664  3.27842e-06  0.358586
-2.19911  1.88496  1.25664  3.33953e-06  0.340591
-1.5708  1.88496  1.25664  3.46958e-06  0.306067
-0.942478  1.88496  1.25664  3.67344e-06  0.245457
-0.314159  1.88496  1.25664  4.08858e-06  0.145123
0.314159  1.88496  1.25664  3.9423e-06  -0.145139
0.942478  1.88496  1.25664  3.56265e-06  -0.245472
1.5708  1.88496  1.25664  3.33408e-06  -0.306081
2.19911  1.88496  1.25664  3.13284e-06  -0.340605
2.82743  1.88496  1.25664  2.94417e-06  -0.358599
4.08407  1.88496  1.25664  2.51989e-06  -0.366498
7.22566  1.88496  1.25664  2.6308e-06  -0.327782
14.7655  1.88496  1.25664  2.02657e-06  -0.222119
-16.6504  1.88496  1.88496  -0.00578796  0.20335
-7.22566  1.88496  1.88496  -0.0165054  0.327933
-5.34071  1.88496  1.88496  -0.0211793  0.355978
-4.08407  1.88496  1.88496  -0.0250787  0.366472
-2.82743  1.88496  1.88496  -0.0296242  0.357972
-2.19911  1.88496  1.88496  -0.0320754  0.339374
-1.5708  1.88496  1.88496  -0.0345072  0.303959
-0.942478  1.88496  1.88496  -0.0366185  0.241673
-0.314159  1.88496  1.88496  -0.0379172  0.130671
0.314159  1.88496  1.88496  -0.0379174  -0.130689
0.942478  1.88496  1.88496  -0.0366187  -0.24169
1.5708  1.88496  1.88496  -0.0345075  -0.303975
2.19911  1.88496  1.88496  -0.0320758  -0.339389
2.82743  1.88496  1.88496  -0.0296248  -0.357987
4.08407  1.88496  1.88496  -0.0250788  -0.366486
7.22566  1.88496  1.88496  -0.0165071  -0.327951
14.7655  1.88496  1.88496  -0.00694365  -0.222154
-16.6504  1.88496  2.51327  -0.0104881  0.203351
-7.22566  1.88496  2.51327  -0.0298304  0.328055
-5.34071  1.88496  2.51327  -0.0381377  0.35614
-4.08407  1.88496  2.51327  -0.0449208  0.366573
-2.82743  1.88496  2.51327  -0.0524917  0.357629
-2.19911  1.88496  2.51327  -0.0563259  0.338314
-1.5708  1.88496  2.51327  -0.0598779  0.301237
-0.942478  1.88496  2.51327  -0.0627206  0.235381
-0.314159  1.88496  2.51327  -0.0643392  0.123581
0.314159  1.88496  2.51327  -0.0643394  -0.123601
0.942478  1.88496  2.51327  -0.0627208  -0.235399
1.5708  1.88496  2.51327  -0.0598782  -0.301255
2.19911  1.88496  2.51327  -0.0563264  -0.338332
2.82743  1.88496  2.51327  -0.0524925  -0.357646
4.08407  1.88496  2.51327  -0.0449213  -0.366589
7.22566  1.88496  2.51327  -0.0298323  -0.328075
14.7655  1.88496  2.51327  -0.0125808  -0.222164
-16.6504  1.88496  3.14159  -0.0122794  0.203347
-7.22566  1.88496  3.14159  -0.0348832  0.328096
-5.34071  1.88496  3.14159  -0.0445272  0.356204
-4.08407  1.88496  3.14159  -0.0523232  0.366625
-2.82743  1.88496  3.14159  -0.0608469  0.357525
-2.19911  1.88496  3.14159  -0.065036  0.337957
-1.5708  1.88496  3.14159  -0.0687954  0.300382
-0.942478  1.88496  3.14159  -0.0716862  0.23352
-0.314159  1.88496  3.14159  -0.0732624  0.11488
0.314159  1.88496  3.14159  -0.0732625  -0.1149
0.942478  1.88496  3.14159  -0.0716864  -0.233539
1.5708  1.88496  3.14159  -0.0687958  -0.300401
2.19911  1.88496  3.14159  -0.0650366  -0.337975
2.82743  1.88496  3.14159  -0.0608478  -0.357543
4.08407  1.88496  3.14159  -0.0523238  -0.366642
7.22566  1.88496  3.14159  -0.0348852  -0.328116
14.7655  1.88496  3.14159  -0.0147288  -0.222163
-16.6504  1.88496  3.76991  -0.0104881  0.203351
-7.22566  1.88496  3.76991  -0.0298304  0.328055
-5.34071  1.88496  3.76991  -0.0381377  0.35614
-4.08407  1.88496  3.76991  -0.0449208  0.366573
-2.82743  1.88496  3.76991  -0.0524917  0.357629
-2.19911  1.88496  3.76991  -0.0563259  0.338314
-1.5708  1.88496  3.76991  -0.0598779  0.301237
-0.942478  1.88496  3.76991  -0.0627206  0.235381
-0.314159  1.88496  3.76991  -0.0643392  0.123581
0.314159  1.88496  3.76991  -0.0643394  -0.123601
0.942478  1.88496  3.76991  -0.0627208  -0.235399
1.5708  1.88496  3.76991  -0.0598782  -0.301255
2.19911  1.88496  3.76991  -0.0563264  -0.338332
2.82743  1.88496  3.76991  -0.0524925  -0.357646
4.08407  1.88496  3.76991  -0.0449213  -0.366589
7.22566  1.88496  3.76991  -0.0298323  -0.328075
14.7655  1.88496  3.76991  -0.0125808  -0.222164
-16.6504  1.88496  4.39823  -0.00578796  0.20335
-7.22566  1.88496  4.39823  -0.0165054  0.327933
-5.34071  1.88496  4.39823  -0.0211793  0.355978
-4.08407  1.88496  4.39823  -0.0250787  0.366472
-2.82743  1.88496  4.39823  -0.0296242  0.357972
-2.19911  1.88496  4.39823  -0.0320754  0.339374
-1.5708  1.88496  4.39823  -0.0345072  0.303959
-0.942478  1.88496  4.39823  -0.0366185  0.241673
-0.314159  1.88496  4.39823  -0.0379172  0.130671
0.314159  1.88496  4.39823  -0.0379174  -0.130689
0.942478  1.88496  4.39823  -0.0366187  -0.24169
1.5708  1.88496  4.39823  -0.0345075  -0.303975
2.19911  1.88496  4.39823  -0.0320758  -0.339389
2.82743  1.88496  4.39823  -0.0296248  -0.357987
4.08407  1.88496  4.39823  -0.0250788  -0.366486
7.22566  1.88496  4.39823  -0.0165071  -0.327951
14.7655  1.88496  4.39823  -0.00694365  -0.222154
-16.6504  1.88496  5.02655  2.47665e-06  0.203331
-7.22566  1.88496  5.02655  3.9672e-06  0.327767
-5.34071  1.88496  5.02655  6.50459e-07  0.355819
-4.08407  1.88496  5.02655  2.27523e-06  0.366486
-2.82743  1.88496  5.02655  3.27842e-06  0.358586
-2.19911  1.88496  5.02655  3.33953e-06  0.340591
-1.5708  1.88496  5.02655  3.46958e-06  0.306067
-0.942478  1.88496  5.02655  3.67344e-06  0.245457
-0.314159  1.88496  5.02655  4.08858e-06  0.145123
0.314159  1.88496  5.02655  3.9423e-06  -0.145139
0.942478  1.88496  5.02655  3.56265e-06  -0.245472
1.5708  1.88496  5.02655  3.33408e-06  -0.306081
2.19911  1.88496  5.02655  3.13284e-06  -0.340605
2.82743  1.88496  5.02655  2.94417e-06  -0.358599
4.08407  1.88496  5.02655  2.51989e-06  -0.366498
7.22566  1.88496  5.02655  2.6308e-06  -0.327782
14.7655  1.88496  5.02655  2.02657e-06  -0.222119
-16.6504  1.88496  5.65487  0.00465013  0.203301
-7.22566  1.88496  5.65487  0.0133068  0.327629
-5.34071  1.88496  5.65487  0.017169  0.355747
-4.08407  1.88496  5.65487  0.0204954  0.366677
-2.82743  1.88496  5.65487  0.0245402  0.35957
-2.19911  1.88496  5.65487  0.0268248  0.34232
-1.5708  1.88496  5.65487  0.0291984  0.308721
-0.942478  1.88496  5.65487  0.031406  0.248117
-0.314159  1.88496  5.65487  0.0328655  0.135851
0.314159  1.88496  5.65487  0.0328654  -0.135865
0.942478  1.88496  5.65487  0.0314059  -0.24813
1.5708  1.88496  5.65487  0.0291984  -0.308733
2.19911  1.88496  5.65487  0.0268247  -0.342332
2.82743  1.88496  5.65487  0.02454  -0.359581
4.08407  1.88496  5.65487  0.020496  -0.366688
7.22566  1.88496  5.65487  0.0133057  -0.327643
14.7655  1.88496  5.65487  0.00557683  -0.222075
-16.6504  1.88496  6.28319  0.00641417  0.203286
-7.22566  1.88496  6.28319  0.0183662  0.327573
-5.34071  1.88496  6.28319  0.0237179  0.355726
-4.08407  1.88496  6.28319  0.0283366  0.36678
-2.82743  1.88496  6.28319  0.0339513  0.360013
-2.19911  1.88496  6.28319  0.0371059  0.343008
-1.5708  1.88496  6.28319  0.0403527  0.309405
-0.942478  1.88496  6.28319  0.0433326  0.247528
-0.314159  1.88496  6.28319  0.0452377  0.135087
0.314159  1.88496  6.28319  0.0452376  -0.1351
0.942478  1.88496  6.28319  0.0433326  -0.247539
1.5708  1.88496  6.28319  0.0403527  -0.309416
2.19911  1.88496  6.28319  0.0371059  -0.343018
2.82743  1.88496  6.28319  0.0339512  -0.360023
4.08407  1.88496  6.28319  0.0283373  -0.366789
7.22566  1.88496  6.28319  0.0183652  -0.327586
14.7655  1.88496  6.28319  0.0076927  -0.222055
-16.6504  2.51327  0  0.00175817  0.203213
-7.22566  2.51327  0  0.00506456  0.327109
-5.34071  2.51327  0  0.00660104  0.355244
-4.08407  2.51327  0  0.00799813  0.366687
-2.82743  2.51327  0  0.00984012  0.361559
-2.19911  2.51327  0  0.0109818  0.346597
-1.5708  2.51327  0  0.0122838  0.316921
-0.942478  2.51327  0  0.0137051  0.26264
-0.314159  2.51327  0  0.0146812  0.157565
0.314159  2.51327  0  0.0146808  -0.15758
0.942478  2.51327  0  0.0137049  -0.262654
1.5708  2.51327  0  0.0122836  -0.316934
2.19911  2.51327  0  0.0109816  -0.346609
2.82743  2.51327  0  0.00983977  -0.361571
4.08407  2.51327  0  0.00799848  -0.366699
7.22566  2.51327  0  0.00506339  -0.327124
14.7655  2.51327  0  0.00210802  -0.221954
-16.6504  2.51327  0.628319  2.48082e-06  0.203238
-7.22566  2.51327  0.628319  3.9095e-06  0.327258
-5.34071  2.51327  0.628319  5.99608e-07  0.355392
-4.08407  2.51327  0.628319  2.27752e-06  0.366698
-2.82743  2.51327  0.628319  3.28738e-06  0.361014
-2.19911  2.51327  0.628319  3.35976e-06  0.345359
-1.5708  2.51327  0.628319  3.51543e-06  0.314334
-0.942478  2.51327  0.628319  3.75865e-06  0.257629
-0.314159  2.51327  0.628319  4.20103e-06  0.156149
0.314159  2.51327  0.628319  3.97483e-06  -0.156166
0.942478  2.51327  0.628319  3.5568e-06  -0.257644
1.5708  2.51327  0.628319  3.30356e-06  -0.314348
2.19911  2.51327  0.628319  3.08787e-06  -0.345372
2.82743  2.51327  0.628319  2.87165e-06  -0.361027
4.08407  2.51327  0.628319  2.50496e-06  -0.36671
7.22566  2.51327  0.628319  2.63053e-06  -0.327273
14.7655  2.51327  0.628319  2.02092e-06  -0.221991
-16.6504  2.51327  1.25664  -0.00464518  0.203296
-7.22566  2.51327  1.25664  -0.0132989  0.327628
-5.34071  2.51327  1.25664  -0.0171677  0.355746
-4.08407  2.51327  1.25664  -0.0204909  0.366676
-2.82743  2.51327  1.25664  -0.0245336  0.359568
-2.19911  2.51327  1.25664  -0.026818  0.342319
-1.5708  2.51327  1.25664  -0.0291914  0.308719
-0.942478  2.51327  1.25664  -0.0313985  0.248115
-0.314159  2.51327  1.25664  -0.0328574  0.135849
0.314159  2.51327  1.25664  -0.0328576  -0.135867
0.942478  2.51327  1.25664  -0.0313987  -0.248132
1.5708  2.51327  1.25664  -0.0291917  -0.308735
2.19911  2.51327  1.25664  -0.0268185  -0.342334
2.82743  2.51327  1.25664  -0.0245342  -0.359583
4.08407  2.51327  1.25664  -0.020491  -0.36669
7.22566  2.51327  1.25664  -0.0133005  -0.327645
14.7655  2.51327  1.25664  -0.00557279  -0.222077
-16.6504  2.51327  1.88496  -0.0104881  0.203351
-7.22566  2.51327  1.88496  -0.0298304  0.328055
-5.34071  2.51327  1.88496  -0.0381377  0.35614
-4.08407  2.51327  1.88496  -0.0449208  0.366573
-2.82743  2.51327  1.88496  -0.0524917  0.357629
-2.19911  2.51327  1.88496  -0.0563259  0.338314
-1.5708  2.51327  1.88496  -0.0598779  0.301237
-0.942478  2.51327  1.88496  -0.0627206  0.235381
-0.314159  2.51327  1.88496  -0.0643392  0.123581
0.314159  2.51327  1.88496  -0.0643394  -0.123601
0.942478  2.51327  1.88496  -0.0627208  -0.235399
1.5708  2.51327  1.88496  -0.0598782  -0.301255
2.19911  2.51327  1.88496  -0.0563264  -0.338332
2.82743  2.51327  1.88496  -0.0524925  -0.357646
4.08407  2.51327  1.88496  -0.0449213  -0.366589
7.22566  2.51327  1.88496  -0.0298323  -0.328075
14.7655  2.51327  1.88496  -0.0125808  -0.222164
-16.6504  2.51327  2.51327  -0.0152912  0.20338
-7.22566  2.51327  2.51327  -0.04326  0.328372
-5.34071  2.51327  2.51327  -0.0548775  0.356419
-4.08407  2.51327  2.51327  -0.0639502  0.366423
-2.82743  2.51327  2.51327  -0.0733273  0.355949
-2.19911  2.51327  2.51327  -0.0776271  0.335026
-1.5708  2.51327  2.51327  -0.0812385  0.295612
-0.942478  2.51327  2.51327  -0.0838057  0.227097
-0.314159  2.51327  2.51327  -0.085104  0.110071
0.314159  2.51327  2.51327  -0.0851042  -0.110092
0.942478  2.51327  2.51327  -0.0838059  -0.227118
1.5708  2.51327  2.51327  -0.0812389  -0.295632
2.19911  2.51327  2.51327  -0.0776277  -0.335046
2.82743  2.51327  2.51327  -0.0733282  -0.355968
4.08407  2.51327  2.51327  -0.0639511  -0.366441
7.22566  2.51327  2.51327  -0.0432622  -0.328393
14.7655  2.51327  2.51327  -0.0183411  -0.222217
-16.6504  2.51327  3.14159  -0.0171385  0.203386
-7.22566  2.51327  3.14159  -0.0483818  0.328479
-5.34071  2.51327  3.14159  -0.0611881  0.356504
-4.08407  2.51327  3.14159  -0.0710109  0.366329
-2.82743  2.51327  3.14159  -0.0808527  0.355224
-2.19911  2.51327  3.14159  -0.0851909  0.333607
-1.5708  2.51327  3.14159  -0.0887097  0.293051
-0.942478  2.51327  3.14159  -0.0911276  0.223124
-0.314159  2.51327  3.14159  -0.0923236  0.111483
0.314159  2.51327  3.14159  -0.0923237  -0.111505
0.942478  2.51327  3.14159  -0.0911278  -0.223145
1.5708  2.51327  3.14159  -0.0887101  -0.293071
2.19911  2.51327  3.14159  -0.0851915  -0.333627
2.82743  2.51327  3.14159  -0.0808536  -0.355243
4.08407  2.51327  3.14159  -0.0710118  -0.366348
7.22566  2.51327  3.14159  -0.0483841  -0.328501
14.7655  2.51327  3.14159  -0.0205563  -0.222231
-16.6504  2.51327  3.76991  -0.0152912  0.20338
-7.22566  2.51327  3.76991  -0.04326  0.328372
-5.34071  2.51327  3.76991  -0.0548775  0.356419
-4.08407  2.51327  3.76991  -0.0639502  0.366423
-2.82743  2.51327  3.76991  -0.0733273  0.355949
-2.19911  2.51327  3.76991  -0.0776271  0.335026
-1.5708  2.51327  3.76991  -0.0812385  0.295612
-0.942478  2.51327  3.76991  -0.0838057  0.227097
-0.314159  2.51327  3.76991  -0.085104  0.110071
0.314159  2.51327  3.76991  -0.0851042  -0.110092
0.942478  2.51327  3.76991  -0.0838059  -0.227118
1.5708  2.51327  3.76991  -0.0812389  -0.295632
2.19911  2.51327  3.76991  -0.0776277  -0.335046
2.82743  2.51327  3.76991  -0.0733282  -0.355968
4.08407  2.51327  3.76991  -0.0639511  -0.366441
7.22566  2.51327  3.76991  -0.0432622  -0.328393
14.7655  2.51327  3.76991  -0.0183411  -0.222217
-16.6504  2.51327  4.39823  -0.0104881  0.203351
-7.22566  2.51327  4.39823  -0.0298304  0.328055
-5.34071  2.51327  4.39823  -0.0381377  0.35614
-4.08407  2.51327  4.39823  -0.0449208  0.366573
-2.82743  2.51327  4.39823  -0.0524917  0.357629
-2.19911  2.51327  4.39823  -0.0563259  0.338314
-1.5708  2.51327  4.39823  -0.0598779  0.301237
-0.942478  2.51327  4.39823  -0.0627206  0.235381
-0.314159  2.51327  4.39823  -0.0643392  0.123581
0.314159  2.51327  4.39823  -0.0643394  -0.123601
0.942478  2.51327  4.39823  -0.0627208  -0.235399
1.5708  2.51327  4.39823  -0.0598782  -0.301255
2.19911  2.51327  4.39823  -0.0563264  -0.338332
2.82743  2.51327  4.39823  -0.0524925  -0.357646
4.08407  2.51327  4.39823  -0.0449213  -0.366589
7.22566  2.51327  4.39823  -0.0298323  -0.328075
14.7655  2.51327  4.39823  -0.0125808  -0.222164
-16.6504  2.51327  5.02655  -0.00464518  0.203296
-7.22566  2.51327  5.02655  -0.0132989  0.327628
-5.34071  2.51327  5.02655  -0.0171677  0.355746
-4.08407  2.51327  5.02655  -0.0204909  0.366676
-2.82743  2.51327  5.02655  -0.0245336  0.359568
-2.19911  2.51327  5.02655  -0.026818  0.342319
-1.5708  2.51327  5.02655  -0.0291914  0.308719
-0.942478  2.51327  5.02655  -0.0313985  0.248115
-0.314159  2.51327  5.02655  -0.0328574  0.135849
0.314159  2.51327  5.02655  -0.0328576  -0.135867
0.942478  2.51327  5.02655  -0.0313987  -0.248132
1.5708  2.51327  5.02655  -0.0291917  -0.308735
2.19911  2.51327  5.02655  -0.0268185  -0.342334
2.82743  2.51327  5.02655  -0.0245342  -0.359583
4.08407  2.51327  5.02655  -0.020491  -0.36669
7.22566  2.51327  5.02655  -0.0133005  -0.327645
14.7655  2.51327  5.02655  -0.00557279  -0.222077
-16.6504  2.51327  5.65487  2.48082e-06  0.203238
-7.22566  2.51327  5.65487  3.9095e-06  0.327258
-5.34071  2.51327  5.65487  5.99608e-07  0.355392
-4.08407  2.51327  5.65487  2.27752e-06  0.366698
-2.82743  2.51327  5.65487  3.28738e-06  0.361014
-2.19911  2.51327  5.65487  3.35976e-06  0.345359
-1.5708  2.51327  5.65487  3.51543e-06  0.314334
-0.942478  2.51327  5.65487  3.75865e-06  0.257629
-0.314159  2.51327  5.65487  4.20103e-06  0.156149
0.314159  2.51327  5.65487  3.97483e-06  -0.156166
0.942478  2.51327  5.65487  3.5568e-06  -0.257644
1.5708  2.51327  5.65487  3.30356e-06  -0.314348
2.19911  2.51327  5.65487  3.08787e-06  -0.345372
2.82743  2.51327  5.65487  2.87165e-06  -0.361027
4.08407  2.51327  5.65487  2.50496e-06  -0.36671
7.22566  2.51327  5.65487  2.63053e-06  -0.327273
14.7655  2.51327  5.65487  2.02092e-06  -0.221991
-16.6504  2.51327  6.28319  0.00175817  0.203213
-7.22566  2.51327  6.28319  0.00506456  0.327109
-5.34071  2.51327  6.28319  0.00660104  0.355244
-4.08407  2.51327  6.28319  0.00799813  0.366687
-2.82743  2.51327  6.28319  0.00984012  0.361559
-2.19911  2.51327  6.28319  0.0109818  0.346597
-1.5708  2.51327  6.28319  0.0122838  0.316921
-0.942478  2.51327  6.28319  0.0137051  0.26264
-0.314159  2.51327  6.28319  0.0146812  0.157565
0.314159  2.51327  6.28319  0.0146808  -0.15758
0.942478  2.51327  6.28319  0.0137049  -0.262654
1.5708  2.51327  6.28319  0.0122836  -0.316934
2.19911  2.51327  6.28319  0.0109816  -0.346609
2.82743  2.51327  6.28319  0.00983977  -0.361571
4.08407  2.51327  6.28319  0.00799848  -0.366699
7.22566  2.51327  6.28319  0.00506339  -0.327124
14.7655  2.51327  6.28319  0.00210802  -0.221954
-16.6504  3.14159  0  2.4821e-06  0.203182
-7.22566  3.14159  0  3.87779e-06  0.326923
-5.34071  3.14159  0  5.66358e-07  0.355035
-4.08407  3.14159  0  2.26645e-06  0.366591
-2.82743  3.14159  0  3.27096e-06  0.361981
-2.19911  3.14159  0  3.3404e-06  0.347665
-1.5708  3.14159  0  3.49897e-06  0.319205
-0.942478  3.14159  0  3.76558e-06  0.267621
-0.314159  3.14159  0  4.32978e-06  0.176745
0.314159  3.14159  0  4.0625e-06  -0.176761
0.942478  3.14159  0  3.5419e-06  -0.267636
1.5708  3.14159  0  3.27459e-06  -0.319219
2.19911  3.14159  0  3.05447e-06  -0.347679
2.82743  3.14159  0  2.82729e-06  -0.361993
4.08407  3.14159  0  2.50462e-06  -0.366603
7.22566  3.14159  0  2.63253e-06  -0.326938
14.7655  3.14159  0  2.01415e-06  -0.221912
-16.6504  3.14159  0.628319  -0.00175321  0.203211
-7.22566  3.14159  0.628319  -0.00505677  0.327108
-5.34071  3.14159  0.628319  -0.00659986  0.355244
-4.08407  3.14159  0.628319  -0.00799359  0.366687
-2.82743  3.14159  0.628319  -0.00983355  0.361559
-2.19911  3.14159  0.628319  -0.0109751  0.346596
-1.5708  3.14159  0.628319  -0.0122767  0.31692
-0.942478  3.14159  0.628319  -0.0136975  0.262639
-0.314159  3.14159  0.628319  -0.0146726  0.157564
0.314159  3.14159  0.628319  -0.014673  -0.157581
0.942478  3.14159  0.628319  -0.0136978  -0.262655
1.5708  3.14159  0.628319  -0.012277  -0.316934
2.19911  3.14159  0.628319  -0.0109755  -0.34661
2.82743  3.14159  0.628319  -0.00983408  -0.361572
4.08407  3.14159  0.628319  -0.00799347  -0.3667
7.22566  3.14159  0.628319  -0.00505813  -0.327125
14.7655  3.14159  0.628319  -0.00210398  -0.221955
-16.6504  3.14159  1.25664  -0.00640922  0.203279
-7.22566  3.14159  1.25664  -0.0183583  0.327571
-5.34071  3.14159  1.25664  -0.0237166  0.355724
-4.08407  3.14159  1.25664  -0.0283321  0.366777
-2.82743  3.14159  1.25664  -0.0339447  0.36001
-2.19911  3.14159  1.25664  -0.0370991  0.343005
-1.5708  3.14159  1.25664  -0.0403456  0.309403
-0.942478  3.14159  1.25664  -0.0433251  0.247525
-0.314159  3.14159  1.25664  -0.0452296  0.135084
0.314159  3.14159  1.25664  -0.0452298  -0.135103
0.942478  3.14159  1.25664  -0.0433254  -0.247542
1.5708  3.14159  1.25664  -0.040346  -0.309419
2.19911  3.14159  1.25664  -0.0370996  -0.343021
2.82743  3.14159  1.25664  -0.0339454  -0.360026
4.08407  3.14159  1.25664  -0.0283323  -0.366792
7.22566  3.14159  1.25664  -0.01836  -0.327589
14.7655  3.14159  1.25664  -0.00768866  -0.222056
-16.6504  3.14159  1.88496  -0.0122794  0.203347
-7.22566  3.14159  1.88496  -0.0348832  0.328096
-5.34071  3.14159  1.88496  -0.0445272  0.356204
-4.08407  3.14159  1.88496  -0.0523232  0.366625
-2.82743  3.14159  1.88496  -0.0608469  0.357525
-2.19911  3.14159  1.88496  -0.065036  0.337957
-1.5708  3.14159  1.88496  -0.0687954  0.300382
-0.942478  3.14159  1.88496  -0.0716862  0.23352
-0.314159  3.14159  1.88496  -0.0732624  0.11488
0.314159  3.14159  1.88496  -0.0732625  -0.1149
0.942478  3.14159  1.88496  -0.0716864  -0.233539
1.5708  3.14159  1.88496  -0.0687958  -0.300401
2.19911  3.14159  1.88496  -0.0650366  -0.337975
2.82743  3.14159  1.88496  -0.0608478  -0.357543
4.08407  3.14159  1.88496  -0.0523238  -0.366642
7.22566  3.14159  1.88496  -0.0348852  -0.328116
14.7655  3.14159  1.88496  -0.0147288  -0.222163
-16.6504  3.14159  2.51327  -0.0171385  0.203386
-7.22566  3.14159  2.51327  -0.0483818  0.328479
-5.34071  3.14159  2.51327  -0.0611881  0.356504
-4.08407  3.14159  2.51327  -0.0710109  0.366329
-2.82743  3.14159  2.51327  -0.0808527  0.355224
-2.19911  3.14159  2.51327  -0.0851909  0.333607
-1.5708  3.14159  2.51327  -0.0887097  0.293051
-0.942478  3.14159  2.51327  -0.0911276  0.223124
-0.314159  3.14159  2.51327  -0.0923236  0.111483
0.314159  3.14159  2.51327  -0.0923237  -0.111505
0.942478  3.14159  2.51327  -0.0911278  -0.223145
1.5708  3.14159  2.51327  -0.0887101  -0.293071
2.19911  3.14159  2.51327  -0.0851915  -0.333627
2.82743  3.14159  2.51327  -0.0808536  -0.355243
4.08407  3.14159  2.51327  -0.0710118  -0.366348
7.22566  3.14159  2.51327  -0.0483841  -0.328501
14.7655  3.14159  2.51327  -0.0205563  -0.222231
-16.6504  3.14159  3.14159  -0.0190273  0.203396
-7.22566  3.14159  3.14159  -0.053597  0.32861
-5.34071  3.14159  3.14159  -0.0675573  0.356592
-4.08407  3.14159  3.14159  -0.0780567  0.366174
-2.82743  3.14159  3.14159  -0.0882457  0.354318
-2.19911  3.14159  3.14159  -0.0925706  0.332031
-1.5708  3.14159  3.14159  -0.0959732  0.29076
-0.942478  3.14159  3.14159  -0.0982501  0.2206
-0.314159  3.14159  3.14159  -0.099362  0.105369
0.314159  3.14159  3.14159  -0.0993621  -0.105391
0.942478  3.14159  3.14159  -0.0982503  -0.220622
1.5708  3.14159  3.14159  -0.0959736  -0.290782
2.19911  3.14159  3.14159  -0.0925713  -0.332052
2.82743  3.14159  3.14159  -0.0882467  -0.354339
4.08407  3.14159  3.14159  -0.0780578  -0.366194
7.22566  3.14159  3.14159  -0.0535993  -0.328632
14.7655  3.14159  3.14159  -0.0228219  -0.222251
-16.6504  3.14159  3.76991  -0.0171385  0.203386
-7.22566  3.14159  3.76991  -0.0483818  0.328479
-5.34071  3.14159  3.76991  -0.0611881  0.356504
-4.08407  3.14159  3.76991  -0.0710109  0.366329
-2.82743  3.14159  3.76991  -0.0808527  0.355224
-2.19911  3.14159  3.76991  -0.0851909  0.333607
-1.5708  3.14159  3.76991  -0.0887097  0.293051
-0.942478  3.14159  3.76991  -0.0911276  0.223124
-0.314159  3.14159  3.76991  -0.0923236  0.111483
0.314159  3.14159  3.76991  -0.0923237  -0.111505
0.942478  3.14159  3.76991  -0.0911278  -0.223145
1.5708  3.14159  3.76991  -0.0887101  -0.293071
2.19911  3.14159  3.76991  -0.0851915  -0.333627
2.82743  3.14159  3.76991  -0.0808536  -0.355243
4.08407  3.14159  3.76991  -0.0710118  -0.366348
7.22566  3.14159  3.76991  -0.0483841  -0.328501
14.7655  3.14159  3.76991  -0.0205563  -0.222231
-16.6504  3.14159  4.39823  -0.0122794  0.203347
-7.22566  3.14159  4.39823  -0.0348832  0.328096
-5.34071  3.14159  4.39823  -0.0445272  0.356204
-4.08407  3.14159  4.39823  -0.0523232  0.366625
-2.82743  3.14159  4.39823  -0.0608469  0.357525
-2.19911  3.14159  4.39823  -0.065036  0.337957
-1.5708  3.14159  4.39823  -0.0687954  0.300382
-0.942478  3.14159  4.39823  -0.0716862  0.23352
-0.314159  3.14159  4.39823  -0.0732624  0.11488
0.314159  3.14159  4.39823  -0.0732625  -0.1149
0.942478  3.14159  4.39823  -0.0716864  -0.233539
1.5708  3.14159  4.39823  -0.0687958  -0.300401
2.19911  3.14159  4.39823  -0.0650366  -0.337975
2.82743  3.14159  4.39823  -0.0608478  -0.357543
4.08407  3.14159  4.39823  -0.0523238  -0.366642
7.22566  3.14159  4.39823  -0.0348852  -0.328116
14.7655  3.14159  4.39823  -0.0147288  -0.222163
-16.6504  3.14159  5.02655  -0.00640922  0.203279
-7.22566  3.14159  5.02655  -0.0183583  0.327571
-5.34071  3.14159  5.02655  -0.0237166  0.355724
-4.08407  3.14159  5.02655  -0.0283321  0.366777
-2.82743  3.14159  5.02655  -0.0339447  0.36001
-2.19911  3.14159  5.02655  -0.0370991  0.343005
-1.5708  3.14159  5.02655  -0.0403456  0.309403
-0.942478  3.14159  5.02655  -0.0433251  0.247525
-0.314159  3.14159  5.02655  -0.0452296  0.135084
0.314159  3.14159  5.02655  -0.0452298  -0.135103
0.942478  3.14159  5.02655  -0.0433254  -0.247542
1.5708  3.14159  5.02655  -0.040346  -0.309419
2.19911  3.14159  5.02655  -0.0370996  -0.343021
2.82743  3.14159  5.02655  -0.0339454  -0.360026
4.08407  3.14159  5.02655  -0.0283323  -0.366792
7.22566  3.14159  5.02655  -0.01836  -0.327589
14.7655  3.14159  5.02655  -0.00768866  -0.222056
-16.6504  3.14159  5.65487  -0.00175321  0.203211
-7.22566  3.14159  5.65487  -0.00505677  0.327108
-5.34071  3.14159  5.65487  -0.00659986  0.355244
-4.08407  3.14159  5.65487  -0.00799359  0.366687
-2.82743  3.14159  5.65487  -0.00983355  0.361559
-2.19911  3.14159  5.65487  -0.0109751  0.346596
-1.5708  3.14159  5.65487  -0.0122767  0.31692
-0.942478  3.14159  5.65487  -0.0136975  0.262639
-0.314159  3.14159  5.65487  -0.0146726  0.157564
0.314159  3.14159  5.65487  -0.014673  -0.157581
0.942478  3.14159  5.65487  -0.0136978  -0.262655
1.5708  3.14159  5.65487  -0.012277  -0.316934
2.19911  3.14159  5.65487  -0.0109755  -0.34661
2.82743  3.14159  5.65487  -0.00983408  -0.361572
4.08407  3.14159  5.65487  -0.00799347  -0.3667
7.22566  3.14159  5.65487  -0.00505813  -0.327125
14.7655  3.14159  5.65487  -0.00210398  -0.221955
-16.6504  3.14159  6.28319  2.4821e-06  0.203182
-7.22566  3.14159  6.28319  3.87779e-06  0.326923
-5.34071  3.14159  6.28319  5.66358e-07  0.355035
-4.08407  3.14159  6.28319  2.26645e-06  0.366591
-2.82743  3.14159  6.28319  3.27096e-06  0.361981
-2.19911  3.14159  6.28319  3.3404e-06  0.347665
-1.5708  3.14159  6.28319  3.49897e-06  0.319205
-0.942478  3.14159  6.28319  3.76558e-06  0.267621
-0.314159  3.14159  6.28319  4.32978e-06  0.176745
0.314159  3.14159  6.28319  4.0625e-06  -0.176761
0.942478  3.14159  6.28319  3.5419e-06  -0.267636
1.5708  3.14159  6.28319  3.27459e-06  -0.319219
2.19911  3.14159  6.28319  3.05447e-06  -0.347679
2.82743  3.14159  6.28319  2.82729e-06  -0.361993
4.08407  3.14159  6.28319  2.50462e-06  -0.366603
7.22566  3.14159  6.28319  2.63253e-06  -0.326938
14.7655  3.14159  6.28319  2.01415e-06  -0.221912
-16.6504  3.76991  0  0.00175817  0.203213
-7.22566  3.76991  0  0.00506456  0.327109
-5.34071  3.76991  0  0.00660104  0.355244
-4.08407  3.76991  0  0.00799813  0.366687
-2.82743  3.76991  0  0.00984012  0.361559
-2.19911  3.76991  0  0.0109818  0.346597
-1.5708  3.76991  0  0.0122838  0.316921
-0.942478  3.76991  0  0.0137051  0.26264
-0.314159  3.76991  0  0.0146812  0.157565
0.314159  3.76991  0  0.0146808  -0.15758
0.942478  3.76991  0  0.0137049  -0.262654
1.5708  3.76991  0  0.0122836  -0.316934
2.19911  3.76991  0  0.0109816  -0.346609
2.82743  3.76991  0  0.00983977  -0.361571
4.08407  3.76991  0  0.00799848  -0.366699
7.22566  3.76991  0  0.00506339  -0.327124
14.7655  3.76991  0  0.00210802  -0.221954
-16.6504  3.76991  0.628319  2.48082e-06  0.203238
-7.22566  3.76991  0.628319  3.9095e-06  0.327258
-5.34071  3.76991  0.628319  5.99608e-07  0.355392
-4.08407  3.76991  0.628319  2.27752e-06  0.366698
-2.82743  3.76991  0.628319  3.28738e-06  0.361014
-2.19911  3.76991  0.628319  3.35976e-06  0.345359
-1.5708  3.76991  0.628319  3.51543e-06  0.314334
-0.942478  3.76991  0.628319  3.75865e-06  0.257629
-0.314159  3.76991  0.628319  4.20103e-06  0.156149
0.314159  3.76991  0.628319  3.97483e-06  -0.156166
0.942478  3.76991  0.628319  3.5568e-06  -0.257644
1.5708  3.76991  0.628319  3.30356e-06  -0.314348
2.19911  3.76991  0.628319  3.08787e-06  -0.345372
2.82743  3.76991  0.628319  2.87165e-06  -0.361027
4.08407  3.76991  0.628319  2.50496e-06  -0.36671
7.22566  3.76991  0.628319  2.63053e-06  -0.327273
14.7655  3.76991  0.628319  2.02092e-06  -0.221991
-16.6504  3.76991  1.25664  -0.00464518  0.203296
-7.22566  3.76991  1.25664  -0.0132989  0.327628
-5.34071  3.76991  1.25664  -0.0171677  0.355746
-4.08407  3.76991  1.25664  -0.0204909  0.366676
-2.82743  3.76991  1.25664  -0.0245336  0.359568
-2.19911  3.76991  1.25664  -0.026818  0.342319
-1.5708  3.76991  1.25664  -0.0291914  0.308719
-0.942478  3.76991  1.25664  -0.0313985  0.248115
-0.314159  3.76991  1.25664  -0.0328574  0.135849
0.314159  3.76991  1.25664  -0.0328576  -0.135867
0.942478  3.76991  1.25664  -0.0313987  -0.248132
1.5708  3.76991  1.25664  -0.0291917  -0.308735
2.19911  3.76991  1.25664  -0.0268185  -0.342334
2.82743  3.76991  1.25664  -0.0245342  -0.359583
4.08407  3.76991  1.25664  -0.020491  -0.36669
7.22566  3.76991  1.25664  -0.0133005  -0.327645
14.7655  3.76991  1.25664  -0.00557279  -0.222077
-16.6504  3.76991  1.88496  -0.0104881  0.203351
-7.22566  3.76991  1.88496  -0.0298304  0.328055
-5.34071  3.76991  1.88496  -0.0381377  0.35614
-4.08407  3.76991  1.88496  -0.0449208  0.366573
-2.82743  3.76991  1.88496  -0.0524917  0.357629
-2.19911  3.76991  1.88496  -0.0563259  0.338314
-1.5708  3.76991  1.88496  -0.0598779  0.301237
-0.942478  3.76991  1.88496  -0.0627206  0.235381
-0.314159  3.76991  1.88496  -0.0643392  0.123581
0.314159  3.76991  1.88496  -0.0643394  -0.123601
0.942478  3.76991  1.88496  -0.0627208  -0.235399
1.5708  3.76991  1.88496  -0.0598782  -0.301255
2.19911  3.76991  1.88496  -0.0563264  -0.338332
2.82743  3.76991  1.88496  -0.0524925  -0.357646
4.08407  3.76991  1.88496  -0.0449213  -0.366589
7.22566  3.76991  1.88496  -0.0298323  -0.328075
14.7655  3.76991  1.88496  -0.0125808  -0.222164
-16.6504  3.76991  2.51327  -0.0152912  0.20338
-7.22566  3.76991  2.51327  -0.04326  0.328372
-5.34071  3.76991  2.51327  -0.0548775  0.356419
-4.08407  3.76991  2.51327  -0.0639502  0.366423
-2.82743  3.76991  2.51327  -0.0733273  0.355949
-2.19911  3.76991  2.51327  -0.0776271  0.335026
-1.5708  3.76991  2.51327  -0.0812385  0.295612
-0.942478  3.76991  2.51327  -0.0838057  0.227097
-0.314159  3.76991  2.51327  -0.085104  0.110071
0.314159  3.76991  2.51327  -0.0851042  -0.110092
0.942478  3.76991  2.51327  -0.0838059  -0.227118
1.5708  3.76991  2.51327  -0.0812389  -0.295632
2.19911  3.76991  2.51327  -0.0776277  -0.335046
2.82743  3.76991  2.51327  -0.0733282  -0.355968
4.08407  3.76991  2.51327  -0.0639511  -0.366441
7.22566  3.76991  2.51327  -0.0432622  -0.328393
14.7655  3.76991  2.51327  -0.0183411  -0.222217
-16.6504  3.76991  3.14159  -0.0171385  0.203386
-7.22566  3.76991  3.14159  -0.0483818  0.328479
-5.34071  3.76991  3.14159  -0.0611881  0.356504
-4.08407  3.76991  3.14159  -0.0710109  0.366329
-2.82743  3.76991  3.14159  -0.0808527  0.355224
-2.19911  3.76991  3.14159  -0.0851909  0.333607
-1.5708  3.76991  3.14159  -0.0887097  0.293051
-0.942478  3.76991  3.14159  -0.0911276  0.223124
-0.314159  3.76991  3.14159  -0.0923236  0.111483
0.314159  3.76991  3.14159  -0.0923237  -0.111505
0.942478  3.76991  3.14159  -0.0911278  -0.223145
1.5708  3.76991  3.14159  -0.0887101  -0.293071
2.19911  3.76991  3.14159  -0.0851915  -0.333627
2.82743  3.76991  3.14159  -0.0808536  -0.355243
4.08407  3.76991  3.14159  -0.0710118  -0.366348
7.22566  3.76991  3.14159  -0.0483841  -0.328501
14.7655  3.76991  3.14159  -0.0205563  -0.222231
-16.6504  3.76991  3.76991  -0.0152912  0.20338
-7.22566  3.76991  3.76991  -0.04326  0.328372
-5.34071  3.76991  3.76991  -0.0548775  0.356419
-4.08407  3.76991  3.76991  -0.0639502  0.366423
-2.82743  3.76991  3.76991  -0.0733273  0.355949
-2.19911  3.76991  3.76991  -0.0776271  0.335026
-1.5708  3.76991  3.76991  -0.0812385  0.295612
-0.942478  3.76991  3.76991  -0.0838057  0.227097
-0.314159  3.76991  3.76991  -0.085104  0.110071
0.314159  3.76991  3.76991  -0.0851042  -0.110092
0.942478  3.76991  3.76991  -0.0838059  -0.227118
1.5708  3.76991  3.76991  -0.0812389  -0.295632
2.19911  3.76991  3.76991  -0.0776277  -0.335046
2.82743  3.76991  3.76991  -0.0733282  -0.355968
4.08407  3.76991  3.76991  -0.0639511  -0.366441
7.22566  3.76991  3.76991  -0.0432622  -0.328393
14.7655  3.76991  3.76991  -0.0183411  -0.222217
-16.6504  3.76991  4.39823  -0.0104881  0.203351
-7.22566  3.76991  4.39823  -0.0298304  0.328055
-5.34071  3.76991  4.39823  -0.0381377  0.35614
-4.08407  3.76991  4.39823  -0.0449208  0.366573
-2.82743  3.76991  4.39823  -0.0524917  0.357629
-2.19911  3.76991  4.39823  -0.0563259  0.338314
-1.5708  3.76991  4.39823  -0.0598779  0.301237
-0.942478  3.76991  4.39823  -0.0627206  0.235381
-0.314159  3.76991  4.39823  -0.0643392  0.123581
0.314159  3.76991  4.39823  -0.0643394  -0.123601
0.942478  3.76991  4.39823  -0.0627208  -0.235399
1.5708  3.76991  4.39823  -0.0598782  -0.301255
2.19911  3.76991  4.39823  -0.0563264  -0.338332
2.82743  3.76991  4.39823  -0.0524925  -0.357646
4.08407  3.76991  4.39823  -0.0449213  -0.366589
7.22566  3.76991  4.39823  -0.0298323  -0.328075
14.7655  3.76991  4.39823  -0.0125808  -0.222164
-16.6504  3.76991  5.02655  -0.00464518  0.203296
-7.22566  3.76991  5.02655  -0.0132989  0.327628
-5.34071  3.76991  5.02655  -0.0171677  0.355746
-4.08407  3.76991  5.02655  -0.0204909  0.366676
-2.82743  3.76991  5.02655  -0.0245336  0.359568
-2.19911  3.76991  5.02655  -0.026818  0.342319
-1.5708  3.76991  5.02655  -0.0291914  0.308719
-0.942478  3.76991  5.02655  -0.0313985  0.248115
-0.314159  3.76991  5.02655  -0.0328574  0.135849
0.314159  3.76991  5.02655  -0.0328576  -0.135867
0.942478  3.76991  5.02655  -0.0313987  -0.248132
1.5708  3.76991  5.02655  -0.0291917  -0.308735
2.19911  3.76991  5.02655  -0.0268185  -0.342334
2.82743  3.76991  5.02655  -0.0245342  -0.359583
4.08407  3.76991  5.02655  -0.020491  -0.36669
7.22566  3.76991  5.02655  -0.0133005  -0.327645
14.7655  3.76991  5.02655  -0.00557279  -0.222077
-16.6504  3.76991  5.65487  2.48082e-06  0.203238
-7.22566  3.76991  5.65487  3.9095e-06  0.327258
-5.34071  3.76991  5.65487  5.99608e-07  0.355392
-4.08407  3.76991  5.65487  2.27752e-06  0.366698
-2.82743  3.76991  5.65487  3.28738e-06  0.361014
-2.19911  3.76991  5.65487  3.35976e-06  0.345359
-1.5708  3.76991  5.65487  3.51543e-06  0.314334
-0.942478  3.76991  5.65487  3.75865e-06  0.257629
-0.314159  3.76991  5.65487  4.20103e-06  0.156149
0.314159  3.76991  5.65487  3.97483e-06  -0.156166
0.942478  3.76991  5.65487  3.5568e-06  -0.257644
1.5708  3.76991  5.65487  3.30356e-06  -0.314348
2.19911  3.76991  5.65487  3.08787e-06  -0.345372
2.82743  3.76991  5.65487  2.87165e-06  -0.361027
4.08407  3.76991  5.65487  2.50496e-06  -0.36671
7.22566  3.76991  5.65487  2.63053e-06  -0.327273
14.7655  3.76991  5.65487  2.02092e-06  -0.221991
-16.6504  3.76991  6.28319  0.00175817  0.203213
-7.22566  3.76991  6.28319  0.00506456  0.327109
-5.34071  3.76991  6.28319  0.00660104  0.355244
-4.08407  3.76991  6.28319  0.00799813  0.366687
-2.82743  3.76991  6.28319  0.00984012  0.361559
-2.19911  3.76991  6.28319  0.0109818  0.346597
-1.5708  3.76991  6.28319  0.0122838  0.316921
-0.942478  3.76991  6.28319  0.0137051  0.26264
-0.314159  3.76991  6.28319  0.0146812  0.157565
0.314159  3.76991  6.28319  0.0146808  -0.15758
0.942478  3.76991  6.28319  0.0137049  -0.262654
1.5708  3.76991  6.28319  0.0122836  -0.316934
2.19911  3.76991  6.28319  0.0109816  -0.346609
2.82743  3.76991  6.28319  0.00983977  -0.361571
4.08407  3.76991  6.28319  0.00799848  -0.366699
7.22566  3.76991  6.28319  0.00506339  -0.327124
14.7655  3.76991  6.28319  0.00210802  -0.221954
-16.6504  4.39823  0  0.00641417  0.203286
-7.22566  4.39823  0  0.0183662  0.327573
-5.34071  4.39823  0  0.0237179  0.355726
-4.08407  4.39823  0  0.0283366  0.36678
-2.82743  4.39823  0  0.0339513  0.360013
-2.19911  4.39823  0  0.0371059  0.343008
-1.5708  4.39823  0  0.0403527  0.309405
-0.942478  4.39823  0  0.0433326  0.247528
-0.314159  4.39823  0  0.0452377  0.135087
0.314159  4.39823  0  0.0452376  -0.1351
0.942478  4.39823  0  0.0433326  -0.247539
1.5708  4.39823  0  0.0403527  -0.309416
2.19911  4.39823  0  0.0371059  -0.343018
2.82743  4.39823  0  0.0339512  -0.360023
4.08407  4.39823  0  0.0283373  -0.366789
7.22566  4.39823  0  0.0183652  -0.327586
14.7655  4.39823  0  0.0076927  -0.222055
-16.6504  4.39823  0.628319  0.00465013  0.203301
-7.22566  4.39823  0.628319  0.0133068  0.327629
-5.34071  4.39823  0.628319  0.017169  0.355747
-4.08407  4.39823  0.628319  0.0204954  0.366677
-2.82743  4.39823  0.628319  0.0245402  0.35957
-2.19911  4.39823  0.628319  0.0268248  0.34232
-1.5708  4.39823  0.628319  0.0291984  0.308721
-0.942478  4.39823  0.628319  0.031406  0.248117
-0.314159  4.39823  0.628319  0.0328655  0.135851
0.314159  4.39823  0.628319  0.0328654  -0.135865
0.942478  4.39823  0.628319  0.0314059  -0.24813
1.5708  4.39823  0.628319  0.0291984  -0.308733
2.19911  4.39823  0.628319  0.0268247  -0.342332
2.82743  4.39823  0.628319  0.02454  -0.359581
4.08407  4.39823  0.628319  0.020496  -0.366688
7.22566  4.39823  0.628319  0.0133057  -0.327643
14.7655  4.39823  0.628319  0.00557683  -0.222075
-16.6504  4.39823  1.25664  2.47665e-06  0.203331
-7.22566  4.39823  1.25664  3.9672e-06  0.327767
-5.34071  4.39823  1.25664  6.50459e-07  0.355819
-4.08407  4.39823  1.25664  2.27523e-06  0.366486
-2.82743  4.39823  1.25664  3.27842e-06  0.358586
-2.19911  4.39823  1.25664  3.33953e-06  0.340591
-1.5708  4.39823  1.25664  3.46958e-06  0.306067
-0.942478  4.39823  1.25664  3.67344e-06  0.245457
-0.314159  4.39823  1.25664  4.08858e-06  0.145123
0.314159  4.39823  1.25664  3.9423e-06  -0.145139
0.942478  4.39823  1.25664  3.56265e-06  -0.245472
1.5708  4.39823  1.25664  3.33408e-06  -0.306081
2.19911  4.39823  1.25664  3.13284e-06  -0.340605
2.82743  4.39823  1.25664  2.94417e-06  -0.358599
4.08407  4.39823  1.25664  2.51989e-06  -0.366498
7.22566  4.39823  1.25664  2.6308e-06  -0.327782
14.7655  4.39823  1.25664  2.02657e-06  -0.222119
-16.6504  4.39823  1.88496  -0.00578796  0.20335
-7.22566  4.39823  1.88496  -0.0165054  0.327933
-5.34071  4.39823  1.88496  -0.0211793  0.355978
-4.08407  4.39823  1.88496  -0.0250787  0.366472
-2.82743  4.39823  1.88496  -0.0296242  0.357972
-2.19911  4.39823  1.88496  -0.0320754  0.339374
-1.5708  4.39823  1.88496  -0.0345072  0.303959
-0.942478  4.39823  1.88496  -0.0366185  0.241673
-0.314159  4.39823  1.88496  -0.0379172  0.130671
0.314159  4.39823  1.88496  -0.0379174  -0.130689
0.942478  4.39823  1.88496  -0.0366187  -0.24169
1.5708  4.39823  1.88496  -0.0345075  -0.303975
2.19911  4.39823  1.88496  -0.0320758  -0.339389
2.82743  4.39823  1.88496  -0.0296248  -0.357987
4.08407  4.39823  1.88496  -0.0250788  -0.366486
7.22566  4.39823  1.88496  -0.0165071  -0.327951
14.7655  4.39823  1.88496  -0.00694365  -0.222154
-16.6504  4.39823  2.51327  -0.0104881  0.203351
-7.22566  4.39823  2.51327  -0.0298304  0.328055
-5.34071  4.39823  2.51327  -0.0381377  0.35614
-4.08407  4.39823  2.51327  -0.0449208  0.366573
-2.82743  4.39823  2.51327  -0.0524917  0.357629
-2.19911  4.39823  2.51327  -0.0563259  0.338314
-1.5708  4.39823  2.51327  -0.0598779  0.301237
-0.942478  4.39823  2.51327  -0.0627206  0.235381
-0.314159  4.39823  2.51327  -0.0643392  0.123581
0.314159  4.39823  2.51327  -0.0643394  -0.123601
0.942478  4.39823  2.51327  -0.0627208  -0.235399
1.5708  4.39823  2.51327  -0.0598782  -0.301255
2.19911  4.39823  2.51327  -0.0563264  -0.338332
2.82743  4.39823  2.51327  -0.0524925  -0.357646
4.08407  4.39823  2.51327  -0.0449213  -0.366589
7.22566  4.39823  2.51327  -0.0298323  -0.328075
14.7655  4.39823  2.51327  -0.0125808  -0.222164
-16.6504  4.39823  3.14159  -0.0122794  0.203347
-7.22566  4.39823  3.14159  -0.0348832  0.328096
-5.34071  4.39823  3.14159  -0.0445272  0.356204
-4.08407  4.39823  3.14159  -0.0523232  0.366625
-2.82743  4.39823  3.14159  -0.0608469  0.357525
-2.19911  4.39823  3.14159  -0.065036  0.337957
-1.5708  4.39823  3.14159  -0.0687954  0.300382
-0.942478  4.39823  3.14159  -0.0716862  0.23352
-0.314159  4.39823  3.14159  -0.0732624  0.11488
0.314159  4.39823  3.14159  -0.0732625  -0.1149
0.942478  4.39823  3.14159  -0.0716864  -0.233539
1.5708  4.39823  3.14159  -0.0687958  -0.300401
2.19911  4.39823  3.14159  -0.0650366  -0.337975
2.82743  4.39823  3.14159  -0.0608478  -0.357543
4.08407  4.39823  3.14159  -0.0523238  -0.366642
7.22566  4.39823  3.14159  -0.0348852  -0.328116
14.7655  4.39823  3.14159  -0.0147288  -0.222163
-16.6504  4.39823  3.76991  -0.0104881  0.203351
-7.22566  4.39823  3.76991  -0.0298304  0.328055
-5.34071  4.39823  3.76991  -0.0381377  0.35614
-4.08407  4.39823  3.76991  -0.0449208  0.366573
-2.82743  4.39823  3.76991  -0.0524917  0.357629
-2.19911  4.39823  3.76991  -0.0563259  0.338314
-1.5708  4.39823  3.76991  -0.0598779  0.301237
-0.942478  4.39823  3.76991  -0.0627206  0.235381
-0.314159  4.39823  3.76991  -0.0643392  0.123581
0.314159  4.39823  3.76991  -0.0643394  -0.123601
0.942478  4.39823  3.76991  -0.0627208  -0.235399
1.5708  4.39823  3.76991  -0.0598782  -0.301255
2.19911  4.39823  3.76991  -0.0563264  -0.338332
2.82743  4.39823  3.76991  -0.0524925  -0.357646
4.08407  4.39823  3.76991  -0.0449213  -0.366589
7.22566  4.39823  3.76991  -0.0298323  -0.328075
14.7655  4.39823  3.76991  -0.0125808  -0.222164
-16.6504  4.39823  4.39823  -0.00578796  0.20335
-7.22566  4.39823  4.39823  -0.0165054  0.327933
-5.34071  4.39823  4.39823  -0.0211793  0.355978
-4.08407  4.39823  4.39823  -0.0250787  0.366472
-2.82743  4.39823  4.39823  -0.0296242  0.357972
-2.19911  4.39823  4.39823  -0.0320754  0.339374
-1.5708  4.39823  4.39823  -0.0345072  0.303959
-0.942478  4.39823  4.39823  -0.0366185  0.241673
-0.314159  4.39823  4.39823  -0.0379172  0.130671
0.314159  4.39823  4.39823  -0.0379174  -0.130689
0.942478  4.39823  4.39823  -0.0366187  -0.24169
1.5708  4.39823  4.39823  -0.0345075  -0.303975
2.19911  4.39823  4.39823  -0.0320758  -0.339389
2.82743  4.39823  4.39823  -0.0296248  -0.357987
4.08407  4.39823  4.39823  -0.0250788  -0.366486
7.22566  4.39823  4.39823  -0.0165071  -0.327951
14.7655  4.39823  4.39823  -0.00694365  -0.222154
-16.6504  4.39823  5.02655  2.47665e-06  0.203331
-7.22566  4.39823  5.02655  3.9672e-06  0.327767
-5.34071  4.39823  5.02655  6.50459e-07  0.355819
-4.08407  4.39823  5.02655  2.27523e-06  0.366486
-2.82743  4.39823  5.02655  3.27842e-06  0.358586
-2.19911  4.39823  5.02655  3.33953e-06  0.340591
-1.5708  4.39823  5.02655  3.46958e-06  0.306067
-0.942478  4.39823  5.02655  3.67344e-06  0.245457
-0.314159  4.39823  5.02655  4.08858e-06  0.145123
0.314159  4.39823  5.02655  3.9423e-06  -0.145139
0.942478  4.39823  5.02655  3.56265e-06  -0.245472
1.5708  4.39823  5.02655  3.33408e-06  -0.306081
2.19911  4.39823  5.02655  3.13284e-06  -0.340605
2.82743  4.39823  5.02655  2.94417e-06  -0.358599
4.08407  4.39823  5.02655  2.51989e-06  -0.366498
7.22566  4.39823  5.02655  2.6308e-06  -0.327782
14.7655  4.39823  5.02655  2.02657e-06  -0.222119
-16.6504  4.39823  5.65487  0.00465013  0.203301
-7.22566  4.39823  5.65487  0.0133068  0.327629
-5.34071  4.39823  5.65487  0.017169  0.355747
-4.08407  4.39823  5.65487  0.0204954  0.366677
-2.82743  4.39823  5.65487  0.0245402  0.35957
-2.19911  4.39823  5.65487  0.0268248  0.34232
-1.5708  4.39823  5.65487  0.0291984  0.308721
-0.942478  4.39823  5.65487  0.031406  0.248117
-0.314159  4.39823  5.65487  0.0328655  0.135851
0.314159  4.39823  5.65487  0.0328654  -0.135865
0.942478  4.39823  5.65487  0.0314059  -0.24813
1.5708  4.39823  5.65487  0.0291984  -0.308733
2.19911  4.39823  5.65487  0.0268247  -0.342332
2.82743  4.39823  5.65487  0.02454  -0.359581
4.08407  4.39823  5.65487  0.020496  -0.366688
7.22566  4.39823  5.65487  0.0133057  -0.327643
14.7655  4.39823  5.65487  0.00557683  -0.222075
-16.6504  4.39823  6.28319  0.00641417  0.203286
-7.22566  4.39823  6.28319  0.0183662  0.327573
-5.34071  4.39823  6.28319  0.0237179  0.355726
-4.08407  4.39823  6.28319  0.0283366  0.36678
-2.82743  4.39823  6.28319  0.0339513  0.360013
-2.19911  4.39823  6.28319  0.0371059  0.343008
-1.5708  4.39823  6.28319  0.0403527  0.309405
-0.942478  4.39823  6.28319  0.0433326  0.247528
-0.314159  4.39823  6.28319  0.0452377  0.135087
0.314159  4.39823  6.28319  0.0452376  -0.1351
0.942478  4.39823  6.28319  0.0433326  -0.247539
1.5708  4.39823  6.28319  0.0403527  -0.309416
2.19911  4.39823  6.28319  0.0371059  -0.343018
2.82743  4.39823  6.28319  0.0339512  -0.360023
4.08407  4.39823  6.28319  0.0283373  -0.366789
7.22566  4.39823  6.28319  0.0183652  -0.327586
14.7655  4.39823  6.28319  0.0076927  -0.222055
-16.6504  5.02655  0  0.0122843  0.20336
-7.22566  5.02655  0  0.0348912  0.328099
-5.34071  5.02655  0  0.0445286  0.356208
-4.08407  5.02655  0  0.0523278  0.36663
-2.82743  5.02655  0  0.0608535  0.357529
-2.19911  5.02655  0  0.0650428  0.337962
-1.5708  5.02655  0  0.0688024  0.300387
-0.942478  5.02655  0  0.0716935  0.233525
-0.314159  5.02655  0  0.0732701  0.114885
0.314159  5.02655  0  0.0732701  -0.114895
0.942478  5.02655  0  0.0716936  -0.233534
1.5708  5.02655  0  0.0688026  -0.300396
2.19911  5.02655  0  0.065043  -0.33797
2.82743  5.02655  0  0.0608538  -0.357538
4.08407  5.02655  0  0.0523289  -0.366637
7.22566  5.02655  0  0.0348905  -0.32811
14.7655  5.02655  0  0.0147328  -0.22216
-16.6504  5.02655  0.628319  0.010493  0.203362
-7.22566  5.02655  0.628319  0.0298384  0.328058
-5.34071  5.02655  0.628319  0.0381391  0.356144
-4.08407  5.02655  0.628319  0.0449254  0.366577
-2.82743  5.02655  0.628319  0.0524983  0.357633
-2.19911  5.02655  0.628319  0.0563326  0.338318
-1.5708  5.02655  0.628319  0.0598848  0.301241
-0.942478  5.02655  0.628319  0.0627279  0.235385
-0.314159  5.02655  0.628319  0.0643471  0.123585
0.314159  5.02655  0.628319  0.0643471  -0.123597
0.942478  5.02655  0.628319  0.062728  -0.235395
1.5708  5.02655  0.628319  0.059885  -0.301251
2.19911  5.02655  0.628319  0.0563328  -0.338327
2.82743  5.02655  0.628319  0.0524985  -0.357641
4.08407  5.02655  0.628319  0.0449264  -0.366585
7.22566  5.02655  0.628319  0.0298376  -0.32807
14.7655  5.02655  0.628319  0.0125848  -0.222161
-16.6504  5.02655  1.25664  0.0057929  0.203356
-7.22566  5.02655  1.25664  0.0165134  0.327935
-5.34071  5.02655  1.25664  0.0211806  0.35598
-4.08407  5.02655  1.25664  0.0250832  0.366474
-2.82743  5.02655  1.25664  0.0296308  0.357974
-2.19911  5.02655  1.25664  0.0320821  0.339376
-1.5708  5.02655  1.25664  0.0345141  0.303961
-0.942478  5.02655  1.25664  0.0366258  0.241675
-0.314159  5.02655  1.25664  0.0379252  0.130674
0.314159  5.02655  1.25664  0.0379251  -0.130687
0.942478  5.02655  1.25664  0.0366258  -0.241688
1.5708  5.02655  1.25664  0.0345142  -0.303972
2.19911  5.02655  1.25664  0.0320821  -0.339387
2.82743  5.02655  1.25664  0.0296307  -0.357985
4.08407  5.02655  1.25664  0.0250839  -0.366484
7.22566  5.02655  1.25664  0.0165123  -0.327948
14.7655  5.02655  1.25664  0.00694769  -0.222153
-16.6504  5.02655  1.88496  2.47665e-06  0.203331
-7.22566  5.02655  1.88496  3.9672e-06  0.327767
-5.34071  5.02655  1.88496  6.50459e-07  0.355819
-4.08407  5.02655  1.88496  2.27523e-06  0.366486
-2.82743  5.02655  1.88496  3.27842e-06  0.358586
-2.19911  5.02655  1.88496  3.33953e-06  0.340591
-1.5708  5.02655  1.88496  3.46958e-06  0.306067
-0.942478  5.02655  1.88496  3.67344e-06  0.245457
-0.314159  5.02655  1.88496  4.08858e-06  0.145123
0.314159  5.02655  1.88496  3.9423e-06  -0.145139
0.942478  5.02655  1.88496  3.56265e-06  -0.245472
1.5708  5.02655  1.88496  3.33408e-06  -0.306081
2.19911  5.02655  1.88496  3.13284e-06  -0.340605
2.82743  5.02655  1.88496  2.94417e-06  -0.358599
4.08407  5.02655  1.88496  2.51989e-06  -0.366498
7.22566  5.02655  1.88496  2.6308e-06  -0.327782
14.7655  5.02655  1.88496  2.02657e-06  -0.222119
-16.6504  5.02655  2.51327  -0.00464518  0.203296
-7.22566  5.02655  2.51327  -0.0132989  0.327628
-5.34071  5.02655  2.51327  -0.0171677  0.355746
-4.08407  5.02655  2.51327  -0.0204909  0.366676
-2.82743  5.02655  2.51327  -0.0245336  0.359568
-2.19911  5.02655  2.51327  -0.026818  0.342319
-1.5708  5.02655  2.51327  -0.0291914  0.308719
-0.942478  5.02655  2.51327  -0.0313985  0.248115
-0.314159  5.02655  2.51327  -0.0328574  0.135849
0.314159  5.02655  2.51327  -0.0328576  -0.135867
0.942478  5.02655  2.51327  -0.0313987  -0.248132
1.5708  5.02655  2.51327  -0.0291917  -0.308735
2.19911  5.02655  2.51327  -0.0268185  -0.342334
2.82743  5.02655  2.51327  -0.0245342  -0.359583
4.08407  5.02655  2.51327  -0.020491  -0.36669
7.22566  5.02655  2.51327  -0.0133005  -0.327645
14.7655  5.02655  2.51327  -0.00557279  -0.222077
-16.6504  5.02655  3.14159  -0.00640922  0.203279
-7.22566  5.02655  3.14159  -0.0183583  0.327571
-5.34071  5.02655  3.14159  -0.0237166  0.355724
-4.08407  5.02655  3.14159  -0.0283321  0.366777
-2.82743  5.02655  3.14159  -0.0339447  0.36001
-2.19911  5.02655  3.14159  -0.0370991  0.343005
-1.5708  5.02655  3.14159  -0.0403456  0.309403
-0.942478  5.02655  3.14159  -0.0433251  0.247525
-0.314159  5.02655  3.14159  -0.0452296  0.135084
0.314159  5.02655  3.14159  -0.0452298  -0.135103
0.942478  5.02655  3.14159  -0.0433254  -0.247542
1.5708  5.02655  3.14159  -0.040346  -0.309419
2.19911  5.02655  3.14159  -0.0370996  -0.343021
2.82743  5.02655  3.14159  -0.0339454  -0.360026
4.08407  5.02655  3.14159  -0.0283323  -0.366792
7.22566  5.02655  3.14159  -0.01836  -0.327589
14.7655  5.02655  3.14159  -0.00768866  -0.222056
-16.6504  5.02655  3.76991  -0.00464518  0.203296
-7.22566  5.02655  3.76991  -0.0132989  0.327628
-5.34071  5.02655  3.76991  -0.0171677  0.355746
-4.08407  5.02655  3.76991  -0.0204909  0.366676
-2.82743  5.02655  3.76991  -0.0245336  0.359568
-2.19911  5.02655  3.76991  -0.026818  0.342319
-1.5708  5.02655  3.76991  -0.0291914  0.308719
-0.942478  5.02655  3.76991  -0.0313985  0.248115
-0.314159  5.02655  3.76991  -0.0328574  0.135849
0.314159  5.02655  3.76991  -0.0328576  -0.135867
0.942478  5.02655  3.76991  -0.0313987  -0.248132
1.5708  5.02655  3.76991  -0.0291917  -0.308735
2.19911  5.02655  3.76991  -0.0268185  -0.342334
2.82743  5.02655  3.76991  -0.0245342  -0.359583
4.08407  5.02655  3.76991  -0.020491  -0.36669
7.22566  5.02655  3.76991  -0.0133005  -0.327645
14.7655  5.02655  3.76991  -0.00557279  -0.222077
-16.6504  5.02655  4.39823  2.47665e-06  0.203331
-7.22566  5.02655  4.39823  3.9672e-06  0.327767
-5.34071  5.02655  4.39823  6.50459e-07  0.355819
-4.08407  5.02655  4.39823  2.27523e-06  0.366486
-2.82743  5.02655  4.39823  3.27842e-06  0.358586
-2.19911  5.02655  4.39823  3.33953e-06  0.340591
-1.5708  5.02655  4.39823  3.46958e-06  0.306067
-0.942478  5.02655  4.39823  3.67344e-06  0.245457
-0.314159  5.02655  4.39823  4.08858e-06  0.145123
0.314159  5.02655  4.39823  3.9423e-06  -0.145139
0.942478  5.02655  4.39823  3.56265e-06  -0.245472
1.5708  5.02655  4.39823  3.33408e-06  -0.306081
2.19911  5.02655  4.39823  3.13284e-06  -0.340605
2.82743  5.02655  4.39823  2.94417e-06  -0.358599
4.08407  5.02655  4.39823  2.51989e-06  -0.366498
7.22566  5.02655  4.39823  2.6308e-06  -0.327782
14.7655  5.02655  4.39823  2.02657e-06  -0.222119
-16.6504  5.02655  5.02655  0.0057929  0.203356
-7.22566  5.02655  5.02655  0.0165134  0.327935
-5.34071  5.02655  5.02655  0.0211806  0.35598
-4.08407  5.02655  5.02655  0.0250832  0.366474
-2.82743  5.02655  5.02655  0.0296308  0.357974
-2.19911  5.02655  5.02655  0.0320821  0.339376
-1.5708  5.02655  5.02655  0.0345141  0.303961
-0.942478  5.02655  5.02655  0.0366258  0.241675
-0.314159  5.02655  5.02655  0.0379252  0.130674
0.314159  5.02655  5.02655  0.0379251  -0.130687
0.942478  5.02655  5.02655  0.0366258  -0.241688
1.5708  5.02655  5.02655  0.0345142  -0.303972
2.19911  5.02655  5.02655  0.0320821  -0.339387
2.82743  5.02655  5.02655  0.0296307  -0.357985
4.08407  5.02655  5.02655  0.0250839  -0.366484
7.22566  5.02655  5.02655  0.0165123  -0.327948
14.7655  5.02655  5.02655  0.00694769  -0.222153
-16.6504  5.02655  5.65487  0.010493  0.203362
-7.22566  5.02655  5.65487  0.0298384  0.328058
-5.34071  5.02655  5.65487  0.0381391  0.356144
-4.08407  5.02655  5.65487  0.0449254  0.366577
-2.82743  5.02655  5.65487  0.0524983  0.357633
-2.19911  5.02655  5.65487  0.0563326  0.338318
-1.5708  5.02655  5.65487  0.0598848  0.301241
-0.942478  5.02655  5.65487  0.0627279  0.235385
-0.314159  5.02655  5.65487  0.0643471  0.123585
0.314159  5.02655  5.65487  0.0643471  -0.123597
0.942478  5.02655  5.65487  0.062728  -0.235395
1.5708  5.02655  5.65487  0.059885  -0.301251
2.19911  5.02655  5.65487  0.0563328  -0.338327
2.82743  5.02655  5.65487  0.0524985  -0.357641
4.08407  5.02655  5.65487  0.0449264  -0.366585
7.22566  5.02655  5.65487  0.0298376  -0.32807
14.7655  5.02655  5.65487  0.0125848  -0.222161
-16.6504  5.02655  6.28319  0.0122843  0.20336
-7.22566  5.02655  6.28319  0.0348912  0.328099
-5.34071  5.02655  6.28319  0.0445286  0.356208
-4.08407  5.02655  6.28319  0.0523278  0.36663
-2.82743  5.02655  6.28319  0.0608535  0.357529
-2.19911  5.02655  6.28319  0.0650428  0.337962
-1.5708  5.02655  6.28319  0.0688024  0.300387
-0.942478  5.02655  6.28319  0.0716935  0.233525
-0.314159  5.02655  6.28319  0.0732701  0.114885
0.314159  5.02655  6.28319  0.0732701  -0.114895
0.942478  5.02655  6.28319  0.0716936  -0.233534
1.5708  5.02655  6.28319  0.0688026  -0.300396
2.19911  5.02655  6.28319  0.065043  -0.33797
2.82743  5.02655  6.28319  0.0608538  -0.357538
4.08407  5.02655  6.28319  0.0523289  -0.366637
7.22566  5.02655  6.28319  0.0348905  -0.32811
14.7655  5.02655  6.28319  0.0147328  -0.22216
-16.6504  5.65487  0  0.0171434  0.203405
-7.22566  5.65487  0  0.0483899  0.328484
-5.34071  5.65487  0  0.0611895  0.35651
-4.08407  5.65487  0  0.0710155  0.366335
-2.82743  5.65487  0  0.0808592  0.35523
-2.19911  5.65487  0  0.0851975  0.333613
-1.5708  5.65487  0  0.0887165  0.293057
-0.942478  5.65487  0  0.0911348  0.22313
-0.314159  5.65487  0  0.0923312  0.11149
0.314159  5.65487  0  0.0923313  -0.111499
0.942478  5.65487  0  0.091135  -0.223138
1.5708  5.65487  0  0.0887169  -0.293064
2.19911  5.65487  0  0.0851979  -0.333619
2.82743  5.65487  0  0.0808597  -0.355236
4.08407  5.65487  0  0.0710169  -0.366341
7.22566  5.65487  0  0.0483893  -0.328493
14.7655  5.65487  0  0.0205603  -0.222227
-16.6504  5.65487  0.628319  0.0152961  0.203397
-7.22566  5.65487  0.628319  0.0432681  0.328376
-5.34071  5.65487  0.628319  0.054879  0.356425
-4.08407  5.65487  0.628319  0.0639548  0.366428
-2.82743  5.65487  0.628319  0.0733339  0.355954
-2.19911  5.65487  0.628319  0.0776337  0.335032
-1.5708  5.65487  0.628319  0.0812454  0.295618
-0.942478  5.65487  0.628319  0.0838129  0.227103
-0.314159  5.65487  0.628319  0.0851117  0.110077
0.314159  5.65487  0.628319  0.0851117  -0.110086
0.942478  5.65487  0.628319  0.0838131  -0.227112
1.5708  5.65487  0.628319  0.0812457  -0.295625
2.19911  5.65487  0.628319  0.0776341  -0.335039
2.82743  5.65487  0.628319  0.0733343  -0.355961
4.08407  5.65487  0.628319  0.0639561  -0.366435
7.22566  5.65487  0.628319  0.0432674  -0.328386
14.7655  5.65487  0.628319  0.0183451  -0.222213
-16.6504  5.65487  1.25664  0.010493  0.203362
-7.22566  5.65487  1.25664  0.0298384  0.328058
-5.34071  5.65487  1.25664  0.0381391  0.356144
-4.08407  5.65487  1.25664  0.0449254  0.366577
-2.82743  5.65487  1.25664  0.0524983  0.357633
-2.19911  5.65487  1.25664  0.0563326  0.338318
-1.5708  5.65487  1.25664  0.0598848  0.301241
-0.942478  5.65487  1.25664  0.0627279  0.235385
-0.314159  5.65487  1.25664  0.0643471  0.123585
0.314159  5.65487  1.25664  0.0643471  -0.123597
0.942478  5.65487  1.25664  0.062728  -0.235395
1.5708  5.65487  1.25664  0.059885  -0.301251
2.19911  5.65487  1.25664  0.0563328  -0.338327
2.82743  5.65487  1.25664  0.0524985  -0.357641
4.08407  5.65487  1.25664  0.0449264  -0.366585
7.22566  5.65487  1.25664  0.0298376  -0.32807
14.7655  5.65487  1.25664  0.0125848  -0.222161
-16.6504  5.65487  1.88496  0.00465013  0.203301
-7.22566  5.65487  1.88496  0.0133068  0.327629
-5.34071  5.65487  1.88496  0.017169  0.355747
-4.08407  5.65487  1.88496  0.0204954  0.366677
-2.82743  5.65487  1.88496  0.0245402  0.35957
-2.19911  5.65487  1.88496  0.0268248  0.34232
-1.5708  5.65487  1.88496  0.0291984  0.308721
-0.942478  5.65487  1.88496  0.031406  0.248117
-0.314159  5.65487  1.88496  0.0328655  0.135851
0.314159  5.65487  1.88496  0.0328654  -0.135865
0.942478  5.65487  1.88496  0.0314059  -0.24813
1.5708  5.65487  1.88496  0.0291984  -0.308733
2.19911  5.65487  1.88496  0.0268247  -0.342332
2.82743  5.65487  1.88496  0.02454  -0.359581
4.08407  5.65487  1.88496  0.020496  -0.366688
7.22566  5.65487  1.88496  0.0133057  -0.327643
14.7655  5.65487  1.88496  0.00557683  -0.222075
-16.6504  5.65487  2.51327  2.48082e-06  0.203238
-7.22566  5.65487  2.51327  3.9095e-06  0.327258
-5.34071  5.65487  2.51327  5.99608e-07  0.355392
-4.08407  5.65487  2.51327  2.27752e-06  0.366698
-2.82743  5.65487  2.51327  3.28738e-06  0.361014
-2.19911  5.65487  2.51327  3.35976e-06  0.345359
-1.5708  5.65487  2.51327  3.51543e-06  0.314334
-0.942478  5.65487  2.51327  3.75865e-06  0.257629
-0.314159  5.65487  2.51327  4.20103e-06  0.156149
0.314159  5.65487  2.51327  3.97483e-06  -0.156166
0.942478  5.65487  2.51327  3.5568e-06  -0.257644
1.5708  5.65487  2.51327  3.30356e-06  -0.314348
2.19911  5.65487  2.51327  3.08787e-06  -0.345372
2.82743  5.65487  2.51327  2.87165e-06  -0.361027
4.08407  5.65487  2.51327  2.50496e-06  -0.36671
7.22566  5.65487  2.51327  2.63053e-06  -0.327273
14.7655  5.65487  2.51327  2.02092e-06  -0.221991
-16.6504  5.65487  3.14159  -0.00175321  0.203211
-7.22566  5.65487  3.14159  -0.00505677  0.327108
-5.34071  5.65487  3.14159  -0.00659986  0.355244
-4.08407  5.65487  3.14159  -0.00799359  0.366687
-2.82743  5.65487  3.14159  -0.00983355  0.361559
-2.19911  5.65487  3.14159  -0.0109751  0.346596
-1.5708  5.65487  3.14159  -0.0122767  0.31692
-0.942478  5.65487  3.14159  -0.0136975  0.262639
-0.314159  5.65487  3.14159  -0.0146726  0.157564
0.314159  5.65487  3.14159  -0.014673  -0.157581
0.942478  5.65487  3.14159  -0.0136978  -0.262655
1.5708  5.65487  3.14159  -0.012277  -0.316934
2.19911  5.65487  3.14159  -0.0109755  -0.34661
2.82743  5.65487  3.14159  -0.00983408  -0.361572
4.08407  5.65487  3.14159  -0.00799347  -0.3667
7.22566  5.65487  3.14159  -0.00505813  -0.327125
14.7655  5.65487  3.14159  -0.00210398  -0.221955
-16.6504  5.65487  3.76991  2.48082e-06  0.203238
-7.22566  5.65487  3.76991  3.9095e-06  0.327258
-5.34071  5.65487  3.76991  5.99608e-07  0.355392
-4.08407  5.65487  3.76991  2.27752e-06  0.366698
-2.82743  5.65487  3.76991  3.28738e-06  0.361014
-2.19911  5.65487  3.76991  3.35976e-06  0.345359
-1.5708  5.65487  3.76991  3.51543e-06  0.314334
-0.942478  5.65487  3.76991  3.75865e-06  0.257629
-0.314159  5.65487  3.76991  4.20103e-06  0.156149
0.314159  5.65487  3.76991  3.97483e-06  -0.156166
0.942478  5.65487  3.76991  3.5568e-06  -0.257644
1.5708  5.65487  3.76991  3.30356e-06  -0.314348
2.19911  5.65487  3.76991  3.08787e-06  -0.345372
2.82743  5.65487  3.76991  2.87165e-06  -0.361027
4.08407  5.65487  3.76991  2.50496e-06  -0.36671
7.22566  5.65487  3.76991  2.63053e-06  -0.327273
14.7655  5.65487  3.76991  2.02092e-06  -0.221991
-16.6504  5.65487  4.39823  0.00465013  0.203301
-7.22566  5.65487  4.39823  0.0133068  0.327629
-5.34071  5.65487  4.39823  0.017169  0.355747
-4.08407  5.65487  4.39823  0.0204954  0.366677
-2.82743  5.65487  4.39823  0.0245402  0.35957
-2.19911  5.65487  4.39823  0.0268248  0.34232
-1.5708  5.65487  4.39823  0.0291984  0.308721
-0.942478  5.65487  4.39823  0.031406  0.248117
-0.314159  5.65487  4.39823  0.0328655  0.135851
0.314159  5.65487  4.39823  0.0328654  -0.135865
0.942478  5.65487  4.39823  0.0314059  -0.24813
1.5708  5.65487  4.39823  0.0291984  -0.308733
2.19911  5.65487  4.39823  0.0268247  -0.342332
2.82743  5.65487  4.39823  0.02454  -0.359581
4.08407  5.65487  4.39823  0.020496  -0.366688
7.22566  5.65487  4.39823  0.0133057  -0.327643
14.7655  5.65487  4.39823  0.00557683  -0.222075
-16.6504  5.65487  5.02655  0.010493  0.203362
-7.22566  5.65487  5.02655  0.0298384  0.328058
-5.34071  5.65487  5.02655  0.0381391  0.356144
-4.08407  5.65487  5.02655  0.0449254  0.366577
-2.82743  5.65487  5.02655  0.0524983  0.357633
-2.19911  5.65487  5.02655  0.0563326  0.338318
-1.5708  5.65487  5.02655  0.0598848  0.301241
-0.942478  5.65487  5.02655  0.0627279  0.235385
-0.314159  5.65487  5.02655  0.0643471  0.123585
0.314159  5.65487  5.02655  0.0643471  -0.123597
0.942478  5.65487  5.02655  0.062728  -0.235395
1.5708  5.65487  5.02655  0.059885  -0.301251
2.19911  5.65487  5.02655  0.0563328  -0.338327
2.82743  5.65487  5.02655  0.0524985  -0.357641
4.08407  5.65487  5.02655  0.0449264  -0.366585
7.22566  5.65487  5.02655  0.0298376  -0.32807
14.7655  5.65487  5.02655  0.0125848  -0.222161
-16.6504  5.65487  5.65487  0.0152961  0.203397
-7.22566  5.65487  5.65487  0.0432681  0.328376
-5.34071  5.65487  5.65487  0.054879  0.356425
-4.08407  5.65487  5.65487  0.0639548  0.366428
-2.82743  5.65487  5.65487  0.0733339  0.355954
-2.19911  5.65487  5.65487  0.0776337  0.335032
-1.5708  5.65487  5.65487  0.0812454  0.295618
-0.942478  5.65487  5.65487  0.0838129  0.227103
-0.314159  5.65487  5.65487  0.0851117  0.110077
0.314159  5.65487  5.65487  0.0851117  -0.110086
0.942478  5.65487  5.65487  0.0838131  -0.227112
1.5708  5.65487  5.65487  0.0812457  -0.295625
2.19911  5.65487  5.65487  0.0776341  -0.335039
2.82743  5.65487  5.65487  0.0733343  -0.355961
4.08407  5.65487  5.65487  0.0639561  -0.366435
7.22566  5.65487  5.65487  0.0432674  -0.328386
14.7655  5.65487  5.65487  0.0183451  -0.222213
-16.6504  5.65487  6.28319  0.0171434  0.203405
-7.22566  5.65487  6.28319  0.0483899  0.328484
-5.34071  5.65487  6.28319  0.0611895  0.35651
-4.08407  5.65487  6.28319  0.0710155  0.366335
-2.82743  5.65487  6.28319  0.0808592  0.35523
-2.19911  5.65487  6.28319  0.0851975  0.333613
-1.5708  5.65487  6.28319  0.0887165  0.293057
-0.942478  5.65487  6.28319  0.0911348  0.22313
-0.314159  5.65487  6.28319  0.0923312  0.11149
0.314159  5.65487  6.28319  0.0923313  -0.111499
0.942478  5.65487  6.28319  0.091135  -0.223138
1.5708  5.65487  6.28319  0.0887169  -0.293064
2.19911  5.65487  6.28319  0.0851979  -0.333619
2.82743  5.65487  6.28319  0.0808597  -0.355236
4.08407  5.65487  6.28319  0.0710169  -0.366341
7.22566  5.65487  6.28319  0.0483893  -0.328493
14.7655  5.65487  6.28319  0.0205603  -0.222227
-16.6504  6.28319  0  0.0190322  0.203417
-7.22566  6.28319  0  0.0536051  0.328614
-5.34071  6.28319  0  0.0675588  0.356599
-4.08407  6.28319  0  0.0780612  0.366181
-2.82743  6.28319  0  0.0882522  0.354325
-2.19911  6.28319  0  0.0925772  0.332038
-1.5708  6.28319  0  0.09598  0.290767
-0.942478  6.28319  0  0.0982572  0.220607
-0.314159  6.28319  0  0.0993696  0.105376
0.314159  6.28319  0  0.0993696  -0.105384
0.942478  6.28319  0  0.0982575  -0.220614
1.5708  6.28319  0  0.0959804  -0.290774
2.19911  6.28319  0  0.0925777  -0.332044
2.82743  6.28319  0  0.0882528  -0.35433
4.08407  6.28319  0  0.0780629  -0.366186
7.22566  6.28319  0  0.0536045  -0.328623
14.7655  6.28319  0  0.0228259  -0.222246
-16.6504  6.28319  0.628319  0.0171434  0.203405
-7.22566  6.28319  0.628319  0.0483899  0.328484
-5.34071  6.28319  0.628319  0.0611895  0.35651
-4.08407  6.28319  0.628319  0.0710155  0.366335
-2.82743  6.28319  0.628319  0.0808592  0.35523
-2.19911  6.28319  0.628319  0.0851975  0.333613
-1.5708  6.28319  0.628319  0.0887165  0.293057
-0.942478  6.28319  0.628319  0.0911348  0.22313
-0.314159  6.28319  0.628319  0.0923312  0.11149
0.314159  6.28319  0.628319  0.0923313  -0.111499
0.942478  6.28319  0.628319  0.091135  -0.223138
1.5708  6.28319  0.628319  0.0887169  -0.293064
2.19911  6.28319  0.628319  0.0851979  -0.333619
2.82743  6.28319  0.628319  0.0808597  -0.355236
4.08407  6.28319  0.628319  0.0710169  -0.366341
7.22566  6.28319  0.628319  0.0483893  -0.328493
14.7655  6.28319  0.628319  0.0205603  -0.222227
-16.6504  6.28319  1.25664  0.0122843  0.20336
-7.22566  6.28319  1.25664  0.0348912  0.328099
-5.34071  6.28319  1.25664  0.0445286  0.356208
-4.08407  6.28319  1.25664  0.0523278  0.36663
-2.82743  6.28319  1.25664  0.0608535  0.357529
-2.19911  6.28319  1.25664  0.0650428  0.337962
-1.5708  6.28319  1.25664  0.0688024  0.300387
-0.942478  6.28319  1.25664  0.0716935  0.233525
-0.314159  6.28319  1.25664  0.0732701  0.114885
0.314159  6.28319  1.25664  0.0732701  -0.114895
0.942478  6.28319  1.25664  0.0716936  -0.233534
1.5708  6.28319  1.25664  0.0688026  -0.300396
2.19911  6.28319  1.25664  0.065043  -0.33797
2.82743  6.28319  1.25664  0.0608538  -0.357538
4.08407  6.28319  1.25664  0.0523289  -0.366637
7.22566  6.28319  1.25664  0.0348905  -0.32811
14.7655  6.28319  1.25664  0.0147328  -0.22216
-16.6504  6.28319  1.88496  0.00641417  0.203286
-7.22566  6.28319  1.88496  0.0183662  0.327573
-5.34071  6.28319  1.88496  0.0237179  0.355726
-4.08407  6.28319  1.88496  0.0283366  0.36678
-2.82743  6.28319  1.88496  0.0339513  0.360013
-2.19911  6.28319  1.88496  0.0371059  0.343008
-1.5708  6.28319  1.88496  0.0403527  0.309405
-0.942478  6.28319  1.88496  0.0433326  0.247528
-0.314159  6.28319  1.88496  0.0452377  0.135087
0.314159  6.28319  1.88496  0.0452376  -0.1351
0.942478  6.28319  1.88496  0.0433326  -0.247539
1.5708  6.28319  1.88496  0.0403527  -0.309416
2.19911  6.28319  1.88496  0.0371059  -0.343018
2.82743  6.28319  1.88496  0.0339512  -0.360023
4.08407  6.28319  1.88496  0.0283373  -0.366789
7.22566  6.28319  1.88496  0.0183652  -0.327586
14.7655  6.28319  1.88496  0.0076927  -0.222055
-16.6504  6.28319  2.51327  0.00175817  0.203213
-7.22566  6.28319  2.51327  0.00506456  0.327109
-5.34071  6.28319  2.51327  0.00660104  0.355244
-4.08407  6.28319  2.51327  0.00799813  0.366687
-2.82743  6.28319  2.51327  0.00984012  0.361559
-2.19911  6.28319  2.51327  0.0109818  0.346597
-1.5708  6.28319  2.51327  0.0122838  0.316921
-0.942478  6.28319  2.51327  0.0137051  0.26264
-0.314159  6.28319  2.51327  0.0146812  0.157565
0.314159  6.28319  2.51327  0.0146808  -0.15758
0.942478  6.28319  2.51327  0.0137049  -0.262654
1.5708  6.28319  2.51327  0.0122836  -0.316934
2.19911  6.28319  2.51327  0.0109816  -0.346609
2.82743  6.28319  2.51327  0.00983977  -0.361571
4.08407  6.28319  2.51327  0.00799848  -0.366699
7.22566  6.28319  2.51327  0.00506339  -0.327124
14.7655  6.28319  2.51327  0.00210802  -0.221954
-16.6504  6.28319  3.14159  2.4821e-06  0.203182
-7.22566  6.28319  3.14159  3.87779e-06  0.326923
-5.34071  6.28319  3.14159  5.66358e-07  0.355035
-4.08407  6.28319  3.14159  2.26645e-06  0.366591
-2.82743  6.28319  3.14159  3.27096e-06  0.361981
-2.19911  6.28319  3.14159  3.3404e-06  0.347665
-1.5708  6.28319  3.14159  3.49897e-06  0.319205
-0.942478  6.28319  3.14159  3.76558e-06  0.267621
-0.314159  6.28319  3.14159  4.32978e-06  0.176745
0.314159  6.28319  3.14159  4.0625e-06  -0.176761
0.942478  6.28319  3.14159  3.5419e-06  -0.267636
1.5708  6.28319  3.14159  3.27459e-06  -0.319219
2.19911  6.28319  3.14159  3.05447e-06  -0.347679
2.82743  6.28319  3.14159  2.82729e-06  -0.361993
4.08407  6.28319  3.14159  2.50462e-06  -0.366603
7.22566  6.28319  3.14159  2.63253e-06  -0.326938
14.7655  6.28319  3.14159  2.01415e-06  -0.221912
-16.6504  6.28319  3.76991  0.00175817  0.203213
-7.22566  6.28319  3.76991  0.00506456  0.327109
-5.34071  6.28319  3.76991  0.00660104  0.355244
-4.08407  6.28319  3.76991  0.00799813  0.366687
-2.82743  6.28319  3.76991  0.00984012  0.361559
-2.19911  6.28319  3.76991  0.0109818  0.346597
-1.5708  6.28319  3.76991  0.0122838  0.316921
-0.942478  6.28319  3.76991  0.0137051  0.26264
-0.314159  6.28319  3.76991  0.0146812  0.157565
0.314159  6.28319  3.76991  0.0146808  -0.15758
0.942478  6.28319  3.76991  0.0137049  -0.262654
1.5708  6.28319  3.76991  0.0122836  -0.316934
2.19911  6.28319  3.76991  0.0109816  -0.346609
2.82743  6.28319  3.76991  0.00983977  -0.361571
4.08407  6.28319  3.76991  0.00799848  -0.366699
7.22566  6.28319  3.76991  0.00506339  -0.327124
14.7655  6.28319  3.76991  0.00210802  -0.221954
-16.6504  6.28319  4.39823  0.00641417  0.203286
-7.22566  6.28319  4.39823  0.0183662  0.327573
-5.34071  6.28319  4.39823  0.0237179  0.355726
-4.08407  6.28319  4.39823  0.0283366  0.36678
-2.82743  6.28319  4.39823  0.0339513  0.360013
-2.19911  6.28319  4.39823  0.0371059  0.343008
-1.5708  6.28319  4.39823  0.0403527  0.309405
-0.942478  6.28319  4.39823  0.0433326  0.247528
-0.314159  6.28319  4.39823  0.0452377  0.135087
0.314159  6.28319  4.39823  0.0452376  -0.1351
0.942478  6.28319  4.39823  0.0433326  -0.247539
1.5708  6.28319  4.39823  0.0403527  -0.309416
2.19911  6.28319  4.39823  0.0371059  -0.343018
2.82743  6.28319  4.39823  0.0339512  -0.360023
4.08407  6.28319  4.39823  0.0283373  -0.366789
7.22566  6.28319  4.39823  0.0183652  -0.327586
14.7655  6.28319  4.39823  0.0076927  -0.222055
-16.6504  6.28319  5.02655  0.0122843  0.20336
-7.22566  6.28319  5.02655  0.0348912  0.328099
-5.34071  6.28319  5.02655  0.0445286  0.356208
-4.08407  6.28319  5.02655  0.0523278  0.36663
-2.82743  6.28319  5.02655  0.0608535  0.357529
-2.19911  6.28319  5.02655  0.0650428  0.337962
-1.5708  6.28319  5.02655  0.0688024  0.300387
-0.942478  6.28319  5.02655  0.0716935  0.233525
-0.314159  6.28319  5.02655  0.0732701  0.114885
0.314159  6.28319  5.02655  0.0732701  -0.114895
0.942478  6.28319  5.02655  0.0716936  -0.233534
1.5708  6.28319  5.02655  0.0688026  -0.300396
2.19911  6.28319  5.02655  0.065043  -0.33797
2.82743  6.28319  5.02655  0.0608538  -0.357538
4.08407  6.28319  5.02655  0.0523289  -0.366637
7.22566  6.28319  5.02655  0.0348905  -0.32811
14.7655  6.28319  5.02655  0.0147328  -0.22216
-16.6504  6.28319  5.65487  0.0171434  0.203405
-7.22566  6.28319  5.65487  0.0483899  0.328484
-5.34071  6.28319  5.65487  0.0611895  0.35651
-4.08407  6.28319  5.65487  0.0710155  0.366335
-2.82743  6.28319  5.65487  0.0808592  0.35523
-2.19911  6.28319  5.65487  0.0851975  0.333613
-1.5708  6.28319  5.65487  0.0887165  0.293057
-0.942478  6.28319  5.65487  0.0911348  0.22313
-0.314159  6.28319  5.65487  0.0923312  0.11149
0.314159  6.28319  5.65487  0.0923313  -0.111499
0.942478  6.28319  5.65487  0.091135  -0.223138
1.5708  6.28319  5.65487  0.0887169  -0.293064
2.19911  6.28319  5.65487  0.0851979  -0.333619
2.82743  6.28319  5.65487  0.0808597  -0.355236
4.08407  6.28319  5.65487  0.0710169  -0.366341
7.22566  6.28319  5.65487  0.0483893  -0.328493
14.7655  6.28319  5.65487  0.0205603  -0.222227
-16.6504  6.28319  6.28319  0.0190322  0.203417
-7.22566  6.28319  6.28319  0.0536051  0.328614
-5.34071  6.28319  6.28319  0.0675588  0.356599
-4.08407  6.28319  6.28319  0.0780612  0.366181
-2.82743  6.28319  6.28319  0.0882522  0.354325
-2.19911  6.28319  6.28319  0.0925772  0.332038
-1.5708  6.28319  6.28319  0.09598  0.290767
-0.942478  6.28319  6.28319  0.0982572  0.220607
-0.314159  6.28319  6.28319  0.0993696  0.105376
0.314159  6.28319  6.28319  0.0993696  -0.105384
0.942478  6.28319  6.28319  0.0982575  -0.220614
1.5708  6.28319  6.28319  0.0959804  -0.290774
2.19911  6.28319  6.28319  0.0925777  -0.332044
2.82743  6.28319  6.28319  0.0882528  -0.35433
4.08407  6.28319  6.28319  0.0780629  -0.366186
7.22566  6.28319  6.28319  0.0536045  -0.328623
14.7655  6.28319  6.28319  0.0228259  -0.222246
