-16.6504  0  0  0.0191798  0.203441
-7.22566  0  0  0.0541245  0.329171
-5.34071  0  0  0.0682549  0.357595
-4.08407  0  0  0.0788908  0.367652
-2.82743  0  0  0.089198  0.356452
-2.19911  0  0  0.0935618  0.334548
-1.5708  0  0  0.0969873  0.293679
-0.942478  0  0  0.0992765  0.223956
-0.314159  0  0  0.100396  0.108872
0.314159  0  0  0.100396  -0.108881
0.942478  0  0  0.0992767  -0.223964
1.5708  0  0  0.0969875  -0.293686
2.19911  0  0  0.0935621  -0.334555
2.82743  0  0  0.0891985  -0.356458
4.08407  0  0  0.0788924  -0.367657
7.22566  0  0  0.0541238  -0.32918
14.7655  0  0  0.023008  -0.222299
-16.6504  0  0.628319  0.0172737  0.203428
-7.22566  0  0.628319  0.0488528  0.329035
-5.34071  0  0.628319  0.0618169  0.357499
-4.08407  0  0.628319  0.0717739  0.367801
-2.82743  0  0.628319  0.0817422  0.35737
-2.19911  0  0.628319  0.0861266  0.33615
-1.5708  0  0.628319  0.0896739  0.29597
-0.942478  0  0.628319  0.0921042  0.22628
-0.314159  0  0.628319  0.093304  0.116704
0.314159  0  0.628319  0.0933041  -0.116715
0.942478  0  0.628319  0.0921043  -0.226289
1.5708  0  0.628319  0.0896741  -0.295978
2.19911  0  0.628319  0.0861269  -0.336158
2.82743  0  0.628319  0.0817425  -0.357378
4.08407  0  0.628319  0.0717753  -0.367807
7.22566  0  0.628319  0.0488522  -0.329044
14.7655  0  0.628319  0.0207211  -0.222279
-16.6504  0  1.25664  0.0123743  0.203383
-7.22566  0  1.25664  0.0352211  0.328635
-5.34071  0  1.25664  0.0449916  0.357173
-4.08407  0  1.25664  0.052914  0.368078
-2.82743  0  1.25664  0.0615911  0.359717
-2.19911  0  1.25664  0.0658602  0.340645
-1.5708  0  1.25664  0.0696912  0.303663
-0.942478  0  1.25664  0.0726309  0.237479
-0.314159  0  1.25664  0.0742267  0.118818
0.314159  0  1.25664  0.0742266  -0.11883
0.942478  0  1.25664  0.0726309  -0.23749
1.5708  0  1.25664  0.0696912  -0.303673
2.19911  0  1.25664  0.0658603  -0.340654
2.82743  0  1.25664  0.0615912  -0.359726
4.08407  0  1.25664  0.0529149  -0.368086
7.22566  0  1.25664  0.0352203  -0.328647
14.7655  0  1.25664  0.014844  -0.222211
-16.6504  0  1.88496  0.00646041  0.203308
-7.22566  0  1.88496  0.0185425  0.32809
-5.34071  0  1.88496  0.0239767  0.356659
-4.08407  0  1.88496  0.0286848  0.368192
-2.82743  0  1.88496  0.0344402  0.362215
-2.19911  0  1.88496  0.0376958  0.3458
-1.5708  0  1.88496  0.0410708  0.31297
-0.942478  0  1.88496  0.0441979  0.252003
-0.314159  0  1.88496  0.0462163  0.141835
0.314159  0  1.88496  0.046216  -0.14185
0.942478  0  1.88496  0.0441977  -0.252016
1.5708  0  1.88496  0.0410706  -0.312982
2.19911  0  1.88496  0.0376957  -0.345811
2.82743  0  1.88496  0.03444  -0.362226
4.08407  0  1.88496  0.0286853  -0.368202
7.22566  0  1.88496  0.0185415  -0.328104
14.7655  0  1.88496  0.00774991  -0.222105
-16.6504  0  2.51327  0.00177032  0.203235
-7.22566  0  2.51327  0.00511226  0.327612
-5.34071  0  2.51327  0.0066735  0.356146
-4.08407  0  2.51327  0.00810033  0.368054
-2.82743  0  2.51327  0.00999594  0.363719
-2.19911  0  2.51327  0.0111821  0.3494
-1.5708  0  2.51327  0.0125516  0.320721
-0.942478  0  2.51327  0.014093  0.268267
-0.314159  0  2.51327  0.0151864  0.16651
0.314159  0  2.51327  0.0151859  -0.166528
0.942478  0  2.51327  0.0140926  -0.268283
1.5708  0  2.51327  0.0125513  -0.320735
2.19911  0  2.51327  0.0111818  -0.349413
2.82743  0  2.51327  0.00999542  -0.363732
4.08407  0  2.51327  0.00810057  -0.368066
7.22566  0  2.51327  0.005111  -0.327627
14.7655  0  2.51327  0.002123  -0.222004
-16.6504  0  3.14159  2.57999e-06  0.203204
-7.22566  0  3.14159  4.03274e-06  0.327419
-5.34071  0  3.14159  6.47919e-07  0.355924
-4.08407  0  3.14159  2.47228e-06  0.367935
-2.82743  0  3.14159  3.55234e-06  0.364099
-2.19911  0  3.14159  3.65939e-06  0.350406
-1.5708  0  3.14159  3.8655e-06  0.322888
-0.942478  0  3.14159  4.19509e-06  0.27301
-0.314159  0  3.14159  4.93577e-06  0.190454
0.314159  0  3.14159  4.55859e-06  -0.190473
0.942478  0  3.14159  3.79799e-06  -0.273026
1.5708  0  3.14159  3.46333e-06  -0.322903
2.19911  0  3.14159  3.20256e-06  -0.35042
2.82743  0  3.14159  2.94799e-06  -0.364113
4.08407  0  3.14159  2.5935e-06  -0.367948
7.22566  0  3.14159  2.6923e-06  -0.327436
14.7655  0  3.14159  2.04039e-06  -0.221962
-16.6504  0  3.76991  0.00177032  0.203235
-7.22566  0  3.76991  0.00511226  0.327612
-5.34071  0  3.76991  0.0066735  0.356146
-4.08407  0  3.76991  0.00810033  0.368054
-2.82743  0  3.76991  0.00999594  0.363719
-2.19911  0  3.76991  0.0111821  0.3494
-1.5708  0  3.76991  0.0125516  0.320721
-0.942478  0  3.76991  0.014093  0.268267
-0.314159  0  3.76991  0.0151864  0.16651
0.314159  0  3.76991  0.0151859  -0.166528
0.942478  0  3.76991  0.0140926  -0.268283
1.5708  0  3.76991  0.0125513  -0.320735
2.19911  0  3.76991  0.0111818  -0.349413
2.82743  0  3.76991  0.00999542  -0.363732
4.08407  0  3.76991  0.00810057  -0.368066
7.22566  0  3.76991  0.005111  -0.327627
14.7655  0  3.76991  0.002123  -0.222004
-16.6504  0  4.39823  0.00646041  0.203308
-7.22566  0  4.39823  0.0185425  0.32809
-5.34071  0  4.39823  0.0239767  0.356659
-4.08407  0  4.39823  0.0286848  0.368192
-2.82743  0  4.39823  0.0344402  0.362215
-2.19911  0  4.39823  0.0376958  0.3458
-1.5708  0  4.39823  0.0410708  0.31297
-0.942478  0  4.39823  0.0441979  0.252003
-0.314159  0  4.39823  0.0462163  0.141835
0.314159  0  4.39823  0.046216  -0.14185
0.942478  0  4.39823  0.0441977  -0.252016
1.5708  0  4.39823  0.0410706  -0.312982
2.19911  0  4.39823  0.0376957  -0.345811
2.82743  0  4.39823  0.03444  -0.362226
4.08407  0  4.39823  0.0286853  -0.368202
7.22566  0  4.39823  0.0185415  -0.328104
14.7655  0  4.39823  0.00774991  -0.222105
-16.6504  0  5.02655  0.0123743  0.203383
-7.22566  0  5.02655  0.0352211  0.328635
-5.34071  0  5.02655  0.0449916  0.357173
-4.08407  0  5.02655  0.052914  0.368078
-2.82743  0  5.02655  0.0615911  0.359717
-2.19911  0  5.02655  0.0658602  0.340645
-1.5708  0  5.02655  0.0696912  0.303663
-0.942478  0  5.02655  0.0726309  0.237479
-0.314159  0  5.02655  0.0742267  0.118818
0.314159  0  5.02655  0.0742266  -0.11883
0.942478  0  5.02655  0.0726309  -0.23749
1.5708  0  5.02655  0.0696912  -0.303673
2.19911  0  5.02655  0.0658603  -0.340654
2.82743  0  5.02655  0.0615912  -0.359726
4.08407  0  5.02655  0.0529149  -0.368086
7.22566  0  5.02655  0.0352203  -0.328647
14.7655  0  5.02655  0.014844  -0.222211
-16.6504  0  5.65487  0.0172737  0.203428
-7.22566  0  5.65487  0.0488528  0.329035
-5.34071  0  5.65487  0.0618169  0.357499
-4.08407  0  5.65487  0.0717739  0.367801
-2.82743  0  5.65487  0.0817422  0.35737
-2.19911  0  5.65487  0.0861266  0.33615
-1.5708  0  5.65487  0.0896739  0.29597
-0.942478  0  5.65487  0.0921042  0.22628
-0.314159  0  5.65487  0.093304  0.116704
0.314159  0  5.65487  0.0933041  -0.116715
0.942478  0  5.65487  0.0921043  -0.226289
1.5708  0  5.65487  0.0896741  -0.295978
2.19911  0  5.65487  0.0861269  -0.336158
2.82743  0  5.65487  0.0817425  -0.357378
4.08407  0  5.65487  0.0717753  -0.367807
7.22566  0  5.65487  0.0488522  -0.329044
14.7655  0  5.65487  0.0207211  -0.222279
-16.6504  0  6.28319  0.0191798  0.203441
-7.22566  0  6.28319  0.0541245  0.329171
-5.34071  0  6.28319  0.0682549  0.357595
-4.08407  0  6.28319  0.0788908  0.367652
-2.82743  0  6.28319  0.089198  0.356452
-2.19911  0  6.28319  0.0935618  0.334548
-1.5708  0  6.28319  0.0969873  0.293679
-0.942478  0  6.28319  0.0992765  0.223956
-0.314159  0  6.28319  0.100396  0.108872
0.314159  0  6.28319  0.100396  -0.108881
0.942478  0  6.28319  0.0992767  -0.223964
1.5708  0  6.28319  0.0969875  -0.293686
2.19911  0  6.28319  0.0935621  -0.334555
2.82743  0  6.28319  0.0891985  -0.356458
4.08407  0  6.28319  0.0788924  -0.367657
7.22566  0  6.28319  0.0541238  -0.32918
14.7655  0  6.28319  0.023008  -0.222299
-16.6504  0.628319  0  0.0172737  0.203428
-7.22566  0.628319  0  0.0488528  0.329035
-5.34071  0.628319  0  0.0618169  0.357499
-4.08407  0.628319  0  0.0717739  0.367801
-2.82743  0.628319  0  0.0817422  0.35737
-2.19911  0.628319  0  0.0861266  0.33615
-1.5708  0.628319  0  0.0896739  0.29597
-0.942478  0.628319  0  0.0921042  0.22628
-0.314159  0.628319  0  0.093304  0.116704
0.314159  0.628319  0  0.0933041  -0.116715
0.942478  0.628319  0  0.0921043  -0.226289
1.5708  0.628319  0  0.0896741  -0.295978
2.19911  0.628319  0  0.0861269  -0.336158
2.82743  0.628319  0  0.0817425  -0.357378
4.08407  0.628319  0  0.0717753  -0.367807
7.22566  0.628319  0  0.0488522  -0.329044
14.7655  0.628319  0  0.0207211  -0.222279
-16.6504  0.628319  0.628319  0.0154112  0.203419
-7.22566  0.628319  0.628319  0.0436809  0.328922
-5.34071  0.628319  0.628319  0.0554443  0.357405
-4.08407  0.628319  0.628319  0.064648  0.367888
-2.82743  0.628319  0.628319  0.0741601  0.358111
-2.19911  0.628319  0.628319  0.0785155  0.337629
-1.5708  0.628319  0.628319  0.0821646  0.298713
-0.942478  0.628319  0.628319  0.0847477  0.230756
-0.314159  0.628319  0.628319  0.0860482  0.113785
0.314159  0.628319  0.628319  0.0860481  -0.113796
0.942478  0.628319  0.628319  0.0847478  -0.230765
1.5708  0.628319  0.628319  0.0821647  -0.298721
2.19911  0.628319  0.628319  0.0785157  -0.337637
2.82743  0.628319  0.628319  0.0741604  -0.358119
4.08407  0.628319  0.628319  0.0646492  -0.367895
7.22566  0.628319  0.628319  0.0436801  -0.328932
14.7655  0.628319  0.628319  0.0184873  -0.222265
-16.6504  0.628319  1.25664  0.0105699  0.203384
-7.22566  0.628319  1.25664  0.0301212  0.328591
-5.34071  0.628319  1.25664  0.038538  0.357102
-4.08407  0.628319  1.25664  0.0454347  0.368014
-2.82743  0.628319  1.25664  0.0531506  0.359801
-2.19911  0.628319  1.25664  0.0570656  0.34098
-1.5708  0.628319  1.25664  0.0606952  0.304477
-0.942478  0.628319  1.25664  0.0635961  0.239199
-0.314159  0.628319  1.25664  0.0652428  0.129583
0.314159  0.628319  1.25664  0.0652427  -0.129596
0.942478  0.628319  1.25664  0.0635961  -0.239211
1.5708  0.628319  1.25664  0.0606952  -0.304488
2.19911  0.628319  1.25664  0.0570657  -0.34099
2.82743  0.628319  1.25664  0.0531506  -0.359811
4.08407  0.628319  1.25664  0.0454356  -0.368022
7.22566  0.628319  1.25664  0.0301203  -0.328603
14.7655  0.628319  1.25664  0.0126798  -0.222212
-16.6504  0.628319  1.88496  0.00468395  0.203323
-7.22566  0.628319  1.88496  0.013435  0.328147
-5.34071  0.628319  1.88496  0.0173566  0.356679
-4.08407  0.628319  1.88496  0.0207471  0.368083
-2.82743  0.628319  1.88496  0.0248933  0.361742
-2.19911  0.628319  1.88496  0.0272516  0.345064
-1.5708  0.628319  1.88496  0.0297192  0.312263
-0.942478  0.628319  1.88496  0.0320312  0.252908
-0.314159  0.628319  1.88496  0.0335707  0.142276
0.314159  0.628319  1.88496  0.0335704  -0.142292
0.942478  0.628319  1.88496  0.032031  -0.252922
1.5708  0.628319  1.88496  0.029719  -0.312276
2.19911  0.628319  1.88496  0.0272513  -0.345076
2.82743  0.628319  1.88496  0.024893  -0.361754
4.08407  0.628319  1.88496  0.0207476  -0.368094
7.22566  0.628319  1.88496  0.0134339  -0.328161
14.7655  0.628319  1.88496  0.00561864  -0.222126
-16.6504  0.628319  2.51327  2.57932e-06  0.20326
-7.22566  0.628319  2.51327  4.06644e-06  0.327765
-5.34071  0.628319  2.51327  6.85146e-07  0.356302
-4.08407  0.628319  2.51327  2.48756e-06  0.368076
-2.82743  0.628319  2.51327  3.57578e-06  0.363175
-2.19911  0.628319  2.51327  3.68769e-06  0.348125
-1.5708  0.628319  2.51327  3.89275e-06  0.317958
-0.942478  0.628319  2.51327  4.19737e-06  0.262563
-0.314159  0.628319  2.51327  4.77007e-06  0.166392
0.314159  0.628319  2.51327  4.4288e-06  -0.16641
0.942478  0.628319  2.51327  3.81898e-06  -0.262579
1.5708  0.628319  2.51327  3.49887e-06  -0.317973
2.19911  0.628319  2.51327  3.24098e-06  -0.34814
2.82743  0.628319  2.51327  2.99628e-06  -0.363188
4.08407  0.628319  2.51327  2.59532e-06  -0.368088
7.22566  0.628319  2.51327  2.69073e-06  -0.327781
14.7655  0.628319  2.51327  2.04729e-06  -0.222041
-16.6504  0.628319  3.14159  -0.00176516  0.203233
-7.22566  0.628319  3.14159  -0.00510416  0.327611
-5.34071  0.628319  3.14159  -0.00667215  0.356145
-4.08407  0.628319  3.14159  -0.00809537  0.368053
-2.82743  0.628319  3.14159  -0.00998879  0.363719
-2.19911  0.628319  3.14159  -0.0111748  0.349399
-1.5708  0.628319  3.14159  -0.0125438  0.32072
-0.942478  0.628319  3.14159  -0.0140845  0.268266
-0.314159  0.628319  3.14159  -0.0151766  0.166509
0.314159  0.628319  3.14159  -0.0151772  -0.166528
0.942478  0.628319  3.14159  -0.014085  -0.268284
1.5708  0.628319  3.14159  -0.0125443  -0.320736
2.19911  0.628319  3.14159  -0.0111753  -0.349414
2.82743  0.628319  3.14159  -0.00998949  -0.363733
4.08407  0.628319  3.14159  -0.00809538  -0.368067
7.22566  0.628319  3.14159  -0.00510561  -0.327628
14.7655  0.628319  3.14159  -0.00211891  -0.222004
-16.6504  0.628319  3.76991  2.57932e-06  0.20326
-7.22566  0.628319  3.76991  4.06644e-06  0.327765
-5.34071  0.628319  3.76991  6.85146e-07  0.356302
-4.08407  0.628319  3.76991  2.48756e-06  0.368076
-2.82743  0.628319  3.76991  3.57578e-06  0.363175
-2.19911  0.628319  3.76991  3.68769e-06  0.348125
-1.5708  0.628319  3.76991  3.89275e-06  0.317958
-0.942478  0.628319  3.76991  4.19737e-06  0.262563
-0.314159  0.628319  3.76991  4.77007e-06  0.166392
0.314159  0.628319  3.76991  4.4288e-06  -0.16641
0.942478  0.628319  3.76991  3.81898e-06  -0.262579
1.5708  0.628319  3.76991  3.49887e-06  -0.317973
2.19911  0.628319  3.76991  3.24098e-06  -0.34814
2.82743  0.628319  3.76991  2.99628e-06  -0.363188
4.08407  0.628319  3.76991  2.59532e-06  -0.368088
7.22566  0.628319  3.76991  2.69073e-06  -0.327781
14.7655  0.628319  3.76991  2.04729e-06  -0.222041
-16.6504  0.628319  4.39823  0.00468395  0.203323
-7.22566  0.628319  4.39823  0.013435  0.328147
-5.34071  0.628319  4.39823  0.0173566  0.356679
-4.08407  0.628319  4.39823  0.0207471  0.368083
-2.82743  0.628319  4.39823  0.0248933  0.361742
-2.19911  0.628319  4.39823  0.0272516  0.345064
-1.5708  0.628319  4.39823  0.0297192  0.312263
-0.942478  0.628319  4.39823  0.0320312  0.252908
-0.314159  0.628319  4.39823  0.0335707  0.142276
0.314159  0.628319  4.39823  0.0335704  -0.142292
0.942478  0.628319  4.39823  0.032031  -0.252922
1.5708  0.628319  4.39823  0.029719  -0.312276
2.19911  0.628319  4.39823  0.0272513  -0.345076
2.82743  0.628319  4.39823  0.024893  -0.361754
4.08407  0.628319  4.39823  0.0207476  -0.368094
7.22566  0.628319  4.39823  0.0134339  -0.328161
14.7655  0.628319  4.39823  0.00561864  -0.222126
-16.6504  0.628319  5.02655  0.0105699  0.203384
-7.22566  0.628319  5.02655  0.0301212  0.328591
-5.34071  0.628319  5.02655  0.038538  0.357102
-4.08407  0.628319  5.02655  0.0454347  0.368014
-2.82743  0.628319  5.02655  0.0531506  0.359801
-2.19911  0.628319  5.02655  0.0570656  0.34098
-1.5708  0.628319  5.02655  0.0606952  0.304477
-0.942478  0.628319  5.02655  0.0635961  0.239199
-0.314159  0.628319  5.02655  0.0652428  0.129583
0.314159  0.628319  5.02655  0.0652427  -0.129596
0.942478  0.628319  5.02655  0.0635961  -0.239211
1.5708  0.628319  5.02655  0.0606952  -0.304488
2.19911  0.628319  5.02655  0.0570657  -0.34099
2.82743  0.628319  5.02655  0.0531506  -0.359811
4.08407  0.628319  5.02655  0.0454356  -0.368022
7.22566  0.628319  5.02655  0.0301203  -0.328603
14.7655  0.628319  5.02655  0.0126798  -0.222212
-16.6504  0.628319  5.65487  0.0154112  0.203419
-7.22566  0.628319  5.65487  0.0436809  0.328922
-5.34071  0.628319  5.65487  0.0554443  0.357405
-4.08407  0.628319  5.65487  0.064648  0.367888
-2.82743  0.628319  5.65487  0.0741601  0.358111
-2.19911  0.628319  5.65487  0.0785155  0.337629
-1.5708  0.628319  5.65487  0.0821646  0.298713
-0.942478  0.628319  5.65487  0.0847477  0.230756
-0.314159  0.628319  5.65487  0.0860482  0.113785
0.314159  0.628319  5.65487  0.0860481  -0.113796
0.942478  0.628319  5.65487  0.0847478  -0.230765
1.5708  0.628319  5.65487  0.0821647  -0.298721
2.19911  0.628319  5.65487  0.0785157  -0.337637
2.82743  0.628319  5.65487  0.0741604  -0.358119
4.08407  0.628319  5.65487  0.0646492  -0.367895
7.22566  0.628319  5.65487  0.0436801  -0.328932
14.7655  0.628319  5.65487  0.0184873  -0.222265
-16.6504  0.628319  6.28319  0.0172737  0.203428
-7.22566  0.628319  6.28319  0.0488528  0.329035
-5.34071  0.628319  6.28319  0.0618169  0.357499
-4.08407  0.628319  6.28319  0.0717739  0.367801
-2.82743  0.628319  6.28319  0.0817422  0.35737
-2.19911  0.628319  6.28319  0.0861266  0.33615
-1.5708  0.628319  6.28319  0.0896739  0.29597
-0.942478  0.628319  6.28319  0.0921042  0.22628
-0.314159  0.628319  6.28319  0.093304  0.116704
0.314159  0.628319  6.28319  0.0933041  -0.116715
0.942478  0.628319  6.28319  0.0921043  -0.226289
1.5708  0.628319  6.28319  0.0896741  -0.295978
2.19911  0.628319  6.28319  0.0861269  -0.336158
2.82743  0.628319  6.28319  0.0817425  -0.357378
4.08407  0.628319  6.28319  0.0717753  -0.367807
7.22566  0.628319  6.28319  0.0488522  -0.329044
14.7655  0.628319  6.28319  0.0207211  -0.222279
-16.6504  1.25664  0  0.0123743  0.203383
-7.22566  1.25664  0  0.0352211  0.328635
-5.34071  1.25664  0  0.0449916  0.357173
-4.08407  1.25664  0  0.052914  0.368078
-2.82743  1.25664  0  0.0615911  0.359717
-2.19911  1.25664  0  0.0658602  0.340645
-1.5708  1.25664  0  0.0696912  0.303663
-0.942478  1.25664  0  0.0726309  0.237479
-0.314159  1.25664  0  0.0742267  0.118818
0.314159  1.25664  0  0.0742266  -0.11883
0.942478  1.25664  0  0.0726309  -0.23749
1.5708  1.25664  0  0.0696912  -0.303673
2.19911  1.25664  0  0.0658603  -0.340654
2.82743  1.25664  0  0.0615912  -0.359726
4.08407  1.25664  0  0.0529149  -0.368086
7.22566  1.25664  0  0.0352203  -0.328647
14.7655  1.25664  0  0.014844  -0.222211
-16.6504  1.25664  0.628319  0.0105699  0.203384
-7.22566  1.25664  0.628319  0.0301212  0.328591
-5.34071  1.25664  0.628319  0.038538  0.357102
-4.08407  1.25664  0.628319  0.0454347  0.368014
-2.82743  1.25664  0.628319  0.0531506  0.359801
-2.19911  1.25664  0.628319  0.0570656  0.34098
-1.5708  1.25664  0.628319  0.0606952  0.304477
-0.942478  1.25664  0.628319  0.0635961  0.239199
-0.314159  1.25664  0.628319  0.0652428  0.129583
0.314159  1.25664  0.628319  0.0652427  -0.129596
0.942478  1.25664  0.628319  0.0635961  -0.239211
1.5708  1.25664  0.628319  0.0606952  -0.304488
2.19911  1.25664  0.628319  0.0570657  -0.34099
2.82743  1.25664  0.628319  0.0531506  -0.359811
4.08407  1.25664  0.628319  0.0454356  -0.368022
7.22566  1.25664  0.628319  0.0301203  -0.328603
14.7655  1.25664  0.628319  0.0126798  -0.222212
-16.6504  1.25664  1.25664  0.00583469  0.203378
-7.22566  1.25664  1.25664  0.0166686  0.328461
-5.34071  1.25664  1.25664  0.0214025  0.356924
-4.08407  1.25664  1.25664  0.0253724  0.367887
-2.82743  1.25664  1.25664  0.0300176  0.360112
-2.19911  1.25664  1.25664  0.0325333  0.34203
-1.5708  1.25664  1.25664  0.0350376  0.307321
-0.942478  1.25664  1.25664  0.0372111  0.246162
-0.314159  1.25664  1.25664  0.0385418  0.136848
0.314159  1.25664  1.25664  0.0385415  -0.136864
0.942478  1.25664  1.25664  0.037211  -0.246176
1.5708  1.25664  1.25664  0.0350375  -0.307334
2.19911  1.25664  1.25664  0.0325332  -0.342042
2.82743  1.25664  1.25664  0.0300174  -0.360124
4.08407  1.25664  1.25664  0.0253729  -0.367898
7.22566  1.25664  1.25664  0.0166675  -0.328475
14.7655  1.25664  1.25664  0.00699934  -0.222203
-16.6504  1.25664  1.88496  2.57607e-06  0.203352
-7.22566  1.25664  1.88496  4.12726e-06  0.328287
-5.34071  1.25664  1.88496  7.41937e-07  0.356753
-4.08407  1.25664  1.88496  2.48823e-06  0.367884
-2.82743  1.25664  1.88496  3.56927e-06  0.360707
-2.19911  1.25664  1.88496  3.66688e-06  0.34322
-1.5708  1.25664  1.88496  3.83891e-06  0.309354
-0.942478  1.25664  1.88496  4.09023e-06  0.249727
-0.314159  1.25664  1.88496  4.62263e-06  0.15464
0.314159  1.25664  1.88496  4.39283e-06  -0.154658
0.942478  1.25664  1.88496  3.82678e-06  -0.249743
1.5708  1.25664  1.88496  3.53453e-06  -0.309369
2.19911  1.25664  1.88496  3.2913e-06  -0.343234
2.82743  1.25664  1.88496  3.07381e-06  -0.360721
4.08407  1.25664  1.88496  2.61352e-06  -0.367897
7.22566  1.25664  1.88496  2.69207e-06  -0.328303
14.7655  1.25664  1.88496  2.05279e-06  -0.22217
-16.6504  1.25664  2.51327  -0.0046788  0.203317
-7.22566  1.25664  2.51327  -0.0134268  0.328146
-5.34071  1.25664  2.51327  -0.0173551  0.356678
-4.08407  1.25664  2.51327  -0.0207421  0.368082
-2.82743  1.25664  2.51327  -0.0248862  0.361741
-2.19911  1.25664  2.51327  -0.0272442  0.345062
-1.5708  1.25664  2.51327  -0.0297114  0.312261
-0.942478  1.25664  2.51327  -0.0320228  0.252906
-0.314159  1.25664  2.51327  -0.0335614  0.142274
0.314159  1.25664  2.51327  -0.0335618  -0.142294
0.942478  1.25664  2.51327  -0.0320233  -0.252924
1.5708  1.25664  2.51327  -0.0297119  -0.312278
2.19911  1.25664  2.51327  -0.0272448  -0.345078
2.82743  1.25664  2.51327  -0.0248869  -0.361756
4.08407  1.25664  2.51327  -0.0207424  -0.368096
7.22566  1.25664  2.51327  -0.0134285  -0.328164
14.7655  1.25664  2.51327  -0.00561454  -0.222127
-16.6504  1.25664  3.14159  -0.00645526  0.203301
-7.22566  1.25664  3.14159  -0.0185343  0.328088
-5.34071  1.25664  3.14159  -0.0239753  0.356656
-4.08407  1.25664  3.14159  -0.0286798  0.36819
-2.82743  1.25664  3.14159  -0.034433  0.362213
-2.19911  1.25664  3.14159  -0.0376884  0.345797
-1.5708  1.25664  3.14159  -0.041063  0.312967
-0.942478  1.25664  3.14159  -0.0441895  0.252
-0.314159  1.25664  3.14159  -0.0462071  0.141832
0.314159  1.25664  3.14159  -0.0462075  -0.141853
0.942478  1.25664  3.14159  -0.04419  -0.252019
1.5708  1.25664  3.14159  -0.0410635  -0.312985
2.19911  1.25664  3.14159  -0.0376891  -0.345814
2.82743  1.25664  3.14159  -0.0344339  -0.362229
4.08407  1.25664  3.14159  -0.0286802  -0.368205
7.22566  1.25664  3.14159  -0.0185361  -0.328107
14.7655  1.25664  3.14159  -0.00774582  -0.222107
-16.6504  1.25664  3.76991  -0.0046788  0.203317
-7.22566  1.25664  3.76991  -0.0134268  0.328146
-5.34071  1.25664  3.76991  -0.0173551  0.356678
-4.08407  1.25664  3.76991  -0.0207421  0.368082
-2.82743  1.25664  3.76991  -0.0248862  0.361741
-2.19911  1.25664  3.76991  -0.0272442  0.345062
-1.5708  1.25664  3.76991  -0.0297114  0.312261
-0.942478  1.25664  3.76991  -0.0320228  0.252906
-0.314159  1.25664  3.76991  -0.0335614  0.142274
0.314159  1.25664  3.76991  -0.0335618  -0.142294
0.942478  1.25664  3.76991  -0.0320233  -0.252924
1.5708  1.25664  3.76991  -0.0297119  -0.312278
2.19911  1.25664  3.76991  -0.0272448  -0.345078
2.82743  1.25664  3.76991  -0.0248869  -0.361756
4.08407  1.25664  3.76991  -0.0207424  -0.368096
7.22566  1.25664  3.76991  -0.0134285  -0.328164
14.7655  1.25664  3.76991  -0.00561454  -0.222127
-16.6504  1.25664  4.39823  2.57607e-06  0.203352
-7.22566  1.25664  4.39823  4.12726e-06  0.328287
-5.34071  1.25664  4.39823  7.41937e-07  0.356753
-4.08407  1.25664  4.39823  2.48823e-06  0.367884
-2.82743  1.25664  4.39823  3.56927e-06  0.360707
-2.19911  1.25664  4.39823  3.66688e-06  0.34322
-1.5708  1.25664  4.39823  3.83891e-06  0.309354
-0.942478  1.25664  4.39823  4.09023e-06  0.249727
-0.314159  1.25664  4.39823  4.62263e-06  0.15464
0.314159  1.25664  4.39823  4.39283e-06  -0.154658
0.942478  1.25664  4.39823  3.82678e-06  -0.249743
1.5708  1.25664  4.39823  3.53453e-06  -0.309369
2.19911  1.25664  4.39823  3.2913e-06  -0.343234
2.82743  1.25664  4.39823  3.07381e-06  -0.360721
4.08407  1.25664  4.39823  2.61352e-06  -0.367897
7.22566  1.25664  4.39823  2.69207e-06  -0.328303
14.7655  1.25664  4.39823  2.05279e-06  -0.22217
-16.6504  1.25664  5.02655  0.00583469  0.203378
-7.22566  1.25664  5.02655  0.0166686  0.328461
-5.34071  1.25664  5.02655  0.0214025  0.356924
-4.08407  1.25664  5.02655  0.0253724  0.367887
-2.82743  1.25664  5.02655  0.0300176  0.360112
-2.19911  1.25664  5.02655  0.0325333  0.34203
-1.5708  1.25664  5.02655  0.0350376  0.307321
-0.942478  1.25664  5.02655  0.0372111  0.246162
-0.314159  1.25664  5.02655  0.0385418  0.136848
0.314159  1.25664  5.02655  0.0385415  -0.136864
0.942478  1.25664  5.02655  0.037211  -0.246176
1.5708  1.25664  5.02655  0.0350375  -0.307334
2.19911  1.25664  5.02655  0.0325332  -0.342042
2.82743  1.25664  5.02655  0.0300174  -0.360124
4.08407  1.25664  5.02655  0.0253729  -0.367898
7.22566  1.25664  5.02655  0.0166675  -0.328475
14.7655  1.25664  5.02655  0.00699934  -0.222203
-16.6504  1.25664  5.65487  0.0105699  0.203384
-7.22566  1.25664  5.65487  0.0301212  0.328591
-5.34071  1.25664  5.65487  0.038538  0.357102
-4.08407  1.25664  5.65487  0.0454347  0.368014
-2.82743  1.25664  5.65487  0.0531506  0.359801
-2.19911  1.25664  5.65487  0.0570656  0.34098
-1.5708  1.25664  5.65487  0.0606952  0.304477
-0.942478  1.25664  5.65487  0.0635961  0.239199
-0.314159  1.25664  5.65487  0.0652428  0.129583
0.314159  1.25664  5.65487  0.0652427  -0.129596
0.942478  1.25664  5.65487  0.0635961  -0.239211
1.5708  1.25664  5.65487  0.0606952  -0.304488
2.19911  1.25664  5.65487  0.0570657  -0.34099
2.82743  1.25664  5.65487  0.0531506  -0.359811
4.08407  1.25664  5.65487  0.0454356  -0.368022
7.22566  1.25664  5.65487  0.0301203  -0.328603
14.7655  1.25664  5.65487  0.0126798  -0.222212
-16.6504  1.25664  6.28319  0.0123743  0.203383
-7.22566  1.25664  6.28319  0.0352211  0.328635
-5.34071  1.25664  6.28319  0.0449916  0.357173
-4.08407  1.25664  6.28319  0.052914  0.368078
-2.82743  1.25664  6.28319  0.0615911  0.359717
-2.19911  1.25664  6.28319  0.0658602  0.340645
-1.5708  1.25664  6.28319  0.0696912  0.303663
-0.942478  1.25664  6.28319  0.0726309  0.237479
-0.314159  1.25664  6.28319  0.0742267  0.118818
0.314159  1.25664  6.28319  0.0742266  -0.11883
0.942478  1.25664  6.28319  0.0726309  -0.23749
1.5708  1.25664  6.28319  0.0696912  -0.303673
2.19911  1.25664  6.28319  0.0658603  -0.340654
2.82743  1.25664  6.28319  0.0615912  -0.359726
4.08407  1.25664  6.28319  0.0529149  -0.368086
7.22566  1.25664  6.28319  0.0352203  -0.328647
14.7655  1.25664  6.28319  0.014844  -0.222211
-16.6504  1.88496  0  0.00646041  0.203308
-7.22566  1.88496  0  0.0185425  0.32809
-5.34071  1.88496  0  0.0239767  0.356659
-4.08407  1.88496  0  0.0286848  0.368192
-2.82743  1.88496  0  0.0344402  0.362215
-2.19911  1.88496  0  0.0376958  0.3458
-1.5708  1.88496  0  0.0410708  0.31297
-0.942478  1.88496  0  0.0441979  0.252003
-0.314159  1.88496  0  0.0462163  0.141835
0.314159  1.88496  0  0.046216  -0.14185
0.942478  1.88496  0  0.0441977  -0.252016
1.5708  1.88496  0  0.0410706  -0.312982
2.19911  1.88496  0  0.0376957  -0.345811
2.82743  1.88496  0  0.03444  -0.362226
4.08407  1.88496  0  0.0286853  -0.368202
7.22566  1.88496  0  0.0185415  -0.328104
14.7655  1.88496  0  0.00774991  -0.222105
-16.6504  1.88496  0.628319  0.00468395  0.203323
-7.22566  1.88496  0.628319  0.013435  0.328147
-5.34071  1.88496  0.628319  0.0173566  0.356679
-4.08407  1.88496  0.628319  0.0207471  0.368083
-2.82743  1.88496  0.628319  0.0248933  0.361742
-2.19911  1.88496  0.628319  0.0272516  0.345064
-1.5708  1.88496  0.628319  0.0297192  0.312263
-0.942478  1.88496  0.628319  0.0320312  0.252908
-0.314159  1.88496  0.628319  0.0335707  0.142276
0.314159  1.88496  0.628319  0.0335704  -0.142292
0.942478  1.88496  0.628319  0.032031  -0.252922
1.5708  1.88496  0.628319  0.029719  -0.312276
2.19911  1.88496  0.628319  0.0272513  -0.345076
2.82743  1.88496  0.628319  0.024893  -0.361754
4.08407  1.88496  0.628319  0.0207476  -0.368094
7.22566  1.88496  0.628319  0.0134339  -0.328161
14.7655  1.88496  0.628319  0.00561864  -0.222126
-16.6504  1.88496  1.25664  2.57607e-06  0.203352
-7.22566  1.88496  1.25664  4.12726e-06  0.328287
-5.34071  1.88496  1.25664  7.41937e-07  0.356753
-4.08407  1.88496  1.25664  2.48823e-06  0.367884
-2.82743  1.88496  1.25664  3.56927e-06  0.360707
-2.19911  1.88496  1.25664  3.66688e-06  0.34322
-1.5708  1.88496  1.25664  3.83891e-06  0.309354
-0.942478  1.88496  1.25664  4.09023e-06  0.249727
-0.314159  1.88496  1.25664  4.62263e-06  0.15464
0.314159  1.88496  1.25664  4.39283e-06  -0.154658
0.942478  1.88496  1.25664  3.82678e-06  -0.249743
1.5708  1.88496  1.25664  3.53453e-06  -0.309369
2.19911  1.88496  1.25664  3.2913e-06  -0.343234
2.82743  1.88496  1.25664  3.07381e-06  -0.360721
4.08407  1.88496  1.25664  2.61352e-06  -0.367897
7.22566  1.88496  1.25664  2.69207e-06  -0.328303
14.7655  1.88496  1.25664  2.05279e-06  -0.22217
-16.6504  1.88496  1.88496  -0.00582955  0.203372
-7.22566  1.88496  1.88496  -0.0166603  0.328459
-5.34071  1.88496  1.88496  -0.021401  0.356922
-4.08407  1.88496  1.88496  -0.0253674  0.367885
-2.82743  1.88496  1.88496  -0.0300104  0.36011
-2.19911  1.88496  1.88496  -0.032526  0.342028
-1.5708  1.88496  1.88496  -0.0350299  0.307319
-0.942478  1.88496  1.88496  -0.0372029  0.24616
-0.314159  1.88496  1.88496  -0.0385327  0.136846
0.314159  1.88496  1.88496  -0.038533  -0.136866
0.942478  1.88496  1.88496  -0.0372033  -0.246178
1.5708  1.88496  1.88496  -0.0350304  -0.307336
2.19911  1.88496  1.88496  -0.0325266  -0.342044
2.82743  1.88496  1.88496  -0.0300112  -0.360126
4.08407  1.88496  1.88496  -0.0253677  -0.3679
7.22566  1.88496  1.88496  -0.0166621  -0.328478
14.7655  1.88496  1.88496  -0.00699524  -0.222204
-16.6504  1.88496  2.51327  -0.0105647  0.203373
-7.22566  1.88496  2.51327  -0.0301129  0.328588
-5.34071  1.88496  2.51327  -0.0385365  0.357099
-4.08407  1.88496  2.51327  -0.0454297  0.36801
-2.82743  1.88496  2.51327  -0.0531434  0.359798
-2.19911  1.88496  2.51327  -0.0570583  0.340976
-1.5708  1.88496  2.51327  -0.0606875  0.304473
-0.942478  1.88496  2.51327  -0.063588  0.239195
-0.314159  1.88496  2.51327  -0.0652339  0.129579
0.314159  1.88496  2.51327  -0.0652341  -0.1296
0.942478  1.88496  2.51327  -0.0635884  -0.239215
1.5708  1.88496  2.51327  -0.060688  -0.304493
2.19911  1.88496  2.51327  -0.057059  -0.340995
2.82743  1.88496  2.51327  -0.0531444  -0.359815
4.08407  1.88496  2.51327  -0.0454303  -0.368027
7.22566  1.88496  2.51327  -0.0301149  -0.328608
14.7655  1.88496  2.51327  -0.0126758  -0.222215
-16.6504  1.88496  3.14159  -0.0123692  0.203369
-7.22566  1.88496  3.14159  -0.0352128  0.328632
-5.34071  1.88496  3.14159  -0.04499  0.357169
-4.08407  1.88496  3.14159  -0.052909  0.368073
-2.82743  1.88496  3.14159  -0.0615839  0.359712
-2.19911  1.88496  3.14159  -0.0658528  0.34064
-1.5708  1.88496  3.14159  -0.0696834  0.303658
-0.942478  1.88496  3.14159  -0.0726227  0.237474
-0.314159  1.88496  3.14159  -0.074218  0.118813
0.314159  1.88496  3.14159  -0.0742182  -0.118835
0.942478  1.88496  3.14159  -0.0726231  -0.237495
1.5708  1.88496  3.14159  -0.069684  -0.303678
2.19911  1.88496  3.14159  -0.0658536  -0.34066
2.82743  1.88496  3.14159  -0.061585  -0.359731
4.08407  1.88496  3.14159  -0.0529097  -0.368091
7.22566  1.88496  3.14159  -0.0352149  -0.328653
14.7655  1.88496  3.14159  -0.01484  -0.222214
-16.6504  1.88496  3.76991  -0.0105647  0.203373
-7.22566  1.88496  3.76991  -0.0301129  0.328588
-5.34071  1.88496  3.76991  -0.0385365  0.357099
-4.08407  1.88496  3.76991  -0.0454297  0.36801
-2.82743  1.88496  3.76991  -0.0531434  0.359798
-2.19911  1.88496  3.76991  -0.0570583  0.340976
-1.5708  1.88496  3.76991  -0.0606875  0.304473
-0.942478  1.88496  3.76991  -0.063588  0.239195
-0.314159  1.88496  3.76991  -0.0652339  0.129579
0.314159  1.88496  3.76991  -0.0652341  -0.1296
0.942478  1.88496  3.76991  -0.0635884  -0.239215
1.5708  1.88496  3.76991  -0.060688  -0.304493
2.19911  1.88496  3.76991  -0.057059  -0.340995
2.82743  1.88496  3.76991  -0.0531444  -0.359815
4.08407  1.88496  3.76991  -0.0454303  -0.368027
7.22566  1.88496  3.76991  -0.0301149  -0.328608
14.7655  1.88496  3.76991  -0.0126758  -0.222215
-16.6504  1.88496  4.39823  -0.00582955  0.203372
-7.22566  1.88496  4.39823  -0.0166603  0.328459
-5.34071  1.88496  4.39823  -0.021401  0.356922
-4.08407  1.88496  4.39823  -0.0253674  0.367885
-2.82743  1.88496  4.39823  -0.0300104  0.36011
-2.19911  1.88496  4.39823  -0.032526  0.342028
-1.5708  1.88496  4.39823  -0.0350299  0.307319
-0.942478  1.88496  4.39823  -0.0372029  0.24616
-0.314159  1.88496  4.39823  -0.0385327  0.136846
0.314159  1.88496  4.39823  -0.038533  -0.136866
0.942478  1.88496  4.39823  -0.0372033  -0.246178
1.5708  1.88496  4.39823  -0.0350304  -0.307336
2.19911  1.88496  4.39823  -0.0325266  -0.342044
2.82743  1.88496  4.39823  -0.0300112  -0.360126
4.08407  1.88496  4.39823  -0.0253677  -0.3679
7.22566  1.88496  4.39823  -0.0166621  -0.328478
14.7655  1.88496  4.39823  -0.00699524  -0.222204
-16.6504  1.88496  5.02655  2.57607e-06  0.203352
-7.22566  1.88496  5.02655  4.12726e-06  0.328287
-5.34071  1.88496  5.02655  7.41937e-07  0.356753
-4.08407  1.88496  5.02655  2.48823e-06  0.367884
-2.82743  1.88496  5.02655  3.56927e-06  0.360707
-2.19911  1.88496  5.02655  3.66688e-06  0.34322
-1.5708  1.88496  5.02655  3.83891e-06  0.309354
-0.942478  1.88496  5.02655  4.09023e-06  0.249727
-0.314159  1.88496  5.02655  4.62263e-06  0.15464
0.314159  1.88496  5.02655  4.39283e-06  -0.154658
0.942478  1.88496  5.02655  3.82678e-06  -0.249743
1.5708  1.88496  5.02655  3.53453e-06  -0.309369
2.19911  1.88496  5.02655  3.2913e-06  -0.343234
2.82743  1.88496  5.02655  3.07381e-06  -0.360721
4.08407  1.88496  5.02655  2.61352e-06  -0.367897
7.22566  1.88496  5.02655  2.69207e-06  -0.328303
14.7655  1.88496  5.02655  2.05279e-06  -0.22217
-16.6504  1.88496  5.65487  0.00468395  0.203323
-7.22566  1.88496  5.65487  0.013435  0.328147
-5.34071  1.88496  5.65487  0.0173566  0.356679
-4.08407  1.88496  5.65487  0.0207471  0.368083
-2.82743  1.88496  5.65487  0.0248933  0.361742
-2.19911  1.88496  5.65487  0.0272516  0.345064
-1.5708  1.88496  5.65487  0.0297192  0.312263
-0.942478  1.88496  5.65487  0.0320312  0.252908
-0.314159  1.88496  5.65487  0.0335707  0.142276
0.314159  1.88496  5.65487  0.0335704  -0.142292
0.942478  1.88496  5.65487  0.032031  -0.252922
1.5708  1.88496  5.65487  0.029719  -0.312276
2.19911  1.88496  5.65487  0.0272513  -0.345076
2.82743  1.88496  5.65487  0.024893  -0.361754
4.08407  1.88496  5.65487  0.0207476  -0.368094
7.22566  1.88496  5.65487  0.0134339  -0.328161
14.7655  1.88496  5.65487  0.00561864  -0.222126
-16.6504  1.88496  6.28319  0.00646041  0.203308
-7.22566  1.88496  6.28319  0.0185425  0.32809
-5.34071  1.88496  6.28319  0.0239767  0.356659
-4.08407  1.88496  6.28319  0.0286848  0.368192
-2.82743  1.88496  6.28319  0.0344402  0.362215
-2.19911  1.88496  6.28319  0.0376958  0.3458
-1.5708  1.88496  6.28319  0.0410708  0.31297
-0.942478  1.88496  6.28319  0.0441979  0.252003
-0.314159  1.88496  6.28319  0.0462163  0.141835
0.314159  1.88496  6.28319  0.046216  -0.14185
0.942478  1.88496  6.28319  0.0441977  -0.252016
1.5708  1.88496  6.28319  0.0410706  -0.312982
2.19911  1.88496  6.28319  0.0376957  -0.345811
2.82743  1.88496  6.28319  0.03444  -0.362226
4.08407  1.88496  6.28319  0.0286853  -0.368202
7.22566  1.88496  6.28319  0.0185415  -0.328104
14.7655  1.88496  6.28319  0.00774991  -0.222105
-16.6504  2.51327  0  0.00177032  0.203235
-7.22566  2.51327  0  0.00511226  0.327612
-5.34071  2.51327  0  0.0066735  0.356146
-4.08407  2.51327  0  0.00810033  0.368054
-2.82743  2.51327  0  0.00999594  0.363719
-2.19911  2.51327  0  0.0111821  0.3494
-1.5708  2.51327  0  0.0125516  0.320721
-0.942478  2.51327  0  0.014093  0.268267
-0.314159  2.51327  0  0.0151864  0.16651
0.314159  2.51327  0  0.0151859  -0.166528
0.942478  2.51327  0  0.0140926  -0.268283
1.5708  2.51327  0  0.0125513  -0.320735
2.19911  2.51327  0  0.0111818  -0.349413
2.82743  2.51327  0  0.00999542  -0.363732
4.08407  2.51327  0  0.00810057  -0.368066
7.22566  2.51327  0  0.005111  -0.327627
14.7655  2.51327  0  0.002123  -0.222004
-16.6504  2.51327  0.628319  2.57932e-06  0.20326
-7.22566  2.51327  0.628319  4.06644e-06  0.327765
-5.34071  2.51327  0.628319  6.85146e-07  0.356302
-4.08407  2.51327  0.628319  2.48756e-06  0.368076
-2.82743  2.51327  0.628319  3.57578e-06  0.363175
-2.19911  2.51327  0.628319  3.68769e-06  0.348125
-1.5708  2.51327  0.628319  3.89275e-06  0.317958
-0.942478  2.51327  0.628319  4.19737e-06  0.262563
-0.314159  2.51327  0.628319  4.77007e-06  0.166392
0.314159  2.51327  0.628319  4.4288e-06  -0.16641
0.942478  2.51327  0.628319  3.81898e-06  -0.262579
1.5708  2.51327  0.628319  3.49887e-06  -0.317973
2.19911  2.51327  0.628319  3.24098e-06  -0.34814
2.82743  2.51327  0.628319  2.99628e-06  -0.363188
4.08407  2.51327  0.628319  2.59532e-06  -0.368088
7.22566  2.51327  0.628319  2.69073e-06  -0.327781
14.7655  2.51327  0.628319  2.04729e-06  -0.222041
-16.6504  2.51327  1.25664  -0.0046788  0.203317
-7.22566  2.51327  1.25664  -0.0134268  0.328146
-5.34071  2.51327  1.25664  -0.0173551  0.356678
-4.08407  2.51327  1.25664  -0.0207421  0.368082
-2.82743  2.51327  1.25664  -0.0248862  0.361741
-2.19911  2.51327  1.25664  -0.0272442  0.345062
-1.5708  2.51327  1.25664  -0.0297114  0.312261
-0.942478  2.51327  1.25664  -0.0320228  0.252906
-0.314159  2.51327  1.25664  -0.0335614  0.142274
0.314159  2.51327  1.25664  -0.0335618  -0.142294
0.942478  2.51327  1.25664  -0.0320233  -0.252924
1.5708  2.51327  1.25664  -0.0297119  -0.312278
2.19911  2.51327  1.25664  -0.0272448  -0.345078
2.82743  2.51327  1.25664  -0.0248869  -0.361756
4.08407  2.51327  1.25664  -0.0207424  -0.368096
7.22566  2.51327  1.25664  -0.0134285  -0.328164
14.7655  2.51327  1.25664  -0.00561454  -0.222127
-16.6504  2.51327  1.88496  -0.0105647  0.203373
-7.22566  2.51327  1.88496  -0.0301129  0.328588
-5.34071  2.51327  1.88496  -0.0385365  0.357099
-4.08407  2.51327  1.88496  -0.0454297  0.36801
-2.82743  2.51327  1.88496  -0.0531434  0.359798
-2.19911  2.51327  1.88496  -0.0570583  0.340976
-1.5708  2.51327  1.88496  -0.0606875  0.304473
-0.942478  2.51327  1.88496  -0.063588  0.239195
-0.314159  2.51327  1.88496  -0.0652339  0.129579
0.314159  2.51327  1.88496  -0.0652341  -0.1296
0.942478  2.51327  1.88496  -0.0635884  -0.239215
1.5708  2.51327  1.88496  -0.060688  -0.304493
2.19911  2.51327  1.88496  -0.057059  -0.340995
2.82743  2.51327  1.88496  -0.0531444  -0.359815
4.08407  2.51327  1.88496  -0.0454303  -0.368027
7.22566  2.51327  1.88496  -0.0301149  -0.328608
14.7655  2.51327  1.88496  -0.0126758  -0.222215
-16.6504  2.51327  2.51327  -0.0154061  0.203403
-7.22566  2.51327  2.51327  -0.0436725  0.328918
-5.34071  2.51327  2.51327  -0.0554427  0.3574
-4.08407  2.51327  2.51327  -0.064643  0.367882
-2.82743  2.51327  2.51327  -0.074153  0.358105
-2.19911  2.51327  2.51327  -0.0785082  0.337623
-1.5708  2.51327  2.51327  -0.0821569  0.298707
-0.942478  2.51327  2.51327  -0.0847396  0.23075
-0.314159  2.51327  2.51327  -0.0860395  0.113779
0.314159  2.51327  2.51327  -0.0860398  -0.113802
0.942478  2.51327  2.51327  -0.08474  -0.230772
1.5708  2.51327  2.51327  -0.0821575  -0.298728
2.19911  2.51327  2.51327  -0.078509  -0.337644
2.82743  2.51327  2.51327  -0.074154  -0.358125
4.08407  2.51327  2.51327  -0.064644  -0.367901
7.22566  2.51327  2.51327  -0.0436748  -0.32894
14.7655  2.51327  2.51327  -0.0184833  -0.222269
-16.6504  2.51327  3.14159  -0.0172686  0.203409
-7.22566  2.51327  3.14159  -0.0488444  0.32903
-5.34071  2.51327  3.14159  -0.0618153  0.357493
-4.08407  2.51327  3.14159  -0.0717689  0.367795
-2.82743  2.51327  3.14159  -0.081735  0.357364
-2.19911  2.51327  3.14159  -0.0861193  0.336144
-1.5708  2.51327  3.14159  -0.0896663  0.295963
-0.942478  2.51327  3.14159  -0.0920963  0.226273
-0.314159  2.51327  3.14159  -0.0932955  0.116698
0.314159  2.51327  3.14159  -0.0932956  -0.116722
0.942478  2.51327  3.14159  -0.0920966  -0.226296
1.5708  2.51327  3.14159  -0.0896669  -0.295985
2.19911  2.51327  3.14159  -0.0861201  -0.336165
2.82743  2.51327  3.14159  -0.0817361  -0.357385
4.08407  2.51327  3.14159  -0.07177  -0.367814
7.22566  2.51327  3.14159  -0.0488468  -0.329053
14.7655  2.51327  3.14159  -0.0207171  -0.222284
-16.6504  2.51327  3.76991  -0.0154061  0.203403
-7.22566  2.51327  3.76991  -0.0436725  0.328918
-5.34071  2.51327  3.76991  -0.0554427  0.3574
-4.08407  2.51327  3.76991  -0.064643  0.367882
-2.82743  2.51327  3.76991  -0.074153  0.358105
-2.19911  2.51327  3.76991  -0.0785082  0.337623
-1.5708  2.51327  3.76991  -0.0821569  0.298707
-0.942478  2.51327  3.76991  -0.0847396  0.23075
-0.314159  2.51327  3.76991  -0.0860395  0.113779
0.314159  2.51327  3.76991  -0.0860398  -0.113802
0.942478  2.51327  3.76991  -0.08474  -0.230772
1.5708  2.51327  3.76991  -0.0821575  -0.298728
2.19911  2.51327  3.76991  -0.078509  -0.337644
2.82743  2.51327  3.76991  -0.074154  -0.358125
4.08407  2.51327  3.76991  -0.064644  -0.367901
7.22566  2.51327  3.76991  -0.0436748  -0.32894
14.7655  2.51327  3.76991  -0.0184833  -0.222269
-16.6504  2.51327  4.39823  -0.0105647  0.203373
-7.22566  2.51327  4.39823  -0.0301129  0.328588
-5.34071  2.51327  4.39823  -0.0385365  0.357099
-4.08407  2.51327  4.39823  -0.0454297  0.36801
-2.82743  2.51327  4.39823  -0.0531434  0.359798
-2.19911  2.51327  4.39823  -0.0570583  0.340976
-1.5708  2.51327  4.39823  -0.0606875  0.304473
-0.942478  2.51327  4.39823  -0.063588  0.239195
-0.314159  2.51327  4.39823  -0.0652339  0.129579
0.314159  2.51327  4.39823  -0.0652341  -0.1296
0.942478  2.51327  4.39823  -0.0635884  -0.239215
1.5708  2.51327  4.39823  -0.060688  -0.304493
2.19911  2.51327  4.39823  -0.057059  -0.340995
2.82743  2.51327  4.39823  -0.0531444  -0.359815
4.08407  2.51327  4.39823  -0.0454303  -0.368027
7.22566  2.51327  4.39823  -0.0301149  -0.328608
14.7655  2.51327  4.39823  -0.0126758  -0.222215
-16.6504  2.51327  5.02655  -0.0046788  0.203317
-7.22566  2.51327  5.02655  -0.0134268  0.328146
-5.34071  2.51327  5.02655  -0.0173551  0.356678
-4.08407  2.51327  5.02655  -0.0207421  0.368082
-2.82743  2.51327  5.02655  -0.0248862  0.361741
-2.19911  2.51327  5.02655  -0.0272442  0.345062
-1.5708  2.51327  5.02655  -0.0297114  0.312261
-0.942478  2.51327  5.02655  -0.0320228  0.252906
-0.314159  2.51327  5.02655  -0.0335614  0.142274
0.314159  2.51327  5.02655  -0.0335618  -0.142294
0.942478  2.51327  5.02655  -0.0320233  -0.252924
1.5708  2.51327  5.02655  -0.0297119  -0.312278
2.19911  2.51327  5.02655  -0.0272448  -0.345078
2.82743  2.51327  5.02655  -0.0248869  -0.361756
4.08407  2.51327  5.02655  -0.0207424  -0.368096
7.22566  2.51327  5.02655  -0.0134285  -0.328164
14.7655  2.51327  5.02655  -0.00561454  -0.222127
-16.6504  2.51327  5.65487  2.57932e-06  0.20326
-7.22566  2.51327  5.65487  4.06644e-06  0.327765
-5.34071  2.51327  5.65487  6.85146e-07  0.356302
-4.08407  2.51327  5.65487  2.48756e-06  0.368076
-2.82743  2.51327  5.65487  3.57578e-06  0.363175
-2.19911  2.51327  5.65487  3.68769e-06  0.348125
-1.5708  2.51327  5.65487  3.89275e-06  0.317958
-0.942478  2.51327  5.65487  4.19737e-06  0.262563
-0.314159  2.51327  5.65487  4.77007e-06  0.166392
0.314159  2.51327  5.65487  4.4288e-06  -0.16641
0.942478  2.51327  5.65487  3.81898e-06  -0.262579
1.5708  2.51327  5.65487  3.49887e-06  -0.317973
2.19911  2.51327  5.65487  3.24098e-06  -0.34814
2.82743  2.51327  5.65487  2.99628e-06  -0.363188
4.08407  2.51327  5.65487  2.59532e-06  -0.368088
7.22566  2.51327  5.65487  2.69073e-06  -0.327781
14.7655  2.51327  5.65487  2.04729e-06  -0.222041
-16.6504  2.51327  6.28319  0.00177032  0.203235
-7.22566  2.51327  6.28319  0.00511226  0.327612
-5.34071  2.51327  6.28319  0.0066735  0.356146
-4.08407  2.51327  6.28319  0.00810033  0.368054
-2.82743  2.51327  6.28319  0.00999594  0.363719
-2.19911  2.51327  6.28319  0.0111821  0.3494
-1.5708  2.51327  6.28319  0.0125516  0.320721
-0.942478  2.51327  6.28319  0.014093  0.268267
-0.314159  2.51327  6.28319  0.0151864  0.16651
0.314159  2.51327  6.28319  0.0151859  -0.166528
0.942478  2.51327  6.28319  0.0140926  -0.268283
1.5708  2.51327  6.28319  0.0125513  -0.320735
2.19911  2.51327  6.28319  0.0111818  -0.349413
2.82743  2.51327  6.28319  0.00999542  -0.363732
4.08407  2.51327  6.28319  0.00810057  -0.368066
7.22566  2.51327  6.28319  0.005111  -0.327627
14.7655  2.51327  6.28319  0.002123  -0.222004
-16.6504  3.14159  0  2.57999e-06  0.203204
-7.22566  3.14159  0  4.03274e-06  0.327419
-5.34071  3.14159  0  6.47919e-07  0.355924
-4.08407  3.14159  0  2.47228e-06  0.367935
-2.82743  3.14159  0  3.55234e-06  0.364099
-2.19911  3.14159  0  3.65939e-06  0.350406
-1.5708  3.14159  0  3.8655e-06  0.322888
-0.942478  3.14159  0  4.19509e-06  0.27301
-0.314159  3.14159  0  4.93577e-06  0.190454
0.314159  3.14159  0  4.55859e-06  -0.190473
0.942478  3.14159  0  3.79799e-06  -0.273026
1.5708  3.14159  0  3.46333e-06  -0.322903
2.19911  3.14159  0  3.20256e-06  -0.35042
2.82743  3.14159  0  2.94799e-06  -0.364113
4.08407  3.14159  0  2.5935e-06  -0.367948
7.22566  3.14159  0  2.6923e-06  -0.327436
14.7655  3.14159  0  2.04039e-06  -0.221962
-16.6504  3.14159  0.628319  -0.00176516  0.203233
-7.22566  3.14159  0.628319  -0.00510416  0.327611
-5.34071  3.14159  0.628319  -0.00667215  0.356145
-4.08407  3.14159  0.628319  -0.00809537  0.368053
-2.82743  3.14159  0.628319  -0.00998879  0.363719
-2.19911  3.14159  0.628319  -0.0111748  0.349399
-1.5708  3.14159  0.628319  -0.0125438  0.32072
-0.942478  3.14159  0.628319  -0.0140845  0.268266
-0.314159  3.14159  0.628319  -0.0151766  0.166509
0.314159  3.14159  0.628319  -0.0151772  -0.166528
0.942478  3.14159  0.628319  -0.014085  -0.268284
1.5708  3.14159  0.628319  -0.0125443  -0.320736
2.19911  3.14159  0.628319  -0.0111753  -0.349414
2.82743  3.14159  0.628319  -0.00998949  -0.363733
4.08407  3.14159  0.628319  -0.00809538  -0.368067
7.22566  3.14159  0.628319  -0.00510561  -0.327628
14.7655  3.14159  0.628319  -0.00211891  -0.222004
-16.6504  3.14159  1.25664  -0.00645526  0.203301
-7.22566  3.14159  1.25664  -0.0185343  0.328088
-5.34071  3.14159  1.25664  -0.0239753  0.356656
-4.08407  3.14159  1.25664  -0.0286798  0.36819
-2.82743  3.14159  1.25664  -0.034433  0.362213
-2.19911  3.14159  1.25664  -0.0376884  0.345797
-1.5708  3.14159  1.25664  -0.041063  0.312967
-0.942478  3.14159  1.25664  -0.0441895  0.252
-0.314159  3.14159  1.25664  -0.0462071  0.141832
0.314159  3.14159  1.25664  -0.0462075  -0.141853
0.942478  3.14159  1.25664  -0.04419  -0.252019
1.5708  3.14159  1.25664  -0.0410635  -0.312985
2.19911  3.14159  1.25664  -0.0376891  -0.345814
2.82743  3.14159  1.25664  -0.0344339  -0.362229
4.08407  3.14159  1.25664  -0.0286802  -0.368205
7.22566  3.14159  1.25664  -0.0185361  -0.328107
14.7655  3.14159  1.25664  -0.00774582  -0.222107
-16.6504  3.14159  1.88496  -0.0123692  0.203369
-7.22566  3.14159  1.88496  -0.0352128  0.328632
-5.34071  3.14159  1.88496  -0.04499  0.357169
-4.08407  3.14159  1.88496  -0.052909  0.368073
-2.82743  3.14159  1.88496  -0.0615839  0.359712
-2.19911  3.14159  1.88496  -0.0658528  0.34064
-1.5708  3.14159  1.88496  -0.0696834  0.303658
-0.942478  3.14159  1.88496  -0.0726227  0.237474
-0.314159  3.14159  1.88496  -0.074218  0.118813
0.314159  3.14159  1.88496  -0.0742182  -0.118835
0.942478  3.14159  1.88496  -0.0726231  -0.237495
1.5708  3.14159  1.88496  -0.069684  -0.303678
2.19911  3.14159  1.88496  -0.0658536  -0.34066
2.82743  3.14159  1.88496  -0.061585  -0.359731
4.08407  3.14159  1.88496  -0.0529097  -0.368091
7.22566  3.14159  1.88496  -0.0352149  -0.328653
14.7655  3.14159  1.88496  -0.01484  -0.222214
-16.6504  3.14159  2.51327  -0.0172686  0.203409
-7.22566  3.14159  2.51327  -0.0488444  0.32903
-5.34071  3.14159  2.51327  -0.0618153  0.357493
-4.08407  3.14159  2.51327  -0.0717689  0.367795
-2.82743  3.14159  2.51327  -0.081735  0.357364
-2.19911  3.14159  2.51327  -0.0861193  0.336144
-1.5708  3.14159  2.51327  -0.0896663  0.295963
-0.942478  3.14159  2.51327  -0.0920963  0.226273
-0.314159  3.14159  2.51327  -0.0932955  0.116698
0.314159  3.14159  2.51327  -0.0932956  -0.116722
0.942478  3.14159  2.51327  -0.0920966  -0.226296
1.5708  3.14159  2.51327  -0.0896669  -0.295985
2.19911  3.14159  2.51327  -0.0861201  -0.336165
2.82743  3.14159  2.51327  -0.0817361  -0.357385
4.08407  3.14159  2.51327  -0.07177  -0.367814
7.22566  3.14159  2.51327  -0.0488468  -0.329053
14.7655  3.14159  2.51327  -0.0207171  -0.222284
-16.6504  3.14159  3.14159  -0.0191747  0.20342
-7.22566  3.14159  3.14159  -0.054116  0.329166
-5.34071  3.14159  3.14159  -0.0682532  0.357588
-4.08407  3.14159  3.14159  -0.0788859  0.367645
-2.82743  3.14159  3.14159  -0.0891909  0.356445
-2.19911  3.14159  3.14159  -0.0935545  0.334541
-1.5708  3.14159  3.14159  -0.0969797  0.293672
-0.942478  3.14159  3.14159  -0.0992686  0.223948
-0.314159  3.14159  3.14159  -0.100387  0.108864
0.314159  3.14159  3.14159  -0.100388  -0.108888
0.942478  3.14159  3.14159  -0.0992689  -0.223972
1.5708  3.14159  3.14159  -0.0969803  -0.293694
2.19911  3.14159  3.14159  -0.0935553  -0.334563
2.82743  3.14159  3.14159  -0.0891921  -0.356466
4.08407  3.14159  3.14159  -0.0788871  -0.367665
7.22566  3.14159  3.14159  -0.0541185  -0.32919
14.7655  3.14159  3.14159  -0.023004  -0.222304
-16.6504  3.14159  3.76991  -0.0172686  0.203409
-7.22566  3.14159  3.76991  -0.0488444  0.32903
-5.34071  3.14159  3.76991  -0.0618153  0.357493
-4.08407  3.14159  3.76991  -0.0717689  0.367795
-2.82743  3.14159  3.76991  -0.081735  0.357364
-2.19911  3.14159  3.76991  -0.0861193  0.336144
-1.5708  3.14159  3.76991  -0.0896663  0.295963
-0.942478  3.14159  3.76991  -0.0920963  0.226273
-0.314159  3.14159  3.76991  -0.0932955  0.116698
0.314159  3.14159  3.76991  -0.0932956  -0.116722
0.942478  3.14159  3.76991  -0.0920966  -0.226296
1.5708  3.14159  3.76991  -0.0896669  -0.295985
2.19911  3.14159  3.76991  -0.0861201  -0.336165
2.82743  3.14159  3.76991  -0.0817361  -0.357385
4.08407  3.14159  3.76991  -0.07177  -0.367814
7.22566  3.14159  3.76991  -0.0488468  -0.329053
14.7655  3.14159  3.76991  -0.0207171  -0.222284
-16.6504  3.14159  4.39823  -0.0123692  0.203369
-7.22566  3.14159  4.39823  -0.0352128  0.328632
-5.34071  3.14159  4.39823  -0.04499  0.357169
-4.08407  3.14159  4.39823  -0.052909  0.368073
-2.82743  3.14159  4.39823  -0.0615839  0.359712
-2.19911  3.14159  4.39823  -0.0658528  0.34064
-1.5708  3.14159  4.39823  -0.0696834  0.303658
-0.942478  3.14159  4.39823  -0.0726227  0.237474
-0.314159  3.14159  4.39823  -0.074218  0.118813
0.314159  3.14159  4.39823  -0.0742182  -0.118835
0.942478  3.14159  4.39823  -0.0726231  -0.237495
1.5708  3.14159  4.39823  -0.069684  -0.303678
2.19911  3.14159  4.39823  -0.0658536  -0.34066
2.82743  3.14159  4.39823  -0.061585  -0.359731
4.08407  3.14159  4.39823  -0.0529097  -0.368091
7.22566  3.14159  4.39823  -0.0352149  -0.328653
14.7655  3.14159  4.39823  -0.01484  -0.222214
-16.6504  3.14159  5.02655  -0.00645526  0.203301
-7.22566  3.14159  5.02655  -0.0185343  0.328088
-5.34071  3.14159  5.02655  -0.0239753  0.356656
-4.08407  3.14159  5.02655  -0.0286798  0.36819
-2.82743  3.14159  5.02655  -0.034433  0.362213
-2.19911  3.14159  5.02655  -0.0376884  0.345797
-1.5708  3.14159  5.02655  -0.041063  0.312967
-0.942478  3.14159  5.02655  -0.0441895  0.252
-0.314159  3.14159  5.02655  -0.0462071  0.141832
0.314159  3.14159  5.02655  -0.0462075  -0.141853
0.942478  3.14159  5.02655  -0.04419  -0.252019
1.5708  3.14159  5.02655  -0.0410635  -0.312985
2.19911  3.14159  5.02655  -0.0376891  -0.345814
2.82743  3.14159  5.02655  -0.0344339  -0.362229
4.08407  3.14159  5.02655  -0.0286802  -0.368205
7.22566  3.14159  5.02655  -0.0185361  -0.328107
14.7655  3.14159  5.02655  -0.00774582  -0.222107
-16.6504  3.14159  5.65487  -0.00176516  0.203233
-7.22566  3.14159  5.65487  -0.00510416  0.327611
-5.34071  3.14159  5.65487  -0.00667215  0.356145
-4.08407  3.14159  5.65487  -0.00809537  0.368053
-2.82743  3.14159  5.65487  -0.00998879  0.363719
-2.19911  3.14159  5.65487  -0.0111748  0.349399
-1.5708  3.14159  5.65487  -0.0125438  0.32072
-0.942478  3.14159  5.65487  -0.0140845  0.268266
-0.314159  3.14159  5.65487  -0.0151766  0.166509
0.314159  3.14159  5.65487  -0.0151772  -0.166528
0.942478  3.14159  5.65487  -0.014085  -0.268284
1.5708  3.14159  5.65487  -0.0125443  -0.320736
2.19911  3.14159  5.65487  -0.0111753  -0.349414
2.82743  3.14159  5.65487  -0.00998949  -0.363733
4.08407  3.14159  5.65487  -0.00809538  -0.368067
7.22566  3.14159  5.65487  -0.00510561  -0.327628
14.7655  3.14159  5.65487  -0.00211891  -0.222004
-16.6504  3.14159  6.28319  2.57999e-06  0.203204
-7.22566  3.14159  6.28319  4.03274e-06  0.327419
-5.34071  3.14159  6.28319  6.47919e-07  0.355924
-4.08407  3.14159  6.28319  2.47228e-06  0.367935
-2.82743  3.14159  6.28319  3.55234e-06  0.364099
-2.19911  3.14159  6.28319  3.65939e-06  0.350406
-1.5708  3.14159  6.28319  3.8655e-06  0.322888
-0.942478  3.14159  6.28319  4.19509e-06  0.27301
-0.314159  3.14159  6.28319  4.93577e-06  0.190454
0.314159  3.14159  6.28319  4.55859e-06  -0.190473
0.942478  3.14159  6.28319  3.79799e-06  -0.273026
1.5708  3.14159  6.28319  3.46333e-06  -0.322903
2.19911  3.14159  6.28319  3.20256e-06  -0.35042
2.82743  3.14159  6.28319  2.94799e-06  -0.364113
4.08407  3.14159  6.28319  2.5935e-06  -0.367948
7.22566  3.14159  6.28319  2.6923e-06  -0.327436
14.7655  3.14159  6.28319  2.04039e-06  -0.221962
-16.6504  3.76991  0  0.00177032  0.203235
-7.22566  3.76991  0  0.00511226  0.327612
-5.34071  3.76991  0  0.0066735  0.356146
-4.08407  3.76991  0  0.00810033  0.368054
-2.82743  3.76991  0  0.00999594  0.363719
-2.19911  3.76991  0  0.0111821  0.3494
-1.5708  3.76991  0  0.0125516  0.320721
-0.942478  3.76991  0  0.014093  0.268267
-0.314159  3.76991  0  0.0151864  0.16651
0.314159  3.76991  0  0.0151859  -0.166528
0.942478  3.76991  0  0.0140926  -0.268283
1.5708  3.76991  0  0.0125513  -0.320735
2.19911  3.76991  0  0.0111818  -0.349413
2.82743  3.76991  0  0.00999542  -0.363732
4.08407  3.76991  0  0.00810057  -0.368066
7.22566  3.76991  0  0.005111  -0.327627
14.7655  3.76991  0  0.002123  -0.222004
-16.6504  3.76991  0.628319  2.57932e-06  0.20326
-7.22566  3.76991  0.628319  4.06644e-06  0.327765
-5.34071  3.76991  0.628319  6.85146e-07  0.356302
-4.08407  3.76991  0.628319  2.48756e-06  0.368076
-2.82743  3.76991  0.628319  3.57578e-06  0.363175
-2.19911  3.76991  0.628319  3.68769e-06  0.348125
-1.5708  3.76991  0.628319  3.89275e-06  0.317958
-0.942478  3.76991  0.628319  4.19737e-06  0.262563
-0.314159  3.76991  0.628319  4.77007e-06  0.166392
0.314159  3.76991  0.628319  4.4288e-06  -0.16641
0.942478  3.76991  0.628319  3.81898e-06  -0.262579
1.5708  3.76991  0.628319  3.49887e-06  -0.317973
2.19911  3.76991  0.628319  3.24098e-06  -0.34814
2.82743  3.76991  0.628319  2.99628e-06  -0.363188
4.08407  3.76991  0.628319  2.59532e-06  -0.368088
7.22566  3.76991  0.628319  2.69073e-06  -0.327781
14.7655  3.76991  0.628319  2.04729e-06  -0.222041
-16.6504  3.76991  1.25664  -0.0046788  0.203317
-7.22566  3.76991  1.25664  -0.0134268  0.328146
-5.34071  3.76991  1.25664  -0.0173551  0.356678
-4.08407  3.76991  1.25664  -0.0207421  0.368082
-2.82743  3.76991  1.25664  -0.0248862  0.361741
-2.19911  3.76991  1.25664  -0.0272442  0.345062
-1.5708  3.76991  1.25664  -0.0297114  0.312261
-0.942478  3.76991  1.25664  -0.0320228  0.252906
-0.314159  3.76991  1.25664  -0.0335614  0.142274
0.314159  3.76991  1.25664  -0.0335618  -0.142294
0.942478  3.76991  1.25664  -0.0320233  -0.252924
1.5708  3.76991  1.25664  -0.0297119  -0.312278
2.19911  3.76991  1.25664  -0.0272448  -0.345078
2.82743  3.76991  1.25664  -0.0248869  -0.361756
4.08407  3.76991  1.25664  -0.0207424  -0.368096
7.22566  3.76991  1.25664  -0.0134285  -0.328164
14.7655  3.76991  1.25664  -0.00561454  -0.222127
-16.6504  3.76991  1.88496  -0.0105647  0.203373
-7.22566  3.76991  1.88496  -0.0301129  0.328588
-5.34071  3.76991  1.88496  -0.0385365  0.357099
-4.08407  3.76991  1.88496  -0.0454297  0.36801
-2.82743  3.76991  1.88496  -0.0531434  0.359798
-2.19911  3.76991  1.88496  -0.0570583  0.340976
-1.5708  3.76991  1.88496  -0.0606875  0.304473
-0.942478  3.76991  1.88496  -0.063588  0.239195
-0.314159  3.76991  1.88496  -0.0652339  0.129579
0.314159  3.76991  1.88496  -0.0652341  -0.1296
0.942478  3.76991  1.88496  -0.0635884  -0.239215
1.5708  3.76991  1.88496  -0.060688  -0.304493
2.19911  3.76991  1.88496  -0.057059  -0.340995
2.82743  3.76991  1.88496  -0.0531444  -0.359815
4.08407  3.76991  1.88496  -0.0454303  -0.368027
7.22566  3.76991  1.88496  -0.0301149  -0.328608
14.7655  3.76991  1.88496  -0.0126758  -0.222215
-16.6504  3.76991  2.51327  -0.0154061  0.203403
-7.22566  3.76991  2.51327  -0.0436725  0.328918
-5.34071  3.76991  2.51327  -0.0554427  0.3574
-4.08407  3.76991  2.51327  -0.064643  0.367882
-2.82743  3.76991  2.51327  -0.074153  0.358105
-2.19911  3.76991  2.51327  -0.0785082  0.337623
-1.5708  3.76991  2.51327  -0.0821569  0.298707
-0.942478  3.76991  2.51327  -0.0847396  0.23075
-0.314159  3.76991  2.51327  -0.0860395  0.113779
0.314159  3.76991  2.51327  -0.0860398  -0.113802
0.942478  3.76991  2.51327  -0.08474  -0.230772
1.5708  3.76991  2.51327  -0.0821575  -0.298728
2.19911  3.76991  2.51327  -0.078509  -0.337644
2.82743  3.76991  2.51327  -0.074154  -0.358125
4.08407  3.76991  2.51327  -0.064644  -0.367901
7.22566  3.76991  2.51327  -0.0436748  -0.32894
14.7655  3.76991  2.51327  -0.0184833  -0.222269
-16.6504  3.76991  3.14159  -0.0172686  0.203409
-7.22566  3.76991  3.14159  -0.0488444  0.32903
-5.34071  3.76991  3.14159  -0.0618153  0.357493
-4.08407  3.76991  3.14159  -0.0717689  0.367795
-2.82743  3.76991  3.14159  -0.081735  0.357364
-2.19911  3.76991  3.14159  -0.0861193  0.336144
-1.5708  3.76991  3.14159  -0.0896663  0.295963
-0.942478  3.76991  3.14159  -0.0920963  0.226273
-0.314159  3.76991  3.14159  -0.0932955  0.116698
0.314159  3.76991  3.14159  -0.0932956  -0.116722
0.942478  3.76991  3.14159  -0.0920966  -0.226296
1.5708  3.76991  3.14159  -0.0896669  -0.295985
2.19911  3.76991  3.14159  -0.0861201  -0.336165
2.82743  3.76991  3.14159  -0.0817361  -0.357385
4.08407  3.76991  3.14159  -0.07177  -0.367814
7.22566  3.76991  3.14159  -0.0488468  -0.329053
14.7655  3.76991  3.14159  -0.0207171  -0.222284
-16.6504  3.76991  3.76991  -0.0154061  0.203403
-7.22566  3.76991  3.76991  -0.0436725  0.328918
-5.34071  3.76991  3.76991  -0.0554427  0.3574
-4.08407  3.76991  3.76991  -0.064643  0.367882
-2.82743  3.76991  3.76991  -0.074153  0.358105
-2.19911  3.76991  3.76991  -0.0785082  0.337623
-1.5708  3.76991  3.76991  -0.0821569  0.298707
-0.942478  3.76991  3.76991  -0.0847396  0.23075
-0.314159  3.76991  3.76991  -0.0860395  0.113779
0.314159  3.76991  3.76991  -0.0860398  -0.113802
0.942478  3.76991  3.76991  -0.08474  -0.230772
1.5708  3.76991  3.76991  -0.0821575  -0.298728
2.19911  3.76991  3.76991  -0.078509  -0.337644
2.82743  3.76991  3.76991  -0.074154  -0.358125
4.08407  3.76991  3.76991  -0.064644  -0.367901
7.22566  3.76991  3.76991  -0.0436748  -0.32894
14.7655  3.76991  3.76991  -0.0184833  -0.222269
-16.6504  3.76991  4.39823  -0.0105647  0.203373
-7.22566  3.76991  4.39823  -0.0301129  0.328588
-5.34071  3.76991  4.39823  -0.0385365  0.357099
-4.08407  3.76991  4.39823  -0.0454297  0.36801
-2.82743  3.76991  4.39823  -0.0531434  0.359798
-2.19911  3.76991  4.39823  -0.0570583  0.340976
-1.5708  3.76991  4.39823  -0.0606875  0.304473
-0.942478  3.76991  4.39823  -0.063588  0.239195
-0.314159  3.76991  4.39823  -0.0652339  0.129579
0.314159  3.76991  4.39823  -0.0652341  -0.1296
0.942478  3.76991  4.39823  -0.0635884  -0.239215
1.5708  3.76991  4.39823  -0.060688  -0.304493
2.19911  3.76991  4.39823  -0.057059  -0.340995
2.82743  3.76991  4.39823  -0.0531444  -0.359815
4.08407  3.76991  4.39823  -0.0454303  -0.368027
7.22566  3.76991  4.39823  -0.0301149  -0.328608
14.7655  3.76991  4.39823  -0.0126758  -0.222215
-16.6504  3.76991  5.02655  -0.0046788  0.203317
-7.22566  3.76991  5.02655  -0.0134268  0.328146
-5.34071  3.76991  5.02655  -0.0173551  0.356678
-4.08407  3.76991  5.02655  -0.0207421  0.368082
-2.82743  3.76991  5.02655  -0.0248862  0.361741
-2.19911  3.76991  5.02655  -0.0272442  0.345062
-1.5708  3.76991  5.02655  -0.0297114  0.312261
-0.942478  3.76991  5.02655  -0.0320228  0.252906
-0.314159  3.76991  5.02655  -0.0335614  0.142274
0.314159  3.76991  5.02655  -0.0335618  -0.142294
0.942478  3.76991  5.02655  -0.0320233  -0.252924
1.5708  3.76991  5.02655  -0.0297119  -0.312278
2.19911  3.76991  5.02655  -0.0272448  -0.345078
2.82743  3.76991  5.02655  -0.0248869  -0.361756
4.08407  3.76991  5.02655  -0.0207424  -0.368096
7.22566  3.76991  5.02655  -0.0134285  -0.328164
14.7655  3.76991  5.02655  -0.00561454  -0.222127
-16.6504  3.76991  5.65487  2.57932e-06  0.20326
-7.22566  3.76991  5.65487  4.06644e-06  0.327765
-5.34071  3.76991  5.65487  6.85146e-07  0.356302
-4.08407  3.76991  5.65487  2.48756e-06  0.368076
-2.82743  3.76991  5.65487  3.57578e-06  0.363175
-2.19911  3.76991  5.65487  3.68769e-06  0.348125
-1.5708  3.76991  5.65487  3.89275e-06  0.317958
-0.942478  3.76991  5.65487  4.19737e-06  0.262563
-0.314159  3.76991  5.65487  4.77007e-06  0.166392
0.314159  3.76991  5.65487  4.4288e-06  -0.16641
0.942478  3.76991  5.65487  3.81898e-06  -0.262579
1.5708  3.76991  5.65487  3.49887e-06  -0.317973
2.19911  3.76991  5.65487  3.24098e-06  -0.34814
2.82743  3.76991  5.65487  2.99628e-06  -0.363188
4.08407  3.76991  5.65487  2.59532e-06  -0.368088
7.22566  3.76991  5.65487  2.69073e-06  -0.327781
14.7655  3.76991  5.65487  2.04729e-06  -0.222041
-16.6504  3.76991  6.28319  0.00177032  0.203235
-7.22566  3.76991  6.28319  0.00511226  0.327612
-5.34071  3.76991  6.28319  0.0066735  0.356146
-4.08407  3.76991  6.28319  0.00810033  0.368054
-2.82743  3.76991  6.28319  0.00999594  0.363719
-2.19911  3.76991  6.28319  0.0111821  0.3494
-1.5708  3.76991  6.28319  0.0125516  0.320721
-0.942478  3.76991  6.28319  0.014093  0.268267
-0.314159  3.76991  6.28319  0.0151864  0.16651
0.314159  3.76991  6.28319  0.0151859  -0.166528
0.942478  3.76991  6.28319  0.0140926  -0.268283
1.5708  3.76991  6.28319  0.0125513  -0.320735
2.19911  3.76991  6.28319  0.0111818  -0.349413
2.82743  3.76991  6.28319  0.00999542  -0.363732
4.08407  3.76991  6.28319  0.00810057  -0.368066
7.22566  3.76991  6.28319  0.005111  -0.327627
14.7655  3.76991  6.28319  0.002123  -0.222004
-16.6504  4.39823  0  0.00646041  0.203308
-7.22566  4.39823  0  0.0185425  0.32809
-5.34071  4.39823  0  0.0239767  0.356659
-4.08407  4.39823  0  0.0286848  0.368192
-2.82743  4.39823  0  0.0344402  0.362215
-2.19911  4.39823  0  0.0376958  0.3458
-1.5708  4.39823  0  0.0410708  0.31297
-0.942478  4.39823  0  0.0441979  0.252003
-0.314159  4.39823  0  0.0462163  0.141835
0.314159  4.39823  0  0.046216  -0.14185
0.942478  4.39823  0  0.0441977  -0.252016
1.5708  4.39823  0  0.0410706  -0.312982
2.19911  4.39823  0  0.0376957  -0.345811
2.82743  4.39823  0  0.03444  -0.362226
4.08407  4.39823  0  0.0286853  -0.368202
7.22566  4.39823  0  0.0185415  -0.328104
14.7655  4.39823  0  0.00774991  -0.222105
-16.6504  4.39823  0.628319  0.00468395  0.203323
-7.22566  4.39823  0.628319  0.013435  0.328147
-5.34071  4.39823  0.628319  0.0173566  0.356679
-4.08407  4.39823  0.628319  0.0207471  0.368083
-2.82743  4.39823  0.628319  0.0248933  0.361742
-2.19911  4.39823  0.628319  0.0272516  0.345064
-1.5708  4.39823  0.628319  0.0297192  0.312263
-0.942478  4.39823  0.628319  0.0320312  0.252908
-0.314159  4.39823  0.628319  0.0335707  0.142276
0.314159  4.39823  0.628319  0.0335704  -0.142292
0.942478  4.39823  0.628319  0.032031  -0.252922
1.5708  4.39823  0.628319  0.029719  -0.312276
2.19911  4.39823  0.628319  0.0272513  -0.345076
2.82743  4.39823  0.628319  0.024893  -0.361754
4.08407  4.39823  0.628319  0.0207476  -0.368094
7.22566  4.39823  0.628319  0.0134339  -0.328161
14.7655  4.39823  0.628319  0.00561864  -0.222126
-16.6504  4.39823  1.25664  2.57607e-06  0.203352
-7.22566  4.39823  1.25664  4.12726e-06  0.328287
-5.34071  4.39823  1.25664  7.41937e-07  0.356753
-4.08407  4.39823  1.25664  2.48823e-06  0.367884
-2.82743  4.39823  1.25664  3.56927e-06  0.360707
-2.19911  4.39823  1.25664  3.66688e-06  0.34322
-1.5708  4.39823  1.25664  3.83891e-06  0.309354
-0.942478  4.39823  1.25664  4.09023e-06  0.249727
-0.314159  4.39823  1.25664  4.62263e-06  0.15464
0.314159  4.39823  1.25664  4.39283e-06  -0.154658
0.942478  4.39823  1.25664  3.82678e-06  -0.249743
1.5708  4.39823  1.25664  3.53453e-06  -0.309369
2.19911  4.39823  1.25664  3.2913e-06  -0.343234
2.82743  4.39823  1.25664  3.07381e-06  -0.360721
4.08407  4.39823  1.25664  2.61352e-06  -0.367897
7.22566  4.39823  1.25664  2.69207e-06  -0.328303
14.7655  4.39823  1.25664  2.05279e-06  -0.22217
-16.6504  4.39823  1.88496  -0.00582955  0.203372
-7.22566  4.39823  1.88496  -0.0166603  0.328459
-5.34071  4.39823  1.88496  -0.021401  0.356922
-4.08407  4.39823  1.88496  -0.0253674  0.367885
-2.82743  4.39823  1.88496  -0.0300104  0.36011
-2.19911  4.39823  1.88496  -0.032526  0.342028
-1.5708  4.39823  1.88496  -0.0350299  0.307319
-0.942478  4.39823  1.88496  -0.0372029  0.24616
-0.314159  4.39823  1.88496  -0.0385327  0.136846
0.314159  4.39823  1.88496  -0.038533  -0.136866
0.942478  4.39823  1.88496  -0.0372033  -0.246178
1.5708  4.39823  1.88496  -0.0350304  -0.307336
2.19911  4.39823  1.88496  -0.0325266  -0.342044
2.82743  4.39823  1.88496  -0.0300112  -0.360126
4.08407  4.39823  1.88496  -0.0253677  -0.3679
7.22566  4.39823  1.88496  -0.0166621  -0.328478
14.7655  4.39823  1.88496  -0.00699524  -0.222204
-16.6504  4.39823  2.51327  -0.0105647  0.203373
-7.22566  4.39823  2.51327  -0.0301129  0.328588
-5.34071  4.39823  2.51327  -0.0385365  0.357099
-4.08407  4.39823  2.51327  -0.0454297  0.36801
-2.82743  4.39823  2.51327  -0.0531434  0.359798
-2.19911  4.39823  2.51327  -0.0570583  0.340976
-1.5708  4.39823  2.51327  -0.0606875  0.304473
-0.942478  4.39823  2.51327  -0.063588  0.239195
-0.314159  4.39823  2.51327  -0.0652339  0.129579
0.314159  4.39823  2.51327  -0.0652341  -0.1296
0.942478  4.39823  2.51327  -0.0635884  -0.239215
1.5708  4.39823  2.51327  -0.060688  -0.304493
2.19911  4.39823  2.51327  -0.057059  -0.340995
2.82743  4.39823  2.51327  -0.0531444  -0.359815
4.08407  4.39823  2.51327  -0.0454303  -0.368027
7.22566  4.39823  2.51327  -0.0301149  -0.328608
14.7655  4.39823  2.51327  -0.0126758  -0.222215
-16.6504  4.39823  3.14159  -0.0123692  0.203369
-7.22566  4.39823  3.14159  -0.0352128  0.328632
-5.34071  4.39823  3.14159  -0.04499  0.357169
-4.08407  4.39823  3.14159  -0.052909  0.368073
-2.82743  4.39823  3.14159  -0.0615839  0.359712
-2.19911  4.39823  3.14159  -0.0658528  0.34064
-1.5708  4.39823  3.14159  -0.0696834  0.303658
-0.942478  4.39823  3.14159  -0.0726227  0.237474
-0.314159  4.39823  3.14159  -0.074218  0.118813
0.314159  4.39823  3.14159  -0.0742182  -0.118835
0.942478  4.39823  3.14159  -0.0726231  -0.237495
1.5708  4.39823  3.14159  -0.069684  -0.303678
2.19911  4.39823  3.14159  -0.0658536  -0.34066
2.82743  4.39823  3.14159  -0.061585  -0.359731
4.08407  4.39823  3.14159  -0.0529097  -0.368091
7.22566  4.39823  3.14159  -0.0352149  -0.328653
14.7655  4.39823  3.14159  -0.01484  -0.222214
-16.6504  4.39823  3.76991  -0.0105647  0.203373
-7.22566  4.39823  3.76991  -0.0301129  0.328588
-5.34071  4.39823  3.76991  -0.0385365  0.357099
-4.08407  4.39823  3.76991  -0.0454297  0.36801
-2.82743  4.39823  3.76991  -0.0531434  0.359798
-2.19911  4.39823  3.76991  -0.0570583  0.340976
-1.5708  4.39823  3.76991  -0.0606875  0.304473
-0.942478  4.39823  3.76991  -0.063588  0.239195
-0.314159  4.39823  3.76991  -0.0652339  0.129579
0.314159  4.39823  3.76991  -0.0652341  -0.1296
0.942478  4.39823  3.76991  -0.0635884  -0.239215
1.5708  4.39823  3.76991  -0.060688  -0.304493
2.19911  4.39823  3.76991  -0.057059  -0.340995
2.82743  4.39823  3.76991  -0.0531444  -0.359815
4.08407  4.39823  3.76991  -0.0454303  -0.368027
7.22566  4.39823  3.76991  -0.0301149  -0.328608
14.7655  4.39823  3.76991  -0.0126758  -0.222215
-16.6504  4.39823  4.39823  -0.00582955  0.203372
-7.22566  4.39823  4.39823  -0.0166603  0.328459
-5.34071  4.39823  4.39823  -0.021401  0.356922
-4.08407  4.39823  4.39823  -0.0253674  0.367885
-2.82743  4.39823  4.39823  -0.0300104  0.36011
-2.19911  4.39823  4.39823  -0.032526  0.342028
-1.5708  4.39823  4.39823  -0.0350299  0.307319
-0.942478  4.39823  4.39823  -0.0372029  0.24616
-0.314159  4.39823  4.39823  -0.0385327  0.136846
0.314159  4.39823  4.39823  -0.038533  -0.136866
0.942478  4.39823  4.39823  -0.0372033  -0.246178
1.5708  4.39823  4.39823  -0.0350304  -0.307336
2.19911  4.39823  4.39823  -0.0325266  -0.342044
2.82743  4.39823  4.39823  -0.0300112  -0.360126
4.08407  4.39823  4.39823  -0.0253677  -0.3679
7.22566  4.39823  4.39823  -0.0166621  -0.328478
14.7655  4.39823  4.39823  -0.00699524  -0.222204
-16.6504  4.39823  5.02655  2.57607e-06  0.203352
-7.22566  4.39823  5.02655  4.12726e-06  0.328287
-5.34071  4.39823  5.02655  7.41937e-07  0.356753
-4.08407  4.39823  5.02655  2.48823e-06  0.367884
-2.82743  4.39823  5.02655  3.56927e-06  0.360707
-2.19911  4.39823  5.02655  3.66688e-06  0.34322
-1.5708  4.39823  5.02655  3.83891e-06  0.309354
-0.942478  4.39823  5.02655  4.09023e-06  0.249727
-0.314159  4.39823  5.02655  4.62263e-06  0.15464
0.314159  4.39823  5.02655  4.39283e-06  -0.154658
0.942478  4.39823  5.02655  3.82678e-06  -0.249743
1.5708  4.39823  5.02655  3.53453e-06  -0.309369
2.19911  4.39823  5.02655  3.2913e-06  -0.343234
2.82743  4.39823  5.02655  3.07381e-06  -0.360721
4.08407  4.39823  5.02655  2.61352e-06  -0.367897
7.22566  4.39823  5.02655  2.69207e-06  -0.328303
14.7655  4.39823  5.02655  2.05279e-06  -0.22217
-16.6504  4.39823  5.65487  0.00468395  0.203323
-7.22566  4.39823  5.65487  0.013435  0.328147
-5.34071  4.39823  5.65487  0.0173566  0.356679
-4.08407  4.39823  5.65487  0.0207471  0.368083
-2.82743  4.39823  5.65487  0.0248933  0.361742
-2.19911  4.39823  5.65487  0.0272516  0.345064
-1.5708  4.39823  5.65487  0.0297192  0.312263
-0.942478  4.39823  5.65487  0.0320312  0.252908
-0.314159  4.39823  5.65487  0.0335707  0.142276
0.314159  4.39823  5.65487  0.0335704  -0.142292
0.942478  4.39823  5.65487  0.032031  -0.252922
1.5708  4.39823  5.65487  0.029719  -0.312276
2.19911  4.39823  5.65487  0.0272513  -0.345076
2.82743  4.39823  5.65487  0.024893  -0.361754
4.08407  4.39823  5.65487  0.0207476  -0.368094
7.22566  4.39823  5.65487  0.0134339  -0.328161
14.7655  4.39823  5.65487  0.00561864  -0.222126
-16.6504  4.39823  6.28319  0.00646041  0.203308
-7.22566  4.39823  6.28319  0.0185425  0.32809
-5.34071  4.39823  6.28319  0.0239767  0.356659
-4.08407  4.39823  6.28319  0.0286848  0.368192
-2.82743  4.39823  6.28319  0.0344402  0.362215
-2.19911  4.39823  6.28319  0.0376958  0.3458
-1.5708  4.39823  6.28319  0.0410708  0.31297
-0.942478  4.39823  6.28319  0.0441979  0.252003
-0.314159  4.39823  6.28319  0.0462163  0.141835
0.314159  4.39823  6.28319  0.046216  -0.14185
0.942478  4.39823  6.28319  0.0441977  -0.252016
1.5708  4.39823  6.28319  0.0410706  -0.312982
2.19911  4.39823  6.28319  0.0376957  -0.345811
2.82743  4.39823  6.28319  0.03444  -0.362226
4.08407  4.39823  6.28319  0.0286853  -0.368202
7.22566  4.39823  6.28319  0.0185415  -0.328104
14.7655  4.39823  6.28319  0.00774991  -0.222105
-16.6504  5.02655  0  0.0123743  0.203383
-7.22566  5.02655  0  0.0352211  0.328635
-5.34071  5.02655  0  0.0449916  0.357173
-4.08407  5.02655  0  0.052914  0.368078
-2.82743  5.02655  0  0.0615911  0.359717
-2.19911  5.02655  0  0.0658602  0.340645
-1.5708  5.02655  0  0.0696912  0.303663
-0.942478  5.02655  0  0.0726309  0.237479
-0.314159  5.02655  0  0.0742267  0.118818
0.314159  5.02655  0  0.0742266  -0.11883
0.942478  5.02655  0  0.0726309  -0.23749
1.5708  5.02655  0  0.0696912  -0.303673
2.19911  5.02655  0  0.0658603  -0.340654
2.82743  5.02655  0  0.0615912  -0.359726
4.08407  5.02655  0  0.0529149  -0.368086
7.22566  5.02655  0  0.0352203  -0.328647
14.7655  5.02655  0  0.014844  -0.222211
-16.6504  5.02655  0.628319  0.0105699  0.203384
-7.22566  5.02655  0.628319  0.0301212  0.328591
-5.34071  5.02655  0.628319  0.038538  0.357102
-4.08407  5.02655  0.628319  0.0454347  0.368014
-2.82743  5.02655  0.628319  0.0531506  0.359801
-2.19911  5.02655  0.628319  0.0570656  0.34098
-1.5708  5.02655  0.628319  0.0606952  0.304477
-0.942478  5.02655  0.628319  0.0635961  0.239199
-0.314159  5.02655  0.628319  0.0652428  0.129583
0.314159  5.02655  0.628319  0.0652427  -0.129596
0.942478  5.02655  0.628319  0.0635961  -0.239211
1.5708  5.02655  0.628319  0.0606952  -0.304488
2.19911  5.02655  0.628319  0.0570657  -0.34099
2.82743  5.02655  0.628319  0.0531506  -0.359811
4.08407  5.02655  0.628319  0.0454356  -0.368022
7.22566  5.02655  0.628319  0.0301203  -0.328603
14.7655  5.02655  0.628319  0.0126798  -0.222212
-16.6504  5.02655  1.25664  0.00583469  0.203378
-7.22566  5.02655  1.25664  0.0166686  0.328461
-5.34071  5.02655  1.25664  0.0214025  0.356924
-4.08407  5.02655  1.25664  0.0253724  0.367887
-2.82743  5.02655  1.25664  0.0300176  0.360112
-2.19911  5.02655  1.25664  0.0325333  0.34203
-1.5708  5.02655  1.25664  0.0350376  0.307321
-0.942478  5.02655  1.25664  0.0372111  0.246162
-0.314159  5.02655  1.25664  0.0385418  0.136848
0.314159  5.02655  1.25664  0.0385415  -0.136864
0.942478  5.02655  1.25664  0.037211  -0.246176
1.5708  5.02655  1.25664  0.0350375  -0.307334
2.19911  5.02655  1.25664  0.0325332  -0.342042
2.82743  5.02655  1.25664  0.0300174  -0.360124
4.08407  5.02655  1.25664  0.0253729  -0.367898
7.22566  5.02655  1.25664  0.0166675  -0.328475
14.7655  5.02655  1.25664  0.00699934  -0.222203
-16.6504  5.02655  1.88496  2.57607e-06  0.203352
-7.22566  5.02655  1.88496  4.12726e-06  0.328287
-5.34071  5.02655  1.88496  7.41937e-07  0.356753
-4.08407  5.02655  1.88496  2.48823e-06  0.367884
-2.82743  5.02655  1.88496  3.56927e-06  0.360707
-2.19911  5.02655  1.88496  3.66688e-06  0.34322
-1.5708  5.02655  1.88496  3.83891e-06  0.309354
-0.942478  5.02655  1.88496  4.09023e-06  0.249727
-0.314159  5.02655  1.88496  4.62263e-06  0.15464
0.314159  5.02655  1.88496  4.39283e-06  -0.154658
0.942478  5.02655  1.88496  3.82678e-06  -0.249743
1.5708  5.02655  1.88496  3.53453e-06  -0.309369
2.19911  5.02655  1.88496  3.2913e-06  -0.343234
2.82743  5.02655  1.88496  3.07381e-06  -0.360721
4.08407  5.02655  1.88496  2.61352e-06  -0.367897
7.22566  5.02655  1.88496  2.69207e-06  -0.328303
14.7655  5.02655  1.88496  2.05279e-06  -0.22217
-16.6504  5.02655  2.51327  -0.0046788  0.203317
-7.22566  5.02655  2.51327  -0.0134268  0.328146
-5.34071  5.02655  2.51327  -0.0173551  0.356678
-4.08407  5.02655  2.51327  -0.0207421  0.368082
-2.82743  5.02655  2.51327  -0.0248862  0.361741
-2.19911  5.02655  2.51327  -0.0272442  0.345062
-1.5708  5.02655  2.51327  -0.0297114  0.312261
-0.942478  5.02655  2.51327  -0.0320228  0.252906
-0.314159  5.02655  2.51327  -0.0335614  0.142274
0.314159  5.02655  2.51327  -0.0335618  -0.142294
0.942478  5.02655  2.51327  -0.0320233  -0.252924
1.5708  5.02655  2.51327  -0.0297119  -0.312278
2.19911  5.02655  2.51327  -0.0272448  -0.345078
2.82743  5.02655  2.51327  -0.0248869  -0.361756
4.08407  5.02655  2.51327  -0.0207424  -0.368096
7.22566  5.02655  2.51327  -0.0134285  -0.328164
14.7655  5.02655  2.51327  -0.00561454  -0.222127
-16.6504  5.02655  3.14159  -0.00645526  0.203301
-7.22566  5.02655  3.14159  -0.0185343  0.328088
-5.34071  5.02655  3.14159  -0.0239753  0.356656
-4.08407  5.02655  3.14159  -0.0286798  0.36819
-2.82743  5.02655  3.14159  -0.034433  0.362213
-2.19911  5.02655  3.14159  -0.0376884  0.345797
-1.5708  5.02655  3.14159  -0.041063  0.312967
-0.942478  5.02655  3.14159  -0.0441895  0.252
-0.314159  5.02655  3.14159  -0.0462071  0.141832
0.314159  5.02655  3.14159  -0.0462075  -0.141853
0.942478  5.02655  3.14159  -0.04419  -0.252019
1.5708  5.02655  3.14159  -0.0410635  -0.312985
2.19911  5.02655  3.14159  -0.0376891  -0.345814
2.82743  5.02655  3.14159  -0.0344339  -0.362229
4.08407  5.02655  3.14159  -0.0286802  -0.368205
7.22566  5.02655  3.14159  -0.0185361  -0.328107
14.7655  5.02655  3.14159  -0.00774582  -0.222107
-16.6504  5.02655  3.76991  -0.0046788  0.203317
-7.22566  5.02655  3.76991  -0.0134268  0.328146
-5.34071  5.02655  3.76991  -0.0173551  0.356678
-4.08407  5.02655  3.76991  -0.0207421  0.368082
-2.82743  5.02655  3.76991  -0.0248862  0.361741
-2.19911  5.02655  3.76991  -0.0272442  0.345062
-1.5708  5.02655  3.76991  -0.0297114  0.312261
-0.942478  5.02655  3.76991  -0.0320228  0.252906
-0.314159  5.02655  3.76991  -0.0335614  0.142274
0.314159  5.02655  3.76991  -0.0335618  -0.142294
0.942478  5.02655  3.76991  -0.0320233  -0.252924
1.5708  5.02655  3.76991  -0.0297119  -0.312278
2.19911  5.02655  3.76991  -0.0272448  -0.345078
2.82743  5.02655  3.76991  -0.0248869  -0.361756
4.08407  5.02655  3.76991  -0.0207424  -0.368096
7.22566  5.02655  3.76991  -0.0134285  -0.328164
14.7655  5.02655  3.76991  -0.00561454  -0.222127
-16.6504  5.02655  4.39823  2.57607e-06  0.203352
-7.22566  5.02655  4.39823  4.12726e-06  0.328287
-5.34071  5.02655  4.39823  7.41937e-07  0.356753
-4.08407  5.02655  4.39823  2.48823e-06  0.367884
-2.82743  5.02655  4.39823  3.56927e-06  0.360707
-2.19911  5.02655  4.39823  3.66688e-06  0.34322
-1.5708  5.02655  4.39823  3.83891e-06  0.309354
-0.942478  5.02655  4.39823  4.09023e-06  0.249727
-0.314159  5.02655  4.39823  4.62263e-06  0.15464
0.314159  5.02655  4.39823  4.39283e-06  -0.154658
0.942478  5.02655  4.39823  3.82678e-06  -0.249743
1.5708  5.02655  4.39823  3.53453e-06  -0.309369
2.19911  5.02655  4.39823  3.2913e-06  -0.343234
2.82743  5.02655  4.39823  3.07381e-06  -0.360721
4.08407  5.02655  4.39823  2.61352e-06  -0.367897
7.22566  5.02655  4.39823  2.69207e-06  -0.328303
14.7655  5.02655  4.39823  2.05279e-06  -0.22217
-16.6504  5.02655  5.02655  0.00583469  0.203378
-7.22566  5.02655  5.02655  0.0166686  0.328461
-5.34071  5.02655  5.02655  0.0214025  0.356924
-4.08407  5.02655  5.02655  0.0253724  0.367887
-2.82743  5.02655  5.02655  0.0300176  0.360112
-2.19911  5.02655  5.02655  0.0325333  0.34203
-1.5708  5.02655  5.02655  0.0350376  0.307321
-0.942478  5.02655  5.02655  0.0372111  0.246162
-0.314159  5.02655  5.02655  0.0385418  0.136848
0.314159  5.02655  5.02655  0.0385415  -0.136864
0.942478  5.02655  5.02655  0.037211  -0.246176
1.5708  5.02655  5.02655  0.0350375  -0.307334
2.19911  5.02655  5.02655  0.0325332  -0.342042
2.82743  5.02655  5.02655  0.0300174  -0.360124
4.08407  5.02655  5.02655  0.0253729  -0.367898
7.22566  5.02655  5.02655  0.0166675  -0.328475
14.7655  5.02655  5.02655  0.00699934  -0.222203
-16.6504  5.02655  5.65487  0.0105699  0.203384
-7.22566  5.02655  5.65487  0.0301212  0.328591
-5.34071  5.02655  5.65487  0.038538  0.357102
-4.08407  5.02655  5.65487  0.0454347  0.368014
-2.82743  5.02655  5.65487  0.0531506  0.359801
-2.19911  5.02655  5.65487  0.0570656  0.34098
-1.5708  5.02655  5.65487  0.0606952  0.304477
-0.942478  5.02655  5.65487  0.0635961  0.239199
-0.314159  5.02655  5.65487  0.0652428  0.129583
0.314159  5.02655  5.65487  0.0652427  -0.129596
0.942478  5.02655  5.65487  0.0635961  -0.239211
1.5708  5.02655  5.65487  0.0606952  -0.304488
2.19911  5.02655  5.65487  0.0570657  -0.34099
2.82743  5.02655  5.65487  0.0531506  -0.359811
4.08407  5.02655  5.65487  0.0454356  -0.368022
7.22566  5.02655  5.65487  0.0301203  -0.328603
14.7655  5.02655  5.65487  0.0126798  -0.222212
-16.6504  5.02655  6.28319  0.0123743  0.203383
-7.22566  5.02655  6.28319  0.0352211  0.328635
-5.34071  5.02655  6.28319  0.0449916  0.357173
-4.08407  5.02655  6.28319  0.052914  0.368078
-2.82743  5.02655  6.28319  0.0615911  0.359717
-2.19911  5.02655  6.28319  0.0658602  0.340645
-1.5708  5.02655  6.28319  0.0696912  0.303663
-0.942478  5.02655  6.28319  0.0726309  0.237479
-0.314159  5.02655  6.28319  0.0742267  0.118818
0.314159  5.02655  6.28319  0.0742266  -0.11883
0.942478  5.02655  6.28319  0.0726309  -0.23749
1.5708  5.02655  6.28319  0.0696912  -0.303673
2.19911  5.02655  6.28319  0.0658603  -0.340654
2.82743  5.02655  6.28319  0.0615912  -0.359726
4.08407  5.02655  6.28319  0.0529149  -0.368086
7.22566  5.02655  6.28319  0.0352203  -0.328647
14.7655  5.02655  6.28319  0.014844  -0.222211
-16.6504  5.65487  0  0.0172737  0.203428
-7.22566  5.65487  0  0.0488528  0.329035
-5.34071  5.65487  0  0.0618169  0.357499
-4.08407  5.65487  0  0.0717739  0.367801
-2.82743  5.65487  0  0.0817422  0.35737
-2.19911  5.65487  0  0.0861266  0.33615
-1.5708  5.65487  0  0.0896739  0.29597
-0.942478  5.65487  0  0.0921042  0.22628
-0.314159  5.65487  0  0.093304  0.116704
0.314159  5.65487  0  0.0933041  -0.116715
0.942478  5.65487  0  0.0921043  -0.226289
1.5708  5.65487  0  0.0896741  -0.295978
2.19911  5.65487  0  0.0861269  -0.336158
2.82743  5.65487  0  0.0817425  -0.357378
4.08407  5.65487  0  0.0717753  -0.367807
7.22566  5.65487  0  0.0488522  -0.329044
14.7655  5.65487  0  0.0207211  -0.222279
-16.6504  5.65487  0.628319  0.0154112  0.203419
-7.22566  5.65487  0.628319  0.0436809  0.328922
-5.34071  5.65487  0.628319  0.0554443  0.357405
-4.08407  5.65487  0.628319  0.064648  0.367888
-2.82743  5.65487  0.628319  0.0741601  0.358111
-2.19911  5.65487  0.628319  0.0785155  0.337629
-1.5708  5.65487  0.628319  0.0821646  0.298713
-0.942478  5.65487  0.628319  0.0847477  0.230756
-0.314159  5.65487  0.628319  0.0860482  0.113785
0.314159  5.65487  0.628319  0.0860481  -0.113796
0.942478  5.65487  0.628319  0.0847478  -0.230765
1.5708  5.65487  0.628319  0.0821647  -0.298721
2.19911  5.65487  0.628319  0.0785157  -0.337637
2.82743  5.65487  0.628319  0.0741604  -0.358119
4.08407  5.65487  0.628319  0.0646492  -0.367895
7.22566  5.65487  0.628319  0.0436801  -0.328932
14.7655  5.65487  0.628319  0.0184873  -0.222265
-16.6504  5.65487  1.25664  0.0105699  0.203384
-7.22566  5.65487  1.25664  0.0301212  0.328591
-5.34071  5.65487  1.25664  0.038538  0.357102
-4.08407  5.65487  1.25664  0.0454347  0.368014
-2.82743  5.65487  1.25664  0.0531506  0.359801
-2.19911  5.65487  1.25664  0.0570656  0.34098
-1.5708  5.65487  1.25664  0.0606952  0.304477
-0.942478  5.65487  1.25664  0.0635961  0.239199
-0.314159  5.65487  1.25664  0.0652428  0.129583
0.314159  5.65487  1.25664  0.0652427  -0.129596
0.942478  5.65487  1.25664  0.0635961  -0.239211
1.5708  5.65487  1.25664  0.0606952  -0.304488
2.19911  5.65487  1.25664  0.0570657  -0.34099
2.82743  5.65487  1.25664  0.0531506  -0.359811
4.08407  5.65487  1.25664  0.0454356  -0.368022
7.22566  5.65487  1.25664  0.0301203  -0.328603
14.7655  5.65487  1.25664  0.0126798  -0.222212
-16.6504  5.65487  1.88496  0.00468395  0.203323
-7.22566  5.65487  1.88496  0.013435  0.328147
-5.34071  5.65487  1.88496  0.0173566  0.356679
-4.08407  5.65487  1.88496  0.0207471  0.368083
-2.82743  5.65487  1.88496  0.0248933  0.361742
-2.19911  5.65487  1.88496  0.0272516  0.345064
-1.5708  5.65487  1.88496  0.0297192  0.312263
-0.942478  5.65487  1.88496  0.0320312  0.252908
-0.314159  5.65487  1.88496  0.0335707  0.142276
0.314159  5.65487  1.88496  0.0335704  -0.142292
0.942478  5.65487  1.88496  0.032031  -0.252922
1.5708  5.65487  1.88496  0.029719  -0.312276
2.19911  5.65487  1.88496  0.0272513  -0.345076
2.82743  5.65487  1.88496  0.024893  -0.361754
4.08407  5.65487  1.88496  0.0207476  -0.368094
7.22566  5.65487  1.88496  0.0134339  -0.328161
14.7655  5.65487  1.88496  0.00561864  -0.222126
-16.6504  5.65487  2.51327  2.57932e-06  0.20326
-7.22566  5.65487  2.51327  4.06644e-06  0.327765
-5.34071  5.65487  2.51327  6.85146e-07  0.356302
-4.08407  5.65487  2.51327  2.48756e-06  0.368076
-2.82743  5.65487  2.51327  3.57578e-06  0.363175
-2.19911  5.65487  2.51327  3.68769e-06  0.348125
-1.5708  5.65487  2.51327  3.89275e-06  0.317958
-0.942478  5.65487  2.51327  4.19737e-06  0.262563
-0.314159  5.65487  2.51327  4.77007e-06  0.166392
0.314159  5.65487  2.51327  4.4288e-06  -0.16641
0.942478  5.65487  2.51327  3.81898e-06  -0.262579
1.5708  5.65487  2.51327  3.49887e-06  -0.317973
2.19911  5.65487  2.51327  3.24098e-06  -0.34814
2.82743  5.65487  2.51327  2.99628e-06  -0.363188
4.08407  5.65487  2.51327  2.59532e-06  -0.368088
7.22566  5.65487  2.51327  2.69073e-06  -0.327781
14.7655  5.65487  2.51327  2.04729e-06  -0.222041
-16.6504  5.65487  3.14159  -0.00176516  0.203233
-7.22566  5.65487  3.14159  -0.00510416  0.327611
-5.34071  5.65487  3.14159  -0.00667215  0.356145
-4.08407  5.65487  3.14159  -0.00809537  0.368053
-2.82743  5.65487  3.14159  -0.00998879  0.363719
-2.19911  5.65487  3.14159  -0.0111748  0.349399
-1.5708  5.65487  3.14159  -0.0125438  0.32072
-0.942478  5.65487  3.14159  -0.0140845  0.268266
-0.314159  5.65487  3.14159  -0.0151766  0.166509
0.314159  5.65487  3.14159  -0.0151772  -0.166528
0.942478  5.65487  3.14159  -0.014085  -0.268284
1.5708  5.65487  3.14159  -0.0125443  -0.320736
2.19911  5.65487  3.14159  -0.0111753  -0.349414
2.82743  5.65487  3.14159  -0.00998949  -0.363733
4.08407  5.65487  3.14159  -0.00809538  -0.368067
7.22566  5.65487  3.14159  -0.00510561  -0.327628
14.7655  5.65487  3.14159  -0.00211891  -0.222004
-16.6504  5.65487  3.76991  2.57932e-06  0.20326
-7.22566  5.65487  3.76991  4.06644e-06  0.327765
-5.34071  5.65487  3.76991  6.85146e-07  0.356302
-4.08407  5.65487  3.76991  2.48756e-06  0.368076
-2.82743  5.65487  3.76991  3.57578e-06  0.363175
-2.19911  5.65487  3.76991  3.68769e-06  0.348125
-1.5708  5.65487  3.76991  3.89275e-06  0.317958
-0.942478  5.65487  3.76991  4.19737e-06  0.262563
-0.314159  5.65487  3.76991  4.77007e-06  0.166392
0.314159  5.65487  3.76991  4.4288e-06  -0.16641
0.942478  5.65487  3.76991  3.81898e-06  -0.262579
1.5708  5.65487  3.76991  3.49887e-06  -0.317973
2.19911  5.65487  3.76991  3.24098e-06  -0.34814
2.82743  5.65487  3.76991  2.99628e-06  -0.363188
4.08407  5.65487  3.76991  2.59532e-06  -0.368088
7.22566  5.65487  3.76991  2.69073e-06  -0.327781
14.7655  5.65487  3.76991  2.04729e-06  -0.222041
-16.6504  5.65487  4.39823  0.00468395  0.203323
-7.22566  5.65487  4.39823  0.013435  0.328147
-5.34071  5.65487  4.39823  0.0173566  0.356679
-4.08407  5.65487  4.39823  0.0207471  0.368083
-2.82743  5.65487  4.39823  0.0248933  0.361742
-2.19911  5.65487  4.39823  0.0272516  0.345064
-1.5708  5.65487  4.39823  0.0297192  0.312263
-0.942478  5.65487  4.39823  0.0320312  0.252908
-0.314159  5.65487  4.39823  0.0335707  0.142276
0.314159  5.65487  4.39823  0.0335704  -0.142292
0.942478  5.65487  4.39823  0.032031  -0.252922
1.5708  5.65487  4.39823  0.029719  -0.312276
2.19911  5.65487  4.39823  0.0272513  -0.345076
2.82743  5.65487  4.39823  0.024893  -0.361754
4.08407  5.65487  4.39823  0.0207476  -0.368094
7.22566  5.65487  4.39823  0.0134339  -0.328161
14.7655  5.65487  4.39823  0.00561864  -0.222126
-16.6504  5.65487  5.02655  0.0105699  0.203384
-7.22566  5.65487  5.02655  0.0301212  0.328591
-5.34071  5.65487  5.02655  0.038538  0.357102
-4.08407  5.65487  5.02655  0.0454347  0.368014
-2.82743  5.65487  5.02655  0.0531506  0.359801
-2.19911  5.65487  5.02655  0.0570656  0.34098
-1.5708  5.65487  5.02655  0.0606952  0.304477
-0.942478  5.65487  5.02655  0.0635961  0.239199
-0.314159  5.65487  5.02655  0.0652428  0.129583
0.314159  5.65487  5.02655  0.0652427  -0.129596
0.942478  5.65487  5.02655  0.0635961  -0.239211
1.5708  5.65487  5.02655  0.0606952  -0.304488
2.19911  5.65487  5.02655  0.0570657  -0.34099
2.82743  5.65487  5.02655  0.0531506  -0.359811
4.08407  5.65487  5.02655  0.0454356  -0.368022
7.22566  5.65487  5.02655  0.0301203  -0.328603
14.7655  5.65487  5.02655  0.0126798  -0.222212
-16.6504  5.65487  5.65487  0.0154112  0.203419
-7.22566  5.65487  5.65487  0.0436809  0.328922
-5.34071  5.65487  5.65487  0.0554443  0.357405
-4.08407  5.65487  5.65487  0.064648  0.367888
-2.82743  5.65487  5.65487  0.0741601  0.358111
-2.19911  5.65487  5.65487  0.0785155  0.337629
-1.5708  5.65487  5.65487  0.0821646  0.298713
-0.942478  5.65487  5.65487  0.0847477  0.230756
-0.314159  5.65487  5.65487  0.0860482  0.113785
0.314159  5.65487  5.65487  0.0860481  -0.113796
0.942478  5.65487  5.65487  0.0847478  -0.230765
1.5708  5.65487  5.65487  0.0821647  -0.298721
2.19911  5.65487  5.65487  0.0785157  -0.337637
2.82743  5.65487  5.65487  0.0741604  -0.358119
4.08407  5.65487  5.65487  0.0646492  -0.367895
7.22566  5.65487  5.65487  0.0436801  -0.328932
14.7655  5.65487  5.65487  0.0184873  -0.222265
-16.6504  5.65487  6.28319  0.0172737  0.203428
-7.22566  5.65487  6.28319  0.0488528  0.329035
-5.34071  5.65487  6.28319  0.0618169  0.357499
-4.08407  5.65487  6.28319  0.0717739  0.367801
-2.82743  5.65487  6.28319  0.0817422  0.35737
-2.19911  5.65487  6.28319  0.0861266  0.33615
-1.5708  5.65487  6.28319  0.0896739  0.29597
-0.942478  5.65487  6.28319  0.0921042  0.22628
-0.314159  5.65487  6.28319  0.093304  0.116704
0.314159  5.65487  6.28319  0.0933041  -0.116715
0.942478  5.65487  6.28319  0.0921043  -0.226289
1.5708  5.65487  6.28319  0.0896741  -0.295978
2.19911  5.65487  6.28319  0.0861269  -0.336158
2.82743  5.65487  6.28319  0.0817425  -0.357378
4.08407  5.65487  6.28319  0.0717753  -0.367807
7.22566  5.65487  6.28319  0.0488522  -0.329044
14.7655  5.65487  6.28319  0.0207211  -0.222279
-16.6504  6.28319  0  0.0191798  0.203441
-7.22566  6.28319  0  0.0541245  0.329171
-5.34071  6.28319  0  0.0682549  0.357595
-4.08407  6.28319  0  0.0788908  0.367652
-2.82743  6.28319  0  0.089198  0.356452
-2.19911  6.28319  0  0.0935618  0.334548
-1.5708  6.28319  0  0.0969873  0.293679
-0.942478  6.28319  0  0.0992765  0.223956
-0.314159  6.28319  0  0.100396  0.108872
0.314159  6.28319  0  0.100396  -0.108881
0.942478  6.28319  0  0.0992767  -0.223964
1.5708  6.28319  0  0.0969875  -0.293686
2.19911  6.28319  0  0.0935621  -0.334555
2.82743  6.28319  0  0.0891985  -0.356458
4.08407  6.28319  0  0.0788924  -0.367657
7.22566  6.28319  0  0.0541238  -0.32918
14.7655  6.28319  0  0.023008  -0.222299
-16.6504  6.28319  0.628319  0.0172737  0.203428
-7.22566  6.28319  0.628319  0.0488528  0.329035
-5.34071  6.28319  0.628319  0.0618169  0.357499
-4.08407  6.28319  0.628319  0.0717739  0.367801
-2.82743  6.28319  0.628319  0.0817422  0.35737
-2.19911  6.28319  0.628319  0.0861266  0.33615
-1.5708  6.28319  0.628319  0.0896739  0.29597
-0.942478  6.28319  0.628319  0.0921042  0.22628
-0.314159  6.28319  0.628319  0.093304  0.116704
0.314159  6.28319  0.628319  0.0933041  -0.116715
0.942478  6.28319  0.628319  0.0921043  -0.226289
1.5708  6.28319  0.628319  0.0896741  -0.295978
2.19911  6.28319  0.628319  0.0861269  -0.336158
2.82743  6.28319  0.628319  0.0817425  -0.357378
4.08407  6.28319  0.628319  0.0717753  -0.367807
7.22566  6.28319  0.628319  0.0488522  -0.329044
14.7655  6.28319  0.628319  0.0207211  -0.222279
-16.6504  6.28319  1.25664  0.0123743  0.203383
-7.22566  6.28319  1.25664  0.0352211  0.328635
-5.34071  6.28319  1.25664  0.0449916  0.357173
-4.08407  6.28319  1.25664  0.052914  0.368078
-2.82743  6.28319  1.25664  0.0615911  0.359717
-2.19911  6.28319  1.25664  0.0658602  0.340645
-1.5708  6.28319  1.25664  0.0696912  0.303663
-0.942478  6.28319  1.25664  0.0726309  0.237479
-0.314159  6.28319  1.25664  0.0742267  0.118818
0.314159  6.28319  1.25664  0.0742266  -0.11883
0.942478  6.28319  1.25664  0.0726309  -0.23749
1.5708  6.28319  1.25664  0.0696912  -0.303673
2.19911  6.28319  1.25664  0.0658603  -0.340654
2.82743  6.28319  1.25664  0.0615912  -0.359726
4.08407  6.28319  1.25664  0.0529149  -0.368086
7.22566  6.28319  1.25664  0.0352203  -0.328647
14.7655  6.28319  1.25664  0.014844  -0.222211
-16.6504  6.28319  1.88496  0.00646041  0.203308
-7.22566  6.28319  1.88496  0.0185425  0.32809
-5.34071  6.28319  1.88496  0.0239767  0.356659
-4.08407  6.28319  1.88496  0.0286848  0.368192
-2.82743  6.28319  1.88496  0.0344402  0.362215
-2.19911  6.28319  1.88496  0.0376958  0.3458
-1.5708  6.28319  1.88496  0.0410708  0.31297
-0.942478  6.28319  1.88496  0.0441979  0.252003
-0.314159  6.28319  1.88496  0.0462163  0.141835
0.314159  6.28319  1.88496  0.046216  -0.14185
0.942478  6.28319  1.88496  0.0441977  -0.252016
1.5708  6.28319  1.88496  0.0410706  -0.312982
2.19911  6.28319  1.88496  0.0376957  -0.345811
2.82743  6.28319  1.88496  0.03444  -0.362226
4.08407  6.28319  1.88496  0.0286853  -0.368202
7.22566  6.28319  1.88496  0.0185415  -0.328104
14.7655  6.28319  1.88496  0.00774991  -0.222105
-16.6504  6.28319  2.51327  0.00177032  0.203235
-7.22566  6.28319  2.51327  0.00511226  0.327612
-5.34071  6.28319  2.51327  0.0066735  0.356146
-4.08407  6.28319  2.51327  0.00810033  0.368054
-2.82743  6.28319  2.51327  0.00999594  0.363719
-2.19911  6.28319  2.51327  0.0111821  0.3494
-1.5708  6.28319  2.51327  0.0125516  0.320721
-0.942478  6.28319  2.51327  0.014093  0.268267
-0.314159  6.28319  2.51327  0.0151864  0.16651
0.314159  6.28319  2.51327  0.0151859  -0.166528
0.942478  6.28319  2.51327  0.0140926  -0.268283
1.5708  6.28319  2.51327  0.0125513  -0.320735
2.19911  6.28319  2.51327  0.0111818  -0.349413
2.82743  6.28319  2.51327  0.00999542  -0.363732
4.08407  6.28319  2.51327  0.00810057  -0.368066
7.22566  6.28319  2.51327  0.005111  -0.327627
14.7655  6.28319  2.51327  0.002123  -0.222004
-16.6504  6.28319  3.14159  2.57999e-06  0.203204
-7.22566  6.28319  3.14159  4.03274e-06  0.327419
-5.34071  6.28319  3.14159  6.47919e-07  0.355924
-4.08407  6.28319  3.14159  2.47228e-06  0.367935
-2.82743  6.28319  3.14159  3.55234e-06  0.364099
-2.19911  6.28319  3.14159  3.65939e-06  0.350406
-1.5708  6.28319  3.14159  3.8655e-06  0.322888
-0.942478  6.28319  3.14159  4.19509e-06  0.27301
-0.314159  6.28319  3.14159  4.93577e-06  0.190454
0.314159  6.28319  3.14159  4.55859e-06  -0.190473
0.942478  6.28319  3.14159  3.79799e-06  -0.273026
1.5708  6.28319  3.14159  3.46333e-06  -0.322903
2.19911  6.28319  3.14159  3.20256e-06  -0.35042
2.82743  6.28319  3.14159  2.94799e-06  -0.364113
4.08407  6.28319  3.14159  2.5935e-06  -0.367948
7.22566  6.28319  3.14159  2.6923e-06  -0.327436
14.7655  6.28319  3.14159  2.04039e-06  -0.221962
-16.6504  6.28319  3.76991  0.00177032  0.203235
-7.22566  6.28319  3.76991  0.00511226  0.327612
-5.34071  6.28319  3.76991  0.0066735  0.356146
-4.08407  6.28319  3.76991  0.00810033  0.368054
-2.82743  6.28319  3.76991  0.00999594  0.363719
-2.19911  6.28319  3.76991  0.0111821  0.3494
-1.5708  6.28319  3.76991  0.0125516  0.320721
-0.942478  6.28319  3.76991  0.014093  0.268267
-0.314159  6.28319  3.76991  0.0151864  0.16651
0.314159  6.28319  3.76991  0.0151859  -0.166528
0.942478  6.28319  3.76991  0.0140926  -0.268283
1.5708  6.28319  3.76991  0.0125513  -0.320735
2.19911  6.28319  3.76991  0.0111818  -0.349413
2.82743  6.28319  3.76991  0.00999542  -0.363732
4.08407  6.28319  3.76991  0.00810057  -0.368066
7.22566  6.28319  3.76991  0.005111  -0.327627
14.7655  6.28319  3.76991  0.002123  -0.222004
-16.6504  6.28319  4.39823  0.00646041  0.203308
-7.22566  6.28319  4.39823  0.0185425  0.32809
-5.34071  6.28319  4.39823  0.0239767  0.356659
-4.08407  6.28319  4.39823  0.0286848  0.368192
-2.82743  6.28319  4.39823  0.0344402  0.362215
-2.19911  6.28319  4.39823  0.0376958  0.3458
-1.5708  6.28319  4.39823  0.0410708  0.31297
-0.942478  6.28319  4.39823  0.0441979  0.252003
-0.314159  6.28319  4.39823  0.0462163  0.141835
0.314159  6.28319  4.39823  0.046216  -0.14185
0.942478  6.28319  4.39823  0.0441977  -0.252016
1.5708  6.28319  4.39823  0.0410706  -0.312982
2.19911  6.28319  4.39823  0.0376957  -0.345811
2.82743  6.28319  4.39823  0.03444  -0.362226
4.08407  6.28319  4.39823  0.0286853  -0.368202
7.22566  6.28319  4.39823  0.0185415  -0.328104
14.7655  6.28319  4.39823  0.00774991  -0.222105
-16.6504  6.28319  5.02655  0.0123743  0.203383
-7.22566  6.28319  5.02655  0.0352211  0.328635
-5.34071  6.28319  5.02655  0.0449916  0.357173
-4.08407  6.28319  5.02655  0.052914  0.368078
-2.82743  6.28319  5.02655  0.0615911  0.359717
-2.19911  6.28319  5.02655  0.0658602  0.340645
-1.5708  6.28319  5.02655  0.0696912  0.303663
-0.942478  6.28319  5.02655  0.0726309  0.237479
-0.314159  6.28319  5.02655  0.0742267  0.118818
0.314159  6.28319  5.02655  0.0742266  -0.11883
0.942478  6.28319  5.02655  0.0726309  -0.23749
1.5708  6.28319  5.02655  0.0696912  -0.303673
2.19911  6.28319  5.02655  0.0658603  -0.340654
2.82743  6.28319  5.02655  0.0615912  -0.359726
4.08407  6.28319  5.02655  0.0529149  -0.368086
7.22566  6.28319  5.02655  0.0352203  -0.328647
14.7655  6.28319  5.02655  0.014844  -0.222211
-16.6504  6.28319  5.65487  0.0172737  0.203428
-7.22566  6.28319  5.65487  0.0488528  0.329035
-5.34071  6.28319  5.65487  0.0618169  0.357499
-4.08407  6.28319  5.65487  0.0717739  0.367801
-2.82743  6.28319  5.65487  0.0817422  0.35737
-2.19911  6.28319  5.65487  0.0861266  0.33615
-1.5708  6.28319  5.65487  0.0896739  0.29597
-0.942478  6.28319  5.65487  0.0921042  0.22628
-0.314159  6.28319  5.65487  0.093304  0.116704
0.314159  6.28319  5.65487  0.0933041  -0.116715
0.942478  6.28319  5.65487  0.0921043  -0.226289
1.5708  6.28319  5.65487  0.0896741  -0.295978
2.19911  6.28319  5.65487  0.0861269  -0.336158
2.82743  6.28319  5.65487  0.0817425  -0.357378
4.08407  6.28319  5.65487  0.0717753  -0.367807
7.22566  6.28319  5.65487  0.0488522  -0.329044
14.7655  6.28319  5.65487  0.0207211  -0.222279
-16.6504  6.28319  6.28319  0.0191798  0.203441
-7.22566  6.28319  6.28319  0.0541245  0.329171
-5.34071  6.28319  6.28319  0.0682549  0.357595
-4.08407  6.28319  6.28319  0.0788908  0.367652
-2.82743  6.28319  6.28319  0.089198  0.356452
-2.19911  6.28319  6.28319  0.0935618  0.334548
-1.5708  6.28319  6.28319  0.0969873  0.293679
-0.942478  6.28319  6.28319  0.0992765  0.223956
-0.314159  6.28319  6.28319  0.100396  0.108872
0.314159  6.28319  6.28319  0.100396  -0.108881
0.942478  6.28319  6.28319  0.0992767  -0.223964
1.5708  6.28319  6.28319  0.0969875  -0.293686
2.19911  6.28319  6.28319  0.0935621  -0.334555
2.82743  6.28319  6.28319  0.0891985  -0.356458
4.08407  6.28319  6.28319  0.0788924  -0.367657
7.22566  6.28319  6.28319  0.0541238  -0.32918
14.7655  6.28319  6.28319  0.023008  -0.222299
