-16.6504  0  0  0.0132738  0.0561983
-7.22566  0  0  0.0543169  0.103996
-5.34071  0  0  0.0820322  0.11889
-4.08407  0  0  0.111418  0.126495
-2.82743  0  0  0.153778  0.125195
-2.19911  0  0  0.180189  0.116868
-1.5708  0  0  0.208608  0.0996525
-0.942478  0  0  0.235321  0.0703679
-0.314159  0  0  0.253454  0.0274948
0.314159  0  0  0.253454  -0.0274954
0.942478  0  0  0.23532  -0.0703683
1.5708  0  0  0.208608  -0.0996527
2.19911  0  0  0.180188  -0.116868
2.82743  0  0  0.153778  -0.125195
4.08407  0  0  0.111417  -0.126495
7.22566  0  0  0.0543168  -0.103996
14.7655  0  0  0.0165398  -0.0623322
-16.6504  0  0.628319  0.012123  0.0567435
-7.22566  0  0.628319  0.0511252  0.108214
-5.34071  0  0.628319  0.0788234  0.126301
-4.08407  0  0.628319  0.109469  0.137424
-2.82743  0  0.628319  0.156139  0.14062
-2.19911  0  0.628319  0.186854  0.134127
-1.5708  0  0.628319  0.221434  0.117155
-0.942478  0  0.628319  0.255536  0.0847038
-0.314159  0  0.628319  0.279533  0.0341701
0.314159  0  0.628319  0.279533  -0.0341709
0.942478  0  0.628319  0.255536  -0.0847043
1.5708  0  0.628319  0.221434  -0.117155
2.19911  0  0.628319  0.186854  -0.134127
2.82743  0  0.628319  0.156139  -0.14062
4.08407  0  0.628319  0.109469  -0.137424
7.22566  0  0.628319  0.0511251  -0.108214
14.7655  0  0.628319  0.0151419  -0.0630868
-16.6504  0  1.25664  0.00895906  0.0579486
-7.22566  0  1.25664  0.0405221  0.11852
-5.34071  0  1.25664  0.0658296  0.145777
-4.08407  0  1.25664  0.0971582  0.168633
-2.82743  0  1.25664  0.153142  0.190924
-2.19911  0  1.25664  0.196867  0.195909
-1.5708  0  1.25664  0.25464  0.187303
-0.942478  0  1.25664  0.323375  0.149905
-0.314159  0  1.25664  0.382043  0.065027
0.314159  0  1.25664  0.382043  -0.0650287
0.942478  0  1.25664  0.323374  -0.149906
1.5708  0  1.25664  0.254639  -0.187303
2.19911  0  1.25664  0.196866  -0.195909
2.82743  0  1.25664  0.153141  -0.190924
4.08407  0  1.25664  0.097158  -0.168632
7.22566  0  1.25664  0.040522  -0.11852
14.7655  0  1.25664  0.0112494  -0.0647675
-16.6504  0  1.88496  0.00481045  0.0589414
-7.22566  0  1.88496  0.023141  0.128208
-5.34071  0  1.88496  0.0395868  0.166084
-4.08407  0  1.88496  0.0624956  0.205609
-2.82743  0  1.88496  0.11239  0.266033
-2.19911  0  1.88496  0.16228  0.307221
-1.5708  0  1.88496  0.250795  0.352331
-0.942478  0  1.88496  0.41592  0.371371
-0.314159  0  1.88496  0.670504  0.228895
0.314159  0  1.88496  0.670499  -0.228901
0.942478  0  1.88496  0.415916  -0.371371
1.5708  0  1.88496  0.250793  -0.352331
2.19911  0  1.88496  0.162279  -0.30722
2.82743  0  1.88496  0.11239  -0.266032
4.08407  0  1.88496  0.0624953  -0.205609
7.22566  0  1.88496  0.0231409  -0.128207
14.7655  0  1.88496  0.00606674  -0.0661656
-16.6504  0  2.51327  0.00133782  0.0593041
-7.22566  0  2.51327  0.00658905  0.132064
-5.34071  0  2.51327  0.0115138  0.174777
-4.08407  0  2.51327  0.0187296  0.223039
-2.82743  0  2.51327  0.0360373  0.309166
-2.19911  0  2.51327  0.0559049  0.384252
-1.5708  0  2.51327  0.0994572  0.509252
-0.942478  0  2.51327  0.229743  0.756132
-0.314159  0  2.51327  1.00331  1.31485
0.314159  0  2.51327  1.00326  -1.31483
0.942478  0  2.51327  0.229738  -0.756124
1.5708  0  2.51327  0.0994559  -0.509248
2.19911  0  2.51327  0.0559044  -0.38425
2.82743  0  2.51327  0.036037  -0.309165
4.08407  0  2.51327  0.0187295  -0.223038
7.22566  0  2.51327  0.00658904  -0.132064
14.7655  0  2.51327  0.00168993  -0.0666795
-16.6504  0  3.14159  -9.08304e-09  0.0593343
-7.22566  0  3.14159  -7.06889e-08  0.132396
-5.34071  0  3.14159  -1.99657e-08  0.175542
-4.08407  0  3.14159  -1.24734e-07  0.224618
-2.82743  0  3.14159  -3.48752e-07  0.313329
-2.19911  0  3.14159  -5.62978e-07  0.392231
-1.5708  0  3.14159  -1.07793e-06  0.528071
-0.942478  0  3.14159  -2.83949e-06  0.822715
-0.314159  0  3.14159  -1.93837e-05  1.98171
0.314159  0  3.14159  -1.79011e-05  -1.98164
0.942478  0  3.14159  -2.57064e-06  -0.822704
1.5708  0  3.14159  -9.65766e-07  -0.528067
2.19911  0  3.14159  -4.92692e-07  -0.392228
2.82743  0  3.14159  -2.89417e-07  -0.313328
4.08407  0  3.14159  -1.3085e-07  -0.224617
7.22566  0  3.14159  -4.71926e-08  -0.132396
14.7655  0  3.14159  -9.08361e-09  -0.0667225
-16.6504  0  3.76991  0.00133782  0.0593041
-7.22566  0  3.76991  0.00658905  0.132064
-5.34071  0  3.76991  0.0115138  0.174777
-4.08407  0  3.76991  0.0187296  0.223039
-2.82743  0  3.76991  0.0360373  0.309166
-2.19911  0  3.76991  0.0559049  0.384252
-1.5708  0  3.76991  0.0994572  0.509252
-0.942478  0  3.76991  0.229743  0.756132
-0.314159  0  3.76991  1.00331  1.31485
0.314159  0  3.76991  1.00326  -1.31483
0.942478  0  3.76991  0.229738  -0.756124
1.5708  0  3.76991  0.0994559  -0.509248
2.19911  0  3.76991  0.0559044  -0.38425
2.82743  0  3.76991  0.036037  -0.309165
4.08407  0  3.76991  0.0187295  -0.223038
7.22566  0  3.76991  0.00658904  -0.132064
14.7655  0  3.76991  0.00168993  -0.0666795
-16.6504  0  4.39823  0.00481045  0.0589414
-7.22566  0  4.39823  0.023141  0.128208
-5.34071  0  4.39823  0.0395868  0.166084
-4.08407  0  4.39823  0.0624956  0.205609
-2.82743  0  4.39823  0.11239  0.266033
-2.19911  0  4.39823  0.16228  0.307221
-1.5708  0  4.39823  0.250795  0.352331
-0.942478  0  4.39823  0.41592  0.371371
-0.314159  0  4.39823  0.670504  0.228895
0.314159  0  4.39823  0.670499  -0.228901
0.942478  0  4.39823  0.415916  -0.371371
1.5708  0  4.39823  0.250793  -0.352331
2.19911  0  4.39823  0.162279  -0.30722
2.82743  0  4.39823  0.11239  -0.266032
4.08407  0  4.39823  0.0624953  -0.205609
7.22566  0  4.39823  0.0231409  -0.128207
14.7655  0  4.39823  0.00606674  -0.0661656
-16.6504  0  5.02655  0.00895906  0.0579486
-7.22566  0  5.02655  0.0405221  0.11852
-5.34071  0  5.02655  0.0658296  0.145777
-4.08407  0  5.02655  0.0971582  0.168633
-2.82743  0  5.02655  0.153142  0.190924
-2.19911  0  5.02655  0.196867  0.195909
-1.5708  0  5.02655  0.25464  0.187303
-0.942478  0  5.02655  0.323375  0.149905
-0.314159  0  5.02655  0.382043  0.065027
0.314159  0  5.02655  0.382043  -0.0650287
0.942478  0  5.02655  0.323374  -0.149906
1.5708  0  5.02655  0.254639  -0.187303
2.19911  0  5.02655  0.196866  -0.195909
2.82743  0  5.02655  0.153141  -0.190924
4.08407  0  5.02655  0.097158  -0.168632
7.22566  0  5.02655  0.040522  -0.11852
14.7655  0  5.02655  0.0112494  -0.0647675
-16.6504  0  5.65487  0.012123  0.0567435
-7.22566  0  5.65487  0.0511252  0.108214
-5.34071  0  5.65487  0.0788234  0.126301
-4.08407  0  5.65487  0.109469  0.137424
-2.82743  0  5.65487  0.156139  0.14062
-2.19911  0  5.65487  0.186854  0.134127
-1.5708  0  5.65487  0.221434  0.117155
-0.942478  0  5.65487  0.255536  0.0847038
-0.314159  0  5.65487  0.279533  0.0341701
0.314159  0  5.65487  0.279533  -0.0341709
0.942478  0  5.65487  0.255536  -0.0847043
1.5708  0  5.65487  0.221434  -0.117155
2.19911  0  5.65487  0.186854  -0.134127
2.82743  0  5.65487  0.156139  -0.14062
4.08407  0  5.65487  0.109469  -0.137424
7.22566  0  5.65487  0.0511251  -0.108214
14.7655  0  5.65487  0.0151419  -0.0630868
-16.6504  0  6.28319  0.0132738  0.0561983
-7.22566  0  6.28319  0.0543169  0.103996
-5.34071  0  6.28319  0.0820322  0.11889
-4.08407  0  6.28319  0.111418  0.126495
-2.82743  0  6.28319  0.153778  0.125195
-2.19911  0  6.28319  0.180189  0.116868
-1.5708  0  6.28319  0.208608  0.0996525
-0.942478  0  6.28319  0.235321  0.0703679
-0.314159  0  6.28319  0.253454  0.0274948
0.314159  0  6.28319  0.253454  -0.0274954
0.942478  0  6.28319  0.23532  -0.0703683
1.5708  0  6.28319  0.208608  -0.0996527
2.19911  0  6.28319  0.180188  -0.116868
2.82743  0  6.28319  0.153778  -0.125195
4.08407  0  6.28319  0.111417  -0.126495
7.22566  0  6.28319  0.0543168  -0.103996
14.7655  0  6.28319  0.0165398  -0.0623322
-16.6504  0.628319  0  0.012123  0.0567435
-7.22566  0.628319  0  0.0511252  0.108214
-5.34071  0.628319  0  0.0788234  0.126301
-4.08407  0.628319  0  0.109469  0.137424
-2.82743  0.628319  0  0.156139  0.14062
-2.19911  0.628319  0  0.186854  0.134127
-1.5708  0.628319  0  0.221434  0.117155
-0.942478  0.628319  0  0.255536  0.0847038
-0.314159  0.628319  0  0.279533  0.0341701
0.314159  0.628319  0  0.279533  -0.0341709
0.942478  0.628319  0  0.255536  -0.0847043
1.5708  0.628319  0  0.221434  -0.117155
2.19911  0.628319  0  0.186854  -0.134127
2.82743  0.628319  0  0.156139  -0.14062
4.08407  0.628319  0  0.109469  -0.137424
7.22566  0.628319  0  0.0511251  -0.108214
14.7655  0.628319  0  0.0151419  -0.0630868
-16.6504  0.628319  0.628319  0.0109388  0.0572433
-7.22566  0.628319  0.628319  0.0474612  0.112314
-5.34071  0.628319  0.628319  0.0746891  0.133806
-4.08407  0.628319  0.628319  0.106146  0.149005
-2.82743  0.628319  0.628319  0.156955  0.158128
-2.19911  0.628319  0.628319  0.192473  0.15463
-1.5708  0.628319  0.628319  0.234628  0.139078
-0.942478  0.628319  0.628319  0.278698  0.103759
-0.314159  0.628319  0.628319  0.311705  0.0423466
0.314159  0.628319  0.628319  0.311705  -0.0423476
0.942478  0.628319  0.628319  0.278697  -0.10376
1.5708  0.628319  0.628319  0.234627  -0.139078
2.19911  0.628319  0.628319  0.192472  -0.154631
2.82743  0.628319  0.628319  0.156954  -0.158128
4.08407  0.628319  0.628319  0.106146  -0.149005
7.22566  0.628319  0.628319  0.0474611  -0.112314
14.7655  0.628319  0.628319  0.0136927  -0.0637816
-16.6504  0.628319  1.25664  0.00770057  0.0583169
-7.22566  0.628319  1.25664  0.0356183  0.121975
-5.34071  0.628319  1.25664  0.0589242  0.15278
-4.08407  0.628319  1.25664  0.0889781  0.180833
-2.82743  0.628319  1.25664  0.146273  0.21357
-2.19911  0.628319  1.25664  0.194551  0.226791
-1.5708  0.628319  1.25664  0.263717  0.227336
-0.942478  0.628319  1.25664  0.355212  0.193211
-0.314159  0.628319  1.25664  0.442178  0.0903865
0.314159  0.628319  1.25664  0.442177  -0.0903889
0.942478  0.628319  1.25664  0.35521  -0.193212
1.5708  0.628319  1.25664  0.263715  -0.227336
2.19911  0.628319  1.25664  0.194551  -0.226791
2.82743  0.628319  1.25664  0.146272  -0.21357
4.08407  0.628319  1.25664  0.0889778  -0.180832
7.22566  0.628319  1.25664  0.0356182  -0.121975
14.7655  0.628319  1.25664  0.00968482  -0.0652847
-16.6504  0.628319  1.88496  0.00349185  0.0591277
-7.22566  0.628319  1.88496  0.017  0.130163
-5.34071  0.628319  1.88496  0.0293978  0.170449
-4.08407  0.628319  1.88496  0.0471234  0.214246
-2.82743  0.628319  1.88496  0.0876762  0.286753
-2.19911  0.628319  1.88496  0.131114  0.342924
-1.5708  0.628319  1.88496  0.216226  0.419637
-0.942478  0.628319  1.88496  0.409131  0.505254
-0.314159  0.628319  1.88496  0.846024  0.399569
0.314159  0.628319  1.88496  0.846013  -0.399578
0.942478  0.628319  1.88496  0.409126  -0.505253
1.5708  0.628319  1.88496  0.216223  -0.419635
2.19911  0.628319  1.88496  0.131113  -0.342922
2.82743  0.628319  1.88496  0.0876757  -0.286752
4.08407  0.628319  1.88496  0.0471232  -0.214245
7.22566  0.628319  1.88496  0.0169999  -0.130163
14.7655  0.628319  1.88496  0.00440738  -0.0664294
-16.6504  0.628319  2.51327  -9.08061e-09  0.0593341
-7.22566  0.628319  2.51327  -7.12732e-08  0.13239
-5.34071  0.628319  2.51327  -2.111e-08  0.175531
-4.08407  0.628319  2.51327  -1.25497e-07  0.224611
-2.82743  0.628319  2.51327  -3.51256e-07  0.31342
-2.19911  0.628319  2.51327  -5.68349e-07  0.392582
-1.5708  0.628319  2.51327  -1.0912e-06  0.529449
-0.942478  0.628319  2.51327  -2.8905e-06  0.829847
-0.314159  0.628319  2.51327  -2.0656e-05  2.08094
0.314159  0.628319  2.51327  -1.91767e-05  -2.08086
0.942478  0.628319  2.51327  -2.62986e-06  -0.829836
1.5708  0.628319  2.51327  -9.80777e-07  -0.529445
2.19911  0.628319  2.51327  -4.99495e-07  -0.39258
2.82743  0.628319  2.51327  -2.94328e-07  -0.313419
4.08407  0.628319  2.51327  -1.30933e-07  -0.22461
7.22566  0.628319  2.51327  -4.71607e-08  -0.13239
14.7655  0.628319  2.51327  -9.11422e-09  -0.0667222
-16.6504  0.628319  3.14159  -0.00133784  0.0593041
-7.22566  0.628319  3.14159  -0.00658919  0.132064
-5.34071  0.628319  3.14159  -0.0115139  0.174777
-4.08407  0.628319  3.14159  -0.0187299  0.223039
-2.82743  0.628319  3.14159  -0.036038  0.309166
-2.19911  0.628319  3.14159  -0.055906  0.384252
-1.5708  0.628319  3.14159  -0.0994592  0.509251
-0.942478  0.628319  3.14159  -0.229748  0.75613
-0.314159  0.628319  3.14159  -1.00332  1.31482
0.314159  0.628319  3.14159  -1.00327  -1.31481
0.942478  0.628319  3.14159  -0.229742  -0.756121
1.5708  0.628319  3.14159  -0.0994575  -0.509248
2.19911  0.628319  3.14159  -0.0559053  -0.38425
2.82743  0.628319  3.14159  -0.0360376  -0.309164
4.08407  0.628319  3.14159  -0.0187298  -0.223038
7.22566  0.628319  3.14159  -0.00658913  -0.132064
14.7655  0.628319  3.14159  -0.00168994  -0.0666795
-16.6504  0.628319  3.76991  -9.08061e-09  0.0593341
-7.22566  0.628319  3.76991  -7.12732e-08  0.13239
-5.34071  0.628319  3.76991  -2.111e-08  0.175531
-4.08407  0.628319  3.76991  -1.25497e-07  0.224611
-2.82743  0.628319  3.76991  -3.51256e-07  0.31342
-2.19911  0.628319  3.76991  -5.68349e-07  0.392582
-1.5708  0.628319  3.76991  -1.0912e-06  0.529449
-0.942478  0.628319  3.76991  -2.8905e-06  0.829847
-0.314159  0.628319  3.76991  -2.0656e-05  2.08094
0.314159  0.628319  3.76991  -1.91767e-05  -2.08086
0.942478  0.628319  3.76991  -2.62986e-06  -0.829836
1.5708  0.628319  3.76991  -9.80777e-07  -0.529445
2.19911  0.628319  3.76991  -4.99495e-07  -0.39258
2.82743  0.628319  3.76991  -2.94328e-07  -0.313419
4.08407  0.628319  3.76991  -1.30933e-07  -0.22461
7.22566  0.628319  3.76991  -4.71607e-08  -0.13239
14.7655  0.628319  3.76991  -9.11422e-09  -0.0667222
-16.6504  0.628319  4.39823  0.00349185  0.0591277
-7.22566  0.628319  4.39823  0.017  0.130163
-5.34071  0.628319  4.39823  0.0293978  0.170449
-4.08407  0.628319  4.39823  0.0471234  0.214246
-2.82743  0.628319  4.39823  0.0876762  0.286753
-2.19911  0.628319  4.39823  0.131114  0.342924
-1.5708  0.628319  4.39823  0.216226  0.419637
-0.942478  0.628319  4.39823  0.409131  0.505254
-0.314159  0.628319  4.39823  0.846024  0.399569
0.314159  0.628319  4.39823  0.846013  -0.399578
0.942478  0.628319  4.39823  0.409126  -0.505253
1.5708  0.628319  4.39823  0.216223  -0.419635
2.19911  0.628319  4.39823  0.131113  -0.342922
2.82743  0.628319  4.39823  0.0876757  -0.286752
4.08407  0.628319  4.39823  0.0471232  -0.214245
7.22566  0.628319  4.39823  0.0169999  -0.130163
14.7655  0.628319  4.39823  0.00440738  -0.0664294
-16.6504  0.628319  5.02655  0.00770057  0.0583169
-7.22566  0.628319  5.02655  0.0356183  0.121975
-5.34071  0.628319  5.02655  0.0589242  0.15278
-4.08407  0.628319  5.02655  0.0889781  0.180833
-2.82743  0.628319  5.02655  0.146273  0.21357
-2.19911  0.628319  5.02655  0.194551  0.226791
-1.5708  0.628319  5.02655  0.263717  0.227336
-0.942478  0.628319  5.02655  0.355212  0.193211
-0.314159  0.628319  5.02655  0.442178  0.0903865
0.314159  0.628319  5.02655  0.442177  -0.0903889
0.942478  0.628319  5.02655  0.35521  -0.193212
1.5708  0.628319  5.02655  0.263715  -0.227336
2.19911  0.628319  5.02655  0.194551  -0.226791
2.82743  0.628319  5.02655  0.146272  -0.21357
4.08407  0.628319  5.02655  0.0889778  -0.180832
7.22566  0.628319  5.02655  0.0356182  -0.121975
14.7655  0.628319  5.02655  0.00968482  -0.0652847
-16.6504  0.628319  5.65487  0.0109388  0.0572433
-7.22566  0.628319  5.65487  0.0474612  0.112314
-5.34071  0.628319  5.65487  0.0746891  0.133806
-4.08407  0.628319  5.65487  0.106146  0.149005
-2.82743  0.628319  5.65487  0.156955  0.158128
-2.19911  0.628319  5.65487  0.192473  0.15463
-1.5708  0.628319  5.65487  0.234628  0.139078
-0.942478  0.628319  5.65487  0.278698  0.103759
-0.314159  0.628319  5.65487  0.311705  0.0423466
0.314159  0.628319  5.65487  0.311705  -0.0423476
0.942478  0.628319  5.65487  0.278697  -0.10376
1.5708  0.628319  5.65487  0.234627  -0.139078
2.19911  0.628319  5.65487  0.192472  -0.154631
2.82743  0.628319  5.65487  0.156954  -0.158128
4.08407  0.628319  5.65487  0.106146  -0.149005
7.22566  0.628319  5.65487  0.0474611  -0.112314
14.7655  0.628319  5.65487  0.0136927  -0.0637816
-16.6504  0.628319  6.28319  0.012123  0.0567435
-7.22566  0.628319  6.28319  0.0511252  0.108214
-5.34071  0.628319  6.28319  0.0788234  0.126301
-4.08407  0.628319  6.28319  0.109469  0.137424
-2.82743  0.628319  6.28319  0.156139  0.14062
-2.19911  0.628319  6.28319  0.186854  0.134127
-1.5708  0.628319  6.28319  0.221434  0.117155
-0.942478  0.628319  6.28319  0.255536  0.0847038
-0.314159  0.628319  6.28319  0.279533  0.0341701
0.314159  0.628319  6.28319  0.279533  -0.0341709
0.942478  0.628319  6.28319  0.255536  -0.0847043
1.5708  0.628319  6.28319  0.221434  -0.117155
2.19911  0.628319  6.28319  0.186854  -0.134127
2.82743  0.628319  6.28319  0.156139  -0.14062
4.08407  0.628319  6.28319  0.109469  -0.137424
7.22566  0.628319  6.28319  0.0511251  -0.108214
14.7655  0.628319  6.28319  0.0151419  -0.0630868
-16.6504  1.25664  0  0.00895906  0.0579486
-7.22566  1.25664  0  0.0405221  0.11852
-5.34071  1.25664  0  0.0658296  0.145777
-4.08407  1.25664  0  0.0971582  0.168633
-2.82743  1.25664  0  0.153142  0.190924
-2.19911  1.25664  0  0.196867  0.195909
-1.5708  1.25664  0  0.25464  0.187303
-0.942478  1.25664  0  0.323375  0.149905
-0.314159  1.25664  0  0.382043  0.065027
0.314159  1.25664  0  0.382043  -0.0650287
0.942478  1.25664  0  0.323374  -0.149906
1.5708  1.25664  0  0.254639  -0.187303
2.19911  1.25664  0  0.196866  -0.195909
2.82743  1.25664  0  0.153141  -0.190924
4.08407  1.25664  0  0.097158  -0.168632
7.22566  1.25664  0  0.040522  -0.11852
14.7655  1.25664  0  0.0112494  -0.0647675
-16.6504  1.25664  0.628319  0.00770057  0.0583169
-7.22566  1.25664  0.628319  0.0356183  0.121975
-5.34071  1.25664  0.628319  0.0589242  0.15278
-4.08407  1.25664  0.628319  0.0889781  0.180833
-2.82743  1.25664  0.628319  0.146273  0.21357
-2.19911  1.25664  0.628319  0.194551  0.226791
-1.5708  1.25664  0.628319  0.263717  0.227336
-0.942478  1.25664  0.628319  0.355212  0.193211
-0.314159  1.25664  0.628319  0.442178  0.0903865
0.314159  1.25664  0.628319  0.442177  -0.0903889
0.942478  1.25664  0.628319  0.35521  -0.193212
1.5708  1.25664  0.628319  0.263715  -0.227336
2.19911  1.25664  0.628319  0.194551  -0.226791
2.82743  1.25664  0.628319  0.146272  -0.21357
4.08407  1.25664  0.628319  0.0889778  -0.180832
7.22566  1.25664  0.628319  0.0356182  -0.121975
14.7655  1.25664  0.628319  0.00968482  -0.0652847
-16.6504  1.25664  1.25664  0.00430807  0.0590193
-7.22566  1.25664  1.25664  0.020826  0.129016
-5.34071  1.25664  1.25664  0.0357903  0.167881
-4.08407  1.25664  1.25664  0.0568783  0.209152
-2.82743  1.25664  1.25664  0.103836  0.274433
-2.19911  1.25664  1.25664  0.152232  0.321423
-1.5708  1.25664  1.25664  0.241666  0.377906
-0.942478  1.25664  1.25664  0.420633  0.417049
-0.314159  1.25664  1.25664  0.731324  0.275428
0.314159  1.25664  1.25664  0.731318  -0.275435
0.942478  1.25664  1.25664  0.420629  -0.417049
1.5708  1.25664  1.25664  0.241663  -0.377905
2.19911  1.25664  1.25664  0.152231  -0.321422
2.82743  1.25664  1.25664  0.103835  -0.274433
4.08407  1.25664  1.25664  0.0568781  -0.209152
7.22566  1.25664  1.25664  0.020826  -0.129016
14.7655  1.25664  1.25664  0.00543496  -0.0662757
-16.6504  1.25664  1.88496  -9.06904e-09  0.0593338
-7.22566  1.25664  1.88496  -7.23292e-08  0.132381
-5.34071  1.25664  1.88496  -2.28562e-08  0.175517
-4.08407  1.25664  1.88496  -1.25542e-07  0.22462
-2.82743  1.25664  1.88496  -3.5116e-07  0.313662
-2.19911  1.25664  1.88496  -5.67325e-07  0.393339
-1.5708  1.25664  1.88496  -1.08598e-06  0.531872
-0.942478  1.25664  1.88496  -2.8777e-06  0.838782
-0.314159  1.25664  1.88496  -2.10337e-05  2.13311
0.314159  1.25664  1.88496  -1.99865e-05  -2.13303
0.942478  1.25664  1.88496  -2.69228e-06  -0.838771
1.5708  1.25664  1.88496  -9.99861e-07  -0.531868
2.19911  1.25664  1.88496  -5.0921e-07  -0.393337
2.82743  1.25664  1.88496  -3.02412e-07  -0.313661
4.08407  1.25664  1.88496  -1.31862e-07  -0.22462
7.22566  1.25664  1.88496  -4.71776e-08  -0.132381
14.7655  1.25664  1.88496  -9.13856e-09  -0.0667216
-16.6504  1.25664  2.51327  -0.00349187  0.0591277
-7.22566  1.25664  2.51327  -0.0170001  0.130163
-5.34071  1.25664  2.51327  -0.0293978  0.170449
-4.08407  1.25664  2.51327  -0.0471237  0.214246
-2.82743  1.25664  2.51327  -0.0876769  0.286753
-2.19911  1.25664  2.51327  -0.131115  0.342923
-1.5708  1.25664  2.51327  -0.216227  0.419635
-0.942478  1.25664  2.51327  -0.409133  0.505251
-0.314159  1.25664  2.51327  -0.84602  0.399562
0.314159  1.25664  2.51327  -0.846007  -0.399573
0.942478  1.25664  2.51327  -0.409125  -0.505249
1.5708  1.25664  2.51327  -0.216224  -0.419633
2.19911  1.25664  2.51327  -0.131114  -0.342921
2.82743  1.25664  2.51327  -0.087676  -0.286752
4.08407  1.25664  2.51327  -0.0471233  -0.214245
7.22566  1.25664  2.51327  -0.017  -0.130163
14.7655  1.25664  2.51327  -0.0044074  -0.0664294
-16.6504  1.25664  3.14159  -0.00481048  0.0589414
-7.22566  1.25664  3.14159  -0.0231411  0.128208
-5.34071  1.25664  3.14159  -0.0395868  0.166084
-4.08407  1.25664  3.14159  -0.0624959  0.205609
-2.82743  1.25664  3.14159  -0.112391  0.266032
-2.19911  1.25664  3.14159  -0.162281  0.307221
-1.5708  1.25664  3.14159  -0.250796  0.35233
-0.942478  1.25664  3.14159  -0.41592  0.371368
-0.314159  1.25664  3.14159  -0.670501  0.228891
0.314159  1.25664  3.14159  -0.670495  -0.228899
0.942478  1.25664  3.14159  -0.415915  -0.371369
1.5708  1.25664  3.14159  -0.250793  -0.352329
2.19911  1.25664  3.14159  -0.162279  -0.30722
2.82743  1.25664  3.14159  -0.11239  -0.266032
4.08407  1.25664  3.14159  -0.0624955  -0.205609
7.22566  1.25664  3.14159  -0.023141  -0.128207
14.7655  1.25664  3.14159  -0.00606676  -0.0661656
-16.6504  1.25664  3.76991  -0.00349187  0.0591277
-7.22566  1.25664  3.76991  -0.0170001  0.130163
-5.34071  1.25664  3.76991  -0.0293978  0.170449
-4.08407  1.25664  3.76991  -0.0471237  0.214246
-2.82743  1.25664  3.76991  -0.0876769  0.286753
-2.19911  1.25664  3.76991  -0.131115  0.342923
-1.5708  1.25664  3.76991  -0.216227  0.419635
-0.942478  1.25664  3.76991  -0.409133  0.505251
-0.314159  1.25664  3.76991  -0.84602  0.399562
0.314159  1.25664  3.76991  -0.846007  -0.399573
0.942478  1.25664  3.76991  -0.409125  -0.505249
1.5708  1.25664  3.76991  -0.216224  -0.419633
2.19911  1.25664  3.76991  -0.131114  -0.342921
2.82743  1.25664  3.76991  -0.087676  -0.286752
4.08407  1.25664  3.76991  -0.0471233  -0.214245
7.22566  1.25664  3.76991  -0.017  -0.130163
14.7655  1.25664  3.76991  -0.0044074  -0.0664294
-16.6504  1.25664  4.39823  -9.06904e-09  0.0593338
-7.22566  1.25664  4.39823  -7.23292e-08  0.132381
-5.34071  1.25664  4.39823  -2.28562e-08  0.175517
-4.08407  1.25664  4.39823  -1.25542e-07  0.22462
-2.82743  1.25664  4.39823  -3.5116e-07  0.313662
-2.19911  1.25664  4.39823  -5.67325e-07  0.393339
-1.5708  1.25664  4.39823  -1.08598e-06  0.531872
-0.942478  1.25664  4.39823  -2.8777e-06  0.838782
-0.314159  1.25664  4.39823  -2.10337e-05  2.13311
0.314159  1.25664  4.39823  -1.99865e-05  -2.13303
0.942478  1.25664  4.39823  -2.69228e-06  -0.838771
1.5708  1.25664  4.39823  -9.99861e-07  -0.531868
2.19911  1.25664  4.39823  -5.0921e-07  -0.393337
2.82743  1.25664  4.39823  -3.02412e-07  -0.313661
4.08407  1.25664  4.39823  -1.31862e-07  -0.22462
7.22566  1.25664  4.39823  -4.71776e-08  -0.132381
14.7655  1.25664  4.39823  -9.13856e-09  -0.0667216
-16.6504  1.25664  5.02655  0.00430807  0.0590193
-7.22566  1.25664  5.02655  0.020826  0.129016
-5.34071  1.25664  5.02655  0.0357903  0.167881
-4.08407  1.25664  5.02655  0.0568783  0.209152
-2.82743  1.25664  5.02655  0.103836  0.274433
-2.19911  1.25664  5.02655  0.152232  0.321423
-1.5708  1.25664  5.02655  0.241666  0.377906
-0.942478  1.25664  5.02655  0.420633  0.417049
-0.314159  1.25664  5.02655  0.731324  0.275428
0.314159  1.25664  5.02655  0.731318  -0.275435
0.942478  1.25664  5.02655  0.420629  -0.417049
1.5708  1.25664  5.02655  0.241663  -0.377905
2.19911  1.25664  5.02655  0.152231  -0.321422
2.82743  1.25664  5.02655  0.103835  -0.274433
4.08407  1.25664  5.02655  0.0568781  -0.209152
7.22566  1.25664  5.02655  0.020826  -0.129016
14.7655  1.25664  5.02655  0.00543496  -0.0662757
-16.6504  1.25664  5.65487  0.00770057  0.0583169
-7.22566  1.25664  5.65487  0.0356183  0.121975
-5.34071  1.25664  5.65487  0.0589242  0.15278
-4.08407  1.25664  5.65487  0.0889781  0.180833
-2.82743  1.25664  5.65487  0.146273  0.21357
-2.19911  1.25664  5.65487  0.194551  0.226791
-1.5708  1.25664  5.65487  0.263717  0.227336
-0.942478  1.25664  5.65487  0.355212  0.193211
-0.314159  1.25664  5.65487  0.442178  0.0903865
0.314159  1.25664  5.65487  0.442177  -0.0903889
0.942478  1.25664  5.65487  0.35521  -0.193212
1.5708  1.25664  5.65487  0.263715  -0.227336
2.19911  1.25664  5.65487  0.194551  -0.226791
2.82743  1.25664  5.65487  0.146272  -0.21357
4.08407  1.25664  5.65487  0.0889778  -0.180832
7.22566  1.25664  5.65487  0.0356182  -0.121975
14.7655  1.25664  5.65487  0.00968482  -0.0652847
-16.6504  1.25664  6.28319  0.00895906  0.0579486
-7.22566  1.25664  6.28319  0.0405221  0.11852
-5.34071  1.25664  6.28319  0.0658296  0.145777
-4.08407  1.25664  6.28319  0.0971582  0.168633
-2.82743  1.25664  6.28319  0.153142  0.190924
-2.19911  1.25664  6.28319  0.196867  0.195909
-1.5708  1.25664  6.28319  0.25464  0.187303
-0.942478  1.25664  6.28319  0.323375  0.149905
-0.314159  1.25664  6.28319  0.382043  0.065027
0.314159  1.25664  6.28319  0.382043  -0.0650287
0.942478  1.25664  6.28319  0.323374  -0.149906
1.5708  1.25664  6.28319  0.254639  -0.187303
2.19911  1.25664  6.28319  0.196866  -0.195909
2.82743  1.25664  6.28319  0.153141  -0.190924
4.08407  1.25664  6.28319  0.097158  -0.168632
7.22566  1.25664  6.28319  0.040522  -0.11852
14.7655  1.25664  6.28319  0.0112494  -0.0647675
-16.6504  1.88496  0  0.00481045  0.0589414
-7.22566  1.88496  0  0.023141  0.128208
-5.34071  1.88496  0  0.0395868  0.166084
-4.08407  1.88496  0  0.0624956  0.205609
-2.82743  1.88496  0  0.11239  0.266033
-2.19911  1.88496  0  0.16228  0.307221
-1.5708  1.88496  0  0.250795  0.352331
-0.942478  1.88496  0  0.41592  0.371371
-0.314159  1.88496  0  0.670504  0.228895
0.314159  1.88496  0  0.670499  -0.228901
0.942478  1.88496  0  0.415916  -0.371371
1.5708  1.88496  0  0.250793  -0.352331
2.19911  1.88496  0  0.162279  -0.30722
2.82743  1.88496  0  0.11239  -0.266032
4.08407  1.88496  0  0.0624953  -0.205609
7.22566  1.88496  0  0.0231409  -0.128207
14.7655  1.88496  0  0.00606674  -0.0661656
-16.6504  1.88496  0.628319  0.00349185  0.0591277
-7.22566  1.88496  0.628319  0.017  0.130163
-5.34071  1.88496  0.628319  0.0293978  0.170449
-4.08407  1.88496  0.628319  0.0471234  0.214246
-2.82743  1.88496  0.628319  0.0876762  0.286753
-2.19911  1.88496  0.628319  0.131114  0.342924
-1.5708  1.88496  0.628319  0.216226  0.419637
-0.942478  1.88496  0.628319  0.409131  0.505254
-0.314159  1.88496  0.628319  0.846024  0.399569
0.314159  1.88496  0.628319  0.846013  -0.399578
0.942478  1.88496  0.628319  0.409126  -0.505253
1.5708  1.88496  0.628319  0.216223  -0.419635
2.19911  1.88496  0.628319  0.131113  -0.342922
2.82743  1.88496  0.628319  0.0876757  -0.286752
4.08407  1.88496  0.628319  0.0471232  -0.214245
7.22566  1.88496  0.628319  0.0169999  -0.130163
14.7655  1.88496  0.628319  0.00440738  -0.0664294
-16.6504  1.88496  1.25664  -9.06904e-09  0.0593338
-7.22566  1.88496  1.25664  -7.23292e-08  0.132381
-5.34071  1.88496  1.25664  -2.28562e-08  0.175517
-4.08407  1.88496  1.25664  -1.25542e-07  0.22462
-2.82743  1.88496  1.25664  -3.5116e-07  0.313662
-2.19911  1.88496  1.25664  -5.67325e-07  0.393339
-1.5708  1.88496  1.25664  -1.08598e-06  0.531872
-0.942478  1.88496  1.25664  -2.8777e-06  0.838782
-0.314159  1.88496  1.25664  -2.10337e-05  2.13311
0.314159  1.88496  1.25664  -1.99865e-05  -2.13303
0.942478  1.88496  1.25664  -2.69228e-06  -0.838771
1.5708  1.88496  1.25664  -9.99861e-07  -0.531868
2.19911  1.88496  1.25664  -5.0921e-07  -0.393337
2.82743  1.88496  1.25664  -3.02412e-07  -0.313661
4.08407  1.88496  1.25664  -1.31862e-07  -0.22462
7.22566  1.88496  1.25664  -4.71776e-08  -0.132381
14.7655  1.88496  1.25664  -9.13856e-09  -0.0667216
-16.6504  1.88496  1.88496  -0.00430809  0.0590193
-7.22566  1.88496  1.88496  -0.0208262  0.129016
-5.34071  1.88496  1.88496  -0.0357903  0.167882
-4.08407  1.88496  1.88496  -0.0568786  0.209152
-2.82743  1.88496  1.88496  -0.103836  0.274433
-2.19911  1.88496  1.88496  -0.152233  0.321423
-1.5708  1.88496  1.88496  -0.241667  0.377905
-0.942478  1.88496  1.88496  -0.420634  0.417046
-0.314159  1.88496  1.88496  -0.731321  0.275424
0.314159  1.88496  1.88496  -0.731313  -0.275433
0.942478  1.88496  1.88496  -0.420628  -0.417046
1.5708  1.88496  1.88496  -0.241664  -0.377903
2.19911  1.88496  1.88496  -0.152231  -0.321422
2.82743  1.88496  1.88496  -0.103835  -0.274432
4.08407  1.88496  1.88496  -0.0568782  -0.209152
7.22566  1.88496  1.88496  -0.020826  -0.129016
14.7655  1.88496  1.88496  -0.00543497  -0.0662757
-16.6504  1.88496  2.51327  -0.0077006  0.0583169
-7.22566  1.88496  2.51327  -0.0356184  0.121975
-5.34071  1.88496  2.51327  -0.0589243  0.15278
-4.08407  1.88496  2.51327  -0.0889783  0.180832
-2.82743  1.88496  2.51327  -0.146273  0.21357
-2.19911  1.88496  2.51327  -0.194552  0.226791
-1.5708  1.88496  2.51327  -0.263717  0.227335
-0.942478  1.88496  2.51327  -0.355211  0.193209
-0.314159  1.88496  2.51327  -0.442177  0.090385
0.314159  1.88496  2.51327  -0.442175  -0.090389
0.942478  1.88496  2.51327  -0.355209  -0.193211
1.5708  1.88496  2.51327  -0.263715  -0.227336
2.19911  1.88496  2.51327  -0.19455  -0.226791
2.82743  1.88496  2.51327  -0.146272  -0.213569
4.08407  1.88496  2.51327  -0.0889777  -0.180832
7.22566  1.88496  2.51327  -0.0356182  -0.121974
14.7655  1.88496  2.51327  -0.00968483  -0.0652847
-16.6504  1.88496  3.14159  -0.00895909  0.0579487
-7.22566  1.88496  3.14159  -0.0405223  0.11852
-5.34071  1.88496  3.14159  -0.0658297  0.145777
-4.08407  1.88496  3.14159  -0.0971585  0.168633
-2.82743  1.88496  3.14159  -0.153142  0.190923
-2.19911  1.88496  3.14159  -0.196867  0.195909
-1.5708  1.88496  3.14159  -0.25464  0.187302
-0.942478  1.88496  3.14159  -0.323374  0.149904
-0.314159  1.88496  3.14159  -0.382042  0.0650259
0.314159  1.88496  3.14159  -0.382041  -0.065029
0.942478  1.88496  3.14159  -0.323372  -0.149905
1.5708  1.88496  3.14159  -0.254638  -0.187302
2.19911  1.88496  3.14159  -0.196866  -0.195909
2.82743  1.88496  3.14159  -0.153141  -0.190923
4.08407  1.88496  3.14159  -0.0971579  -0.168632
7.22566  1.88496  3.14159  -0.040522  -0.11852
14.7655  1.88496  3.14159  -0.0112494  -0.0647675
-16.6504  1.88496  3.76991  -0.0077006  0.0583169
-7.22566  1.88496  3.76991  -0.0356184  0.121975
-5.34071  1.88496  3.76991  -0.0589243  0.15278
-4.08407  1.88496  3.76991  -0.0889783  0.180832
-2.82743  1.88496  3.76991  -0.146273  0.21357
-2.19911  1.88496  3.76991  -0.194552  0.226791
-1.5708  1.88496  3.76991  -0.263717  0.227335
-0.942478  1.88496  3.76991  -0.355211  0.193209
-0.314159  1.88496  3.76991  -0.442177  0.090385
0.314159  1.88496  3.76991  -0.442175  -0.090389
0.942478  1.88496  3.76991  -0.355209  -0.193211
1.5708  1.88496  3.76991  -0.263715  -0.227336
2.19911  1.88496  3.76991  -0.19455  -0.226791
2.82743  1.88496  3.76991  -0.146272  -0.213569
4.08407  1.88496  3.76991  -0.0889777  -0.180832
7.22566  1.88496  3.76991  -0.0356182  -0.121974
14.7655  1.88496  3.76991  -0.00968483  -0.0652847
-16.6504  1.88496  4.39823  -0.00430809  0.0590193
-7.22566  1.88496  4.39823  -0.0208262  0.129016
-5.34071  1.88496  4.39823  -0.0357903  0.167882
-4.08407  1.88496  4.39823  -0.0568786  0.209152
-2.82743  1.88496  4.39823  -0.103836  0.274433
-2.19911  1.88496  4.39823  -0.152233  0.321423
-1.5708  1.88496  4.39823  -0.241667  0.377905
-0.942478  1.88496  4.39823  -0.420634  0.417046
-0.314159  1.88496  4.39823  -0.731321  0.275424
0.314159  1.88496  4.39823  -0.731313  -0.275433
0.942478  1.88496  4.39823  -0.420628  -0.417046
1.5708  1.88496  4.39823  -0.241664  -0.377903
2.19911  1.88496  4.39823  -0.152231  -0.321422
2.82743  1.88496  4.39823  -0.103835  -0.274432
4.08407  1.88496  4.39823  -0.0568782  -0.209152
7.22566  1.88496  4.39823  -0.020826  -0.129016
14.7655  1.88496  4.39823  -0.00543497  -0.0662757
-16.6504  1.88496  5.02655  -9.06904e-09  0.0593338
-7.22566  1.88496  5.02655  -7.23292e-08  0.132381
-5.34071  1.88496  5.02655  -2.28562e-08  0.175517
-4.08407  1.88496  5.02655  -1.25542e-07  0.22462
-2.82743  1.88496  5.02655  -3.5116e-07  0.313662
-2.19911  1.88496  5.02655  -5.67325e-07  0.393339
-1.5708  1.88496  5.02655  -1.08598e-06  0.531872
-0.942478  1.88496  5.02655  -2.8777e-06  0.838782
-0.314159  1.88496  5.02655  -2.10337e-05  2.13311
0.314159  1.88496  5.02655  -1.99865e-05  -2.13303
0.942478  1.88496  5.02655  -2.69228e-06  -0.838771
1.5708  1.88496  5.02655  -9.99861e-07  -0.531868
2.19911  1.88496  5.02655  -5.0921e-07  -0.393337
2.82743  1.88496  5.02655  -3.02412e-07  -0.313661
4.08407  1.88496  5.02655  -1.31862e-07  -0.22462
7.22566  1.88496  5.02655  -4.71776e-08  -0.132381
14.7655  1.88496  5.02655  -9.13856e-09  -0.0667216
-16.6504  1.88496  5.65487  0.00349185  0.0591277
-7.22566  1.88496  5.65487  0.017  0.130163
-5.34071  1.88496  5.65487  0.0293978  0.170449
-4.08407  1.88496  5.65487  0.0471234  0.214246
-2.82743  1.88496  5.65487  0.0876762  0.286753
-2.19911  1.88496  5.65487  0.131114  0.342924
-1.5708  1.88496  5.65487  0.216226  0.419637
-0.942478  1.88496  5.65487  0.409131  0.505254
-0.314159  1.88496  5.65487  0.846024  0.399569
0.314159  1.88496  5.65487  0.846013  -0.399578
0.942478  1.88496  5.65487  0.409126  -0.505253
1.5708  1.88496  5.65487  0.216223  -0.419635
2.19911  1.88496  5.65487  0.131113  -0.342922
2.82743  1.88496  5.65487  0.0876757  -0.286752
4.08407  1.88496  5.65487  0.0471232  -0.214245
7.22566  1.88496  5.65487  0.0169999  -0.130163
14.7655  1.88496  5.65487  0.00440738  -0.0664294
-16.6504  1.88496  6.28319  0.00481045  0.0589414
-7.22566  1.88496  6.28319  0.023141  0.128208
-5.34071  1.88496  6.28319  0.0395868  0.166084
-4.08407  1.88496  6.28319  0.0624956  0.205609
-2.82743  1.88496  6.28319  0.11239  0.266033
-2.19911  1.88496  6.28319  0.16228  0.307221
-1.5708  1.88496  6.28319  0.250795  0.352331
-0.942478  1.88496  6.28319  0.41592  0.371371
-0.314159  1.88496  6.28319  0.670504  0.228895
0.314159  1.88496  6.28319  0.670499  -0.228901
0.942478  1.88496  6.28319  0.415916  -0.371371
1.5708  1.88496  6.28319  0.250793  -0.352331
2.19911  1.88496  6.28319  0.162279  -0.30722
2.82743  1.88496  6.28319  0.11239  -0.266032
4.08407  1.88496  6.28319  0.0624953  -0.205609
7.22566  1.88496  6.28319  0.0231409  -0.128207
14.7655  1.88496  6.28319  0.00606674  -0.0661656
-16.6504  2.51327  0  0.00133782  0.0593041
-7.22566  2.51327  0  0.00658905  0.132064
-5.34071  2.51327  0  0.0115138  0.174777
-4.08407  2.51327  0  0.0187296  0.223039
-2.82743  2.51327  0  0.0360373  0.309166
-2.19911  2.51327  0  0.0559049  0.384252
-1.5708  2.51327  0  0.0994572  0.509252
-0.942478  2.51327  0  0.229743  0.756132
-0.314159  2.51327  0  1.00331  1.31485
0.314159  2.51327  0  1.00326  -1.31483
0.942478  2.51327  0  0.229738  -0.756124
1.5708  2.51327  0  0.0994559  -0.509248
2.19911  2.51327  0  0.0559044  -0.38425
2.82743  2.51327  0  0.036037  -0.309165
4.08407  2.51327  0  0.0187295  -0.223038
7.22566  2.51327  0  0.00658904  -0.132064
14.7655  2.51327  0  0.00168993  -0.0666795
-16.6504  2.51327  0.628319  -9.08061e-09  0.0593341
-7.22566  2.51327  0.628319  -7.12732e-08  0.13239
-5.34071  2.51327  0.628319  -2.111e-08  0.175531
-4.08407  2.51327  0.628319  -1.25497e-07  0.224611
-2.82743  2.51327  0.628319  -3.51256e-07  0.31342
-2.19911  2.51327  0.628319  -5.68349e-07  0.392582
-1.5708  2.51327  0.628319  -1.0912e-06  0.529449
-0.942478  2.51327  0.628319  -2.8905e-06  0.829847
-0.314159  2.51327  0.628319  -2.0656e-05  2.08094
0.314159  2.51327  0.628319  -1.91767e-05  -2.08086
0.942478  2.51327  0.628319  -2.62986e-06  -0.829836
1.5708  2.51327  0.628319  -9.80777e-07  -0.529445
2.19911  2.51327  0.628319  -4.99495e-07  -0.39258
2.82743  2.51327  0.628319  -2.94328e-07  -0.313419
4.08407  2.51327  0.628319  -1.30933e-07  -0.22461
7.22566  2.51327  0.628319  -4.71607e-08  -0.13239
14.7655  2.51327  0.628319  -9.11422e-09  -0.0667222
-16.6504  2.51327  1.25664  -0.00349187  0.0591277
-7.22566  2.51327  1.25664  -0.0170001  0.130163
-5.34071  2.51327  1.25664  -0.0293978  0.170449
-4.08407  2.51327  1.25664  -0.0471237  0.214246
-2.82743  2.51327  1.25664  -0.0876769  0.286753
-2.19911  2.51327  1.25664  -0.131115  0.342923
-1.5708  2.51327  1.25664  -0.216227  0.419635
-0.942478  2.51327  1.25664  -0.409133  0.505251
-0.314159  2.51327  1.25664  -0.84602  0.399562
0.314159  2.51327  1.25664  -0.846007  -0.399573
0.942478  2.51327  1.25664  -0.409125  -0.505249
1.5708  2.51327  1.25664  -0.216224  -0.419633
2.19911  2.51327  1.25664  -0.131114  -0.342921
2.82743  2.51327  1.25664  -0.087676  -0.286752
4.08407  2.51327  1.25664  -0.0471233  -0.214245
7.22566  2.51327  1.25664  -0.017  -0.130163
14.7655  2.51327  1.25664  -0.0044074  -0.0664294
-16.6504  2.51327  1.88496  -0.0077006  0.0583169
-7.22566  2.51327  1.88496  -0.0356184  0.121975
-5.34071  2.51327  1.88496  -0.0589243  0.15278
-4.08407  2.51327  1.88496  -0.0889783  0.180832
-2.82743  2.51327  1.88496  -0.146273  0.21357
-2.19911  2.51327  1.88496  -0.194552  0.226791
-1.5708  2.51327  1.88496  -0.263717  0.227335
-0.942478  2.51327  1.88496  -0.355211  0.193209
-0.314159  2.51327  1.88496  -0.442177  0.090385
0.314159  2.51327  1.88496  -0.442175  -0.090389
0.942478  2.51327  1.88496  -0.355209  -0.193211
1.5708  2.51327  1.88496  -0.263715  -0.227336
2.19911  2.51327  1.88496  -0.19455  -0.226791
2.82743  2.51327  1.88496  -0.146272  -0.213569
4.08407  2.51327  1.88496  -0.0889777  -0.180832
7.22566  2.51327  1.88496  -0.0356182  -0.121974
14.7655  2.51327  1.88496  -0.00968483  -0.0652847
-16.6504  2.51327  2.51327  -0.0109388  0.0572433
-7.22566  2.51327  2.51327  -0.0474613  0.112314
-5.34071  2.51327  2.51327  -0.0746892  0.133806
-4.08407  2.51327  2.51327  -0.106146  0.149005
-2.82743  2.51327  2.51327  -0.156955  0.158128
-2.19911  2.51327  2.51327  -0.192473  0.15463
-1.5708  2.51327  2.51327  -0.234628  0.139077
-0.942478  2.51327  2.51327  -0.278698  0.103758
-0.314159  2.51327  2.51327  -0.311705  0.0423458
0.314159  2.51327  2.51327  -0.311704  -0.042348
0.942478  2.51327  2.51327  -0.278697  -0.10376
1.5708  2.51327  2.51327  -0.234626  -0.139078
2.19911  2.51327  2.51327  -0.192472  -0.15463
2.82743  2.51327  2.51327  -0.156954  -0.158128
4.08407  2.51327  2.51327  -0.106146  -0.149005
7.22566  2.51327  2.51327  -0.0474611  -0.112314
14.7655  2.51327  2.51327  -0.0136927  -0.0637816
-16.6504  2.51327  3.14159  -0.0121231  0.0567436
-7.22566  2.51327  3.14159  -0.0511254  0.108214
-5.34071  2.51327  3.14159  -0.0788236  0.126301
-4.08407  2.51327  3.14159  -0.109469  0.137424
-2.82743  2.51327  3.14159  -0.156139  0.140619
-2.19911  2.51327  3.14159  -0.186854  0.134127
-1.5708  2.51327  3.14159  -0.221434  0.117154
-0.942478  2.51327  3.14159  -0.255536  0.0847031
-0.314159  2.51327  3.14159  -0.279532  0.0341695
0.314159  2.51327  3.14159  -0.279532  -0.0341713
0.942478  2.51327  3.14159  -0.255535  -0.0847044
1.5708  2.51327  3.14159  -0.221433  -0.117155
2.19911  2.51327  3.14159  -0.186853  -0.134127
2.82743  2.51327  3.14159  -0.156138  -0.14062
4.08407  2.51327  3.14159  -0.109469  -0.137424
7.22566  2.51327  3.14159  -0.0511251  -0.108214
14.7655  2.51327  3.14159  -0.0151419  -0.0630868
-16.6504  2.51327  3.76991  -0.0109388  0.0572433
-7.22566  2.51327  3.76991  -0.0474613  0.112314
-5.34071  2.51327  3.76991  -0.0746892  0.133806
-4.08407  2.51327  3.76991  -0.106146  0.149005
-2.82743  2.51327  3.76991  -0.156955  0.158128
-2.19911  2.51327  3.76991  -0.192473  0.15463
-1.5708  2.51327  3.76991  -0.234628  0.139077
-0.942478  2.51327  3.76991  -0.278698  0.103758
-0.314159  2.51327  3.76991  -0.311705  0.0423458
0.314159  2.51327  3.76991  -0.311704  -0.042348
0.942478  2.51327  3.76991  -0.278697  -0.10376
1.5708  2.51327  3.76991  -0.234626  -0.139078
2.19911  2.51327  3.76991  -0.192472  -0.15463
2.82743  2.51327  3.76991  -0.156954  -0.158128
4.08407  2.51327  3.76991  -0.106146  -0.149005
7.22566  2.51327  3.76991  -0.0474611  -0.112314
14.7655  2.51327  3.76991  -0.0136927  -0.0637816
-16.6504  2.51327  4.39823  -0.0077006  0.0583169
-7.22566  2.51327  4.39823  -0.0356184  0.121975
-5.34071  2.51327  4.39823  -0.0589243  0.15278
-4.08407  2.51327  4.39823  -0.0889783  0.180832
-2.82743  2.51327  4.39823  -0.146273  0.21357
-2.19911  2.51327  4.39823  -0.194552  0.226791
-1.5708  2.51327  4.39823  -0.263717  0.227335
-0.942478  2.51327  4.39823  -0.355211  0.193209
-0.314159  2.51327  4.39823  -0.442177  0.090385
0.314159  2.51327  4.39823  -0.442175  -0.090389
0.942478  2.51327  4.39823  -0.355209  -0.193211
1.5708  2.51327  4.39823  -0.263715  -0.227336
2.19911  2.51327  4.39823  -0.19455  -0.226791
2.82743  2.51327  4.39823  -0.146272  -0.213569
4.08407  2.51327  4.39823  -0.0889777  -0.180832
7.22566  2.51327  4.39823  -0.0356182  -0.121974
14.7655  2.51327  4.39823  -0.00968483  -0.0652847
-16.6504  2.51327  5.02655  -0.00349187  0.0591277
-7.22566  2.51327  5.02655  -0.0170001  0.130163
-5.34071  2.51327  5.02655  -0.0293978  0.170449
-4.08407  2.51327  5.02655  -0.0471237  0.214246
-2.82743  2.51327  5.02655  -0.0876769  0.286753
-2.19911  2.51327  5.02655  -0.131115  0.342923
-1.5708  2.51327  5.02655  -0.216227  0.419635
-0.942478  2.51327  5.02655  -0.409133  0.505251
-0.314159  2.51327  5.02655  -0.84602  0.399562
0.314159  2.51327  5.02655  -0.846007  -0.399573
0.942478  2.51327  5.02655  -0.409125  -0.505249
1.5708  2.51327  5.02655  -0.216224  -0.419633
2.19911  2.51327  5.02655  -0.131114  -0.342921
2.82743  2.51327  5.02655  -0.087676  -0.286752
4.08407  2.51327  5.02655  -0.0471233  -0.214245
7.22566  2.51327  5.02655  -0.017  -0.130163
14.7655  2.51327  5.02655  -0.0044074  -0.0664294
-16.6504  2.51327  5.65487  -9.08061e-09  0.0593341
-7.22566  2.51327  5.65487  -7.12732e-08  0.13239
-5.34071  2.51327  5.65487  -2.111e-08  0.175531
-4.08407  2.51327  5.65487  -1.25497e-07  0.224611
-2.82743  2.51327  5.65487  -3.51256e-07  0.31342
-2.19911  2.51327  5.65487  -5.68349e-07  0.392582
-1.5708  2.51327  5.65487  -1.0912e-06  0.529449
-0.942478  2.51327  5.65487  -2.8905e-06  0.829847
-0.314159  2.51327  5.65487  -2.0656e-05  2.08094
0.314159  2.51327  5.65487  -1.91767e-05  -2.08086
0.942478  2.51327  5.65487  -2.62986e-06  -0.829836
1.5708  2.51327  5.65487  -9.80777e-07  -0.529445
2.19911  2.51327  5.65487  -4.99495e-07  -0.39258
2.82743  2.51327  5.65487  -2.94328e-07  -0.313419
4.08407  2.51327  5.65487  -1.30933e-07  -0.22461
7.22566  2.51327  5.65487  -4.71607e-08  -0.13239
14.7655  2.51327  5.65487  -9.11422e-09  -0.0667222
-16.6504  2.51327  6.28319  0.00133782  0.0593041
-7.22566  2.51327  6.28319  0.00658905  0.132064
-5.34071  2.51327  6.28319  0.0115138  0.174777
-4.08407  2.51327  6.28319  0.0187296  0.223039
-2.82743  2.51327  6.28319  0.0360373  0.309166
-2.19911  2.51327  6.28319  0.0559049  0.384252
-1.5708  2.51327  6.28319  0.0994572  0.509252
-0.942478  2.51327  6.28319  0.229743  0.756132
-0.314159  2.51327  6.28319  1.00331  1.31485
0.314159  2.51327  6.28319  1.00326  -1.31483
0.942478  2.51327  6.28319  0.229738  -0.756124
1.5708  2.51327  6.28319  0.0994559  -0.509248
2.19911  2.51327  6.28319  0.0559044  -0.38425
2.82743  2.51327  6.28319  0.036037  -0.309165
4.08407  2.51327  6.28319  0.0187295  -0.223038
7.22566  2.51327  6.28319  0.00658904  -0.132064
14.7655  2.51327  6.28319  0.00168993  -0.0666795
-16.6504  3.14159  0  -9.08304e-09  0.0593343
-7.22566  3.14159  0  -7.06889e-08  0.132396
-5.34071  3.14159  0  -1.99657e-08  0.175542
-4.08407  3.14159  0  -1.24734e-07  0.224618
-2.82743  3.14159  0  -3.48752e-07  0.313329
-2.19911  3.14159  0  -5.62978e-07  0.392231
-1.5708  3.14159  0  -1.07793e-06  0.528071
-0.942478  3.14159  0  -2.83949e-06  0.822715
-0.314159  3.14159  0  -1.93837e-05  1.98171
0.314159  3.14159  0  -1.79011e-05  -1.98164
0.942478  3.14159  0  -2.57064e-06  -0.822704
1.5708  3.14159  0  -9.65766e-07  -0.528067
2.19911  3.14159  0  -4.92692e-07  -0.392228
2.82743  3.14159  0  -2.89417e-07  -0.313328
4.08407  3.14159  0  -1.3085e-07  -0.224617
7.22566  3.14159  0  -4.71926e-08  -0.132396
14.7655  3.14159  0  -9.08361e-09  -0.0667225
-16.6504  3.14159  0.628319  -0.00133784  0.0593041
-7.22566  3.14159  0.628319  -0.00658919  0.132064
-5.34071  3.14159  0.628319  -0.0115139  0.174777
-4.08407  3.14159  0.628319  -0.0187299  0.223039
-2.82743  3.14159  0.628319  -0.036038  0.309166
-2.19911  3.14159  0.628319  -0.055906  0.384252
-1.5708  3.14159  0.628319  -0.0994592  0.509251
-0.942478  3.14159  0.628319  -0.229748  0.75613
-0.314159  3.14159  0.628319  -1.00332  1.31482
0.314159  3.14159  0.628319  -1.00327  -1.31481
0.942478  3.14159  0.628319  -0.229742  -0.756121
1.5708  3.14159  0.628319  -0.0994575  -0.509248
2.19911  3.14159  0.628319  -0.0559053  -0.38425
2.82743  3.14159  0.628319  -0.0360376  -0.309164
4.08407  3.14159  0.628319  -0.0187298  -0.223038
7.22566  3.14159  0.628319  -0.00658913  -0.132064
14.7655  3.14159  0.628319  -0.00168994  -0.0666795
-16.6504  3.14159  1.25664  -0.00481048  0.0589414
-7.22566  3.14159  1.25664  -0.0231411  0.128208
-5.34071  3.14159  1.25664  -0.0395868  0.166084
-4.08407  3.14159  1.25664  -0.0624959  0.205609
-2.82743  3.14159  1.25664  -0.112391  0.266032
-2.19911  3.14159  1.25664  -0.162281  0.307221
-1.5708  3.14159  1.25664  -0.250796  0.35233
-0.942478  3.14159  1.25664  -0.41592  0.371368
-0.314159  3.14159  1.25664  -0.670501  0.228891
0.314159  3.14159  1.25664  -0.670495  -0.228899
0.942478  3.14159  1.25664  -0.415915  -0.371369
1.5708  3.14159  1.25664  -0.250793  -0.352329
2.19911  3.14159  1.25664  -0.162279  -0.30722
2.82743  3.14159  1.25664  -0.11239  -0.266032
4.08407  3.14159  1.25664  -0.0624955  -0.205609
7.22566  3.14159  1.25664  -0.023141  -0.128207
14.7655  3.14159  1.25664  -0.00606676  -0.0661656
-16.6504  3.14159  1.88496  -0.00895909  0.0579487
-7.22566  3.14159  1.88496  -0.0405223  0.11852
-5.34071  3.14159  1.88496  -0.0658297  0.145777
-4.08407  3.14159  1.88496  -0.0971585  0.168633
-2.82743  3.14159  1.88496  -0.153142  0.190923
-2.19911  3.14159  1.88496  -0.196867  0.195909
-1.5708  3.14159  1.88496  -0.25464  0.187302
-0.942478  3.14159  1.88496  -0.323374  0.149904
-0.314159  3.14159  1.88496  -0.382042  0.0650259
0.314159  3.14159  1.88496  -0.382041  -0.065029
0.942478  3.14159  1.88496  -0.323372  -0.149905
1.5708  3.14159  1.88496  -0.254638  -0.187302
2.19911  3.14159  1.88496  -0.196866  -0.195909
2.82743  3.14159  1.88496  -0.153141  -0.190923
4.08407  3.14159  1.88496  -0.0971579  -0.168632
7.22566  3.14159  1.88496  -0.040522  -0.11852
14.7655  3.14159  1.88496  -0.0112494  -0.0647675
-16.6504  3.14159  2.51327  -0.0121231  0.0567436
-7.22566  3.14159  2.51327  -0.0511254  0.108214
-5.34071  3.14159  2.51327  -0.0788236  0.126301
-4.08407  3.14159  2.51327  -0.109469  0.137424
-2.82743  3.14159  2.51327  -0.156139  0.140619
-2.19911  3.14159  2.51327  -0.186854  0.134127
-1.5708  3.14159  2.51327  -0.221434  0.117154
-0.942478  3.14159  2.51327  -0.255536  0.0847031
-0.314159  3.14159  2.51327  -0.279532  0.0341695
0.314159  3.14159  2.51327  -0.279532  -0.0341713
0.942478  3.14159  2.51327  -0.255535  -0.0847044
1.5708  3.14159  2.51327  -0.221433  -0.117155
2.19911  3.14159  2.51327  -0.186853  -0.134127
2.82743  3.14159  2.51327  -0.156138  -0.14062
4.08407  3.14159  2.51327  -0.109469  -0.137424
7.22566  3.14159  2.51327  -0.0511251  -0.108214
14.7655  3.14159  2.51327  -0.0151419  -0.0630868
-16.6504  3.14159  3.14159  -0.0132739  0.0561983
-7.22566  3.14159  3.14159  -0.054317  0.103996
-5.34071  3.14159  3.14159  -0.0820324  0.11889
-4.08407  3.14159  3.14159  -0.111418  0.126495
-2.82743  3.14159  3.14159  -0.153778  0.125194
-2.19911  3.14159  3.14159  -0.180189  0.116868
-1.5708  3.14159  3.14159  -0.208608  0.0996519
-0.942478  3.14159  3.14159  -0.23532  0.0703673
-0.314159  3.14159  3.14159  -0.253453  0.0274942
0.314159  3.14159  3.14159  -0.253453  -0.0274957
0.942478  3.14159  3.14159  -0.23532  -0.0703685
1.5708  3.14159  3.14159  -0.208607  -0.0996527
2.19911  3.14159  3.14159  -0.180188  -0.116868
2.82743  3.14159  3.14159  -0.153777  -0.125194
4.08407  3.14159  3.14159  -0.111417  -0.126495
7.22566  3.14159  3.14159  -0.0543167  -0.103996
14.7655  3.14159  3.14159  -0.0165398  -0.0623322
-16.6504  3.14159  3.76991  -0.0121231  0.0567436
-7.22566  3.14159  3.76991  -0.0511254  0.108214
-5.34071  3.14159  3.76991  -0.0788236  0.126301
-4.08407  3.14159  3.76991  -0.109469  0.137424
-2.82743  3.14159  3.76991  -0.156139  0.140619
-2.19911  3.14159  3.76991  -0.186854  0.134127
-1.5708  3.14159  3.76991  -0.221434  0.117154
-0.942478  3.14159  3.76991  -0.255536  0.0847031
-0.314159  3.14159  3.76991  -0.279532  0.0341695
0.314159  3.14159  3.76991  -0.279532  -0.0341713
0.942478  3.14159  3.76991  -0.255535  -0.0847044
1.5708  3.14159  3.76991  -0.221433  -0.117155
2.19911  3.14159  3.76991  -0.186853  -0.134127
2.82743  3.14159  3.76991  -0.156138  -0.14062
4.08407  3.14159  3.76991  -0.109469  -0.137424
7.22566  3.14159  3.76991  -0.0511251  -0.108214
14.7655  3.14159  3.76991  -0.0151419  -0.0630868
-16.6504  3.14159  4.39823  -0.00895909  0.0579487
-7.22566  3.14159  4.39823  -0.0405223  0.11852
-5.34071  3.14159  4.39823  -0.0658297  0.145777
-4.08407  3.14159  4.39823  -0.0971585  0.168633
-2.82743  3.14159  4.39823  -0.153142  0.190923
-2.19911  3.14159  4.39823  -0.196867  0.195909
-1.5708  3.14159  4.39823  -0.25464  0.187302
-0.942478  3.14159  4.39823  -0.323374  0.149904
-0.314159  3.14159  4.39823  -0.382042  0.0650259
0.314159  3.14159  4.39823  -0.382041  -0.065029
0.942478  3.14159  4.39823  -0.323372  -0.149905
1.5708  3.14159  4.39823  -0.254638  -0.187302
2.19911  3.14159  4.39823  -0.196866  -0.195909
2.82743  3.14159  4.39823  -0.153141  -0.190923
4.08407  3.14159  4.39823  -0.0971579  -0.168632
7.22566  3.14159  4.39823  -0.040522  -0.11852
14.7655  3.14159  4.39823  -0.0112494  -0.0647675
-16.6504  3.14159  5.02655  -0.00481048  0.0589414
-7.22566  3.14159  5.02655  -0.0231411  0.128208
-5.34071  3.14159  5.02655  -0.0395868  0.166084
-4.08407  3.14159  5.02655  -0.0624959  0.205609
-2.82743  3.14159  5.02655  -0.112391  0.266032
-2.19911  3.14159  5.02655  -0.162281  0.307221
-1.5708  3.14159  5.02655  -0.250796  0.35233
-0.942478  3.14159  5.02655  -0.41592  0.371368
-0.314159  3.14159  5.02655  -0.670501  0.228891
0.314159  3.14159  5.02655  -0.670495  -0.228899
0.942478  3.14159  5.02655  -0.415915  -0.371369
1.5708  3.14159  5.02655  -0.250793  -0.352329
2.19911  3.14159  5.02655  -0.162279  -0.30722
2.82743  3.14159  5.02655  -0.11239  -0.266032
4.08407  3.14159  5.02655  -0.0624955  -0.205609
7.22566  3.14159  5.02655  -0.023141  -0.128207
14.7655  3.14159  5.02655  -0.00606676  -0.0661656
-16.6504  3.14159  5.65487  -0.00133784  0.0593041
-7.22566  3.14159  5.65487  -0.00658919  0.132064
-5.34071  3.14159  5.65487  -0.0115139  0.174777
-4.08407  3.14159  5.65487  -0.0187299  0.223039
-2.82743  3.14159  5.65487  -0.036038  0.309166
-2.19911  3.14159  5.65487  -0.055906  0.384252
-1.5708  3.14159  5.65487  -0.0994592  0.509251
-0.942478  3.14159  5.65487  -0.229748  0.75613
-0.314159  3.14159  5.65487  -1.00332  1.31482
0.314159  3.14159  5.65487  -1.00327  -1.31481
0.942478  3.14159  5.65487  -0.229742  -0.756121
1.5708  3.14159  5.65487  -0.0994575  -0.509248
2.19911  3.14159  5.65487  -0.0559053  -0.38425
2.82743  3.14159  5.65487  -0.0360376  -0.309164
4.08407  3.14159  5.65487  -0.0187298  -0.223038
7.22566  3.14159  5.65487  -0.00658913  -0.132064
14.7655  3.14159  5.65487  -0.00168994  -0.0666795
-16.6504  3.14159  6.28319  -9.08304e-09  0.0593343
-7.22566  3.14159  6.28319  -7.06889e-08  0.132396
-5.34071  3.14159  6.28319  -1.99657e-08  0.175542
-4.08407  3.14159  6.28319  -1.24734e-07  0.224618
-2.82743  3.14159  6.28319  -3.48752e-07  0.313329
-2.19911  3.14159  6.28319  -5.62978e-07  0.392231
-1.5708  3.14159  6.28319  -1.07793e-06  0.528071
-0.942478  3.14159  6.28319  -2.83949e-06  0.822715
-0.314159  3.14159  6.28319  -1.93837e-05  1.98171
0.314159  3.14159  6.28319  -1.79011e-05  -1.98164
0.942478  3.14159  6.28319  -2.57064e-06  -0.822704
1.5708  3.14159  6.28319  -9.65766e-07  -0.528067
2.19911  3.14159  6.28319  -4.92692e-07  -0.392228
2.82743  3.14159  6.28319  -2.89417e-07  -0.313328
4.08407  3.14159  6.28319  -1.3085e-07  -0.224617
7.22566  3.14159  6.28319  -4.71926e-08  -0.132396
14.7655  3.14159  6.28319  -9.08361e-09  -0.0667225
-16.6504  3.76991  0  0.00133782  0.0593041
-7.22566  3.76991  0  0.00658905  0.132064
-5.34071  3.76991  0  0.0115138  0.174777
-4.08407  3.76991  0  0.0187296  0.223039
-2.82743  3.76991  0  0.0360373  0.309166
-2.19911  3.76991  0  0.0559049  0.384252
-1.5708  3.76991  0  0.0994572  0.509252
-0.942478  3.76991  0  0.229743  0.756132
-0.314159  3.76991  0  1.00331  1.31485
0.314159  3.76991  0  1.00326  -1.31483
0.942478  3.76991  0  0.229738  -0.756124
1.5708  3.76991  0  0.0994559  -0.509248
2.19911  3.76991  0  0.0559044  -0.38425
2.82743  3.76991  0  0.036037  -0.309165
4.08407  3.76991  0  0.0187295  -0.223038
7.22566  3.76991  0  0.00658904  -0.132064
14.7655  3.76991  0  0.00168993  -0.0666795
-16.6504  3.76991  0.628319  -9.08061e-09  0.0593341
-7.22566  3.76991  0.628319  -7.12732e-08  0.13239
-5.34071  3.76991  0.628319  -2.111e-08  0.175531
-4.08407  3.76991  0.628319  -1.25497e-07  0.224611
-2.82743  3.76991  0.628319  -3.51256e-07  0.31342
-2.19911  3.76991  0.628319  -5.68349e-07  0.392582
-1.5708  3.76991  0.628319  -1.0912e-06  0.529449
-0.942478  3.76991  0.628319  -2.8905e-06  0.829847
-0.314159  3.76991  0.628319  -2.0656e-05  2.08094
0.314159  3.76991  0.628319  -1.91767e-05  -2.08086
0.942478  3.76991  0.628319  -2.62986e-06  -0.829836
1.5708  3.76991  0.628319  -9.80777e-07  -0.529445
2.19911  3.76991  0.628319  -4.99495e-07  -0.39258
2.82743  3.76991  0.628319  -2.94328e-07  -0.313419
4.08407  3.76991  0.628319  -1.30933e-07  -0.22461
7.22566  3.76991  0.628319  -4.71607e-08  -0.13239
14.7655  3.76991  0.628319  -9.11422e-09  -0.0667222
-16.6504  3.76991  1.25664  -0.00349187  0.0591277
-7.22566  3.76991  1.25664  -0.0170001  0.130163
-5.34071  3.76991  1.25664  -0.0293978  0.170449
-4.08407  3.76991  1.25664  -0.0471237  0.214246
-2.82743  3.76991  1.25664  -0.0876769  0.286753
-2.19911  3.76991  1.25664  -0.131115  0.342923
-1.5708  3.76991  1.25664  -0.216227  0.419635
-0.942478  3.76991  1.25664  -0.409133  0.505251
-0.314159  3.76991  1.25664  -0.84602  0.399562
0.314159  3.76991  1.25664  -0.846007  -0.399573
0.942478  3.76991  1.25664  -0.409125  -0.505249
1.5708  3.76991  1.25664  -0.216224  -0.419633
2.19911  3.76991  1.25664  -0.131114  -0.342921
2.82743  3.76991  1.25664  -0.087676  -0.286752
4.08407  3.76991  1.25664  -0.0471233  -0.214245
7.22566  3.76991  1.25664  -0.017  -0.130163
14.7655  3.76991  1.25664  -0.0044074  -0.0664294
-16.6504  3.76991  1.88496  -0.0077006  0.0583169
-7.22566  3.76991  1.88496  -0.0356184  0.121975
-5.34071  3.76991  1.88496  -0.0589243  0.15278
-4.08407  3.76991  1.88496  -0.0889783  0.180832
-2.82743  3.76991  1.88496  -0.146273  0.21357
-2.19911  3.76991  1.88496  -0.194552  0.226791
-1.5708  3.76991  1.88496  -0.263717  0.227335
-0.942478  3.76991  1.88496  -0.355211  0.193209
-0.314159  3.76991  1.88496  -0.442177  0.090385
0.314159  3.76991  1.88496  -0.442175  -0.090389
0.942478  3.76991  1.88496  -0.355209  -0.193211
1.5708  3.76991  1.88496  -0.263715  -0.227336
2.19911  3.76991  1.88496  -0.19455  -0.226791
2.82743  3.76991  1.88496  -0.146272  -0.213569
4.08407  3.76991  1.88496  -0.0889777  -0.180832
7.22566  3.76991  1.88496  -0.0356182  -0.121974
14.7655  3.76991  1.88496  -0.00968483  -0.0652847
-16.6504  3.76991  2.51327  -0.0109388  0.0572433
-7.22566  3.76991  2.51327  -0.0474613  0.112314
-5.34071  3.76991  2.51327  -0.0746892  0.133806
-4.08407  3.76991  2.51327  -0.106146  0.149005
-2.82743  3.76991  2.51327  -0.156955  0.158128
-2.19911  3.76991  2.51327  -0.192473  0.15463
-1.5708  3.76991  2.51327  -0.234628  0.139077
-0.942478  3.76991  2.51327  -0.278698  0.103758
-0.314159  3.76991  2.51327  -0.311705  0.0423458
0.314159  3.76991  2.51327  -0.311704  -0.042348
0.942478  3.76991  2.51327  -0.278697  -0.10376
1.5708  3.76991  2.51327  -0.234626  -0.139078
2.19911  3.76991  2.51327  -0.192472  -0.15463
2.82743  3.76991  2.51327  -0.156954  -0.158128
4.08407  3.76991  2.51327  -0.106146  -0.149005
7.22566  3.76991  2.51327  -0.0474611  -0.112314
14.7655  3.76991  2.51327  -0.0136927  -0.0637816
-16.6504  3.76991  3.14159  -0.0121231  0.0567436
-7.22566  3.76991  3.14159  -0.0511254  0.108214
-5.34071  3.76991  3.14159  -0.0788236  0.126301
-4.08407  3.76991  3.14159  -0.109469  0.137424
-2.82743  3.76991  3.14159  -0.156139  0.140619
-2.19911  3.76991  3.14159  -0.186854  0.134127
-1.5708  3.76991  3.14159  -0.221434  0.117154
-0.942478  3.76991  3.14159  -0.255536  0.0847031
-0.314159  3.76991  3.14159  -0.279532  0.0341695
0.314159  3.76991  3.14159  -0.279532  -0.0341713
0.942478  3.76991  3.14159  -0.255535  -0.0847044
1.5708  3.76991  3.14159  -0.221433  -0.117155
2.19911  3.76991  3.14159  -0.186853  -0.134127
2.82743  3.76991  3.14159  -0.156138  -0.14062
4.08407  3.76991  3.14159  -0.109469  -0.137424
7.22566  3.76991  3.14159  -0.0511251  -0.108214
14.7655  3.76991  3.14159  -0.0151419  -0.0630868
-16.6504  3.76991  3.76991  -0.0109388  0.0572433
-7.22566  3.76991  3.76991  -0.0474613  0.112314
-5.34071  3.76991  3.76991  -0.0746892  0.133806
-4.08407  3.76991  3.76991  -0.106146  0.149005
-2.82743  3.76991  3.76991  -0.156955  0.158128
-2.19911  3.76991  3.76991  -0.192473  0.15463
-1.5708  3.76991  3.76991  -0.234628  0.139077
-0.942478  3.76991  3.76991  -0.278698  0.103758
-0.314159  3.76991  3.76991  -0.311705  0.0423458
0.314159  3.76991  3.76991  -0.311704  -0.042348
0.942478  3.76991  3.76991  -0.278697  -0.10376
1.5708  3.76991  3.76991  -0.234626  -0.139078
2.19911  3.76991  3.76991  -0.192472  -0.15463
2.82743  3.76991  3.76991  -0.156954  -0.158128
4.08407  3.76991  3.76991  -0.106146  -0.149005
7.22566  3.76991  3.76991  -0.0474611  -0.112314
14.7655  3.76991  3.76991  -0.0136927  -0.0637816
-16.6504  3.76991  4.39823  -0.0077006  0.0583169
-7.22566  3.76991  4.39823  -0.0356184  0.121975
-5.34071  3.76991  4.39823  -0.0589243  0.15278
-4.08407  3.76991  4.39823  -0.0889783  0.180832
-2.82743  3.76991  4.39823  -0.146273  0.21357
-2.19911  3.76991  4.39823  -0.194552  0.226791
-1.5708  3.76991  4.39823  -0.263717  0.227335
-0.942478  3.76991  4.39823  -0.355211  0.193209
-0.314159  3.76991  4.39823  -0.442177  0.090385
0.314159  3.76991  4.39823  -0.442175  -0.090389
0.942478  3.76991  4.39823  -0.355209  -0.193211
1.5708  3.76991  4.39823  -0.263715  -0.227336
2.19911  3.76991  4.39823  -0.19455  -0.226791
2.82743  3.76991  4.39823  -0.146272  -0.213569
4.08407  3.76991  4.39823  -0.0889777  -0.180832
7.22566  3.76991  4.39823  -0.0356182  -0.121974
14.7655  3.76991  4.39823  -0.00968483  -0.0652847
-16.6504  3.76991  5.02655  -0.00349187  0.0591277
-7.22566  3.76991  5.02655  -0.0170001  0.130163
-5.34071  3.76991  5.02655  -0.0293978  0.170449
-4.08407  3.76991  5.02655  -0.0471237  0.214246
-2.82743  3.76991  5.02655  -0.0876769  0.286753
-2.19911  3.76991  5.02655  -0.131115  0.342923
-1.5708  3.76991  5.02655  -0.216227  0.419635
-0.942478  3.76991  5.02655  -0.409133  0.505251
-0.314159  3.76991  5.02655  -0.84602  0.399562
0.314159  3.76991  5.02655  -0.846007  -0.399573
0.942478  3.76991  5.02655  -0.409125  -0.505249
1.5708  3.76991  5.02655  -0.216224  -0.419633
2.19911  3.76991  5.02655  -0.131114  -0.342921
2.82743  3.76991  5.02655  -0.087676  -0.286752
4.08407  3.76991  5.02655  -0.0471233  -0.214245
7.22566  3.76991  5.02655  -0.017  -0.130163
14.7655  3.76991  5.02655  -0.0044074  -0.0664294
-16.6504  3.76991  5.65487  -9.08061e-09  0.0593341
-7.22566  3.76991  5.65487  -7.12732e-08  0.13239
-5.34071  3.76991  5.65487  -2.111e-08  0.175531
-4.08407  3.76991  5.65487  -1.25497e-07  0.224611
-2.82743  3.76991  5.65487  -3.51256e-07  0.31342
-2.19911  3.76991  5.65487  -5.68349e-07  0.392582
-1.5708  3.76991  5.65487  -1.0912e-06  0.529449
-0.942478  3.76991  5.65487  -2.8905e-06  0.829847
-0.314159  3.76991  5.65487  -2.0656e-05  2.08094
0.314159  3.76991  5.65487  -1.91767e-05  -2.08086
0.942478  3.76991  5.65487  -2.62986e-06  -0.829836
1.5708  3.76991  5.65487  -9.80777e-07  -0.529445
2.19911  3.76991  5.65487  -4.99495e-07  -0.39258
2.82743  3.76991  5.65487  -2.94328e-07  -0.313419
4.08407  3.76991  5.65487  -1.30933e-07  -0.22461
7.22566  3.76991  5.65487  -4.71607e-08  -0.13239
14.7655  3.76991  5.65487  -9.11422e-09  -0.0667222
-16.6504  3.76991  6.28319  0.00133782  0.0593041
-7.22566  3.76991  6.28319  0.00658905  0.132064
-5.34071  3.76991  6.28319  0.0115138  0.174777
-4.08407  3.76991  6.28319  0.0187296  0.223039
-2.82743  3.76991  6.28319  0.0360373  0.309166
-2.19911  3.76991  6.28319  0.0559049  0.384252
-1.5708  3.76991  6.28319  0.0994572  0.509252
-0.942478  3.76991  6.28319  0.229743  0.756132
-0.314159  3.76991  6.28319  1.00331  1.31485
0.314159  3.76991  6.28319  1.00326  -1.31483
0.942478  3.76991  6.28319  0.229738  -0.756124
1.5708  3.76991  6.28319  0.0994559  -0.509248
2.19911  3.76991  6.28319  0.0559044  -0.38425
2.82743  3.76991  6.28319  0.036037  -0.309165
4.08407  3.76991  6.28319  0.0187295  -0.223038
7.22566  3.76991  6.28319  0.00658904  -0.132064
14.7655  3.76991  6.28319  0.00168993  -0.0666795
-16.6504  4.39823  0  0.00481045  0.0589414
-7.22566  4.39823  0  0.023141  0.128208
-5.34071  4.39823  0  0.0395868  0.166084
-4.08407  4.39823  0  0.0624956  0.205609
-2.82743  4.39823  0  0.11239  0.266033
-2.19911  4.39823  0  0.16228  0.307221
-1.5708  4.39823  0  0.250795  0.352331
-0.942478  4.39823  0  0.41592  0.371371
-0.314159  4.39823  0  0.670504  0.228895
0.314159  4.39823  0  0.670499  -0.228901
0.942478  4.39823  0  0.415916  -0.371371
1.5708  4.39823  0  0.250793  -0.352331
2.19911  4.39823  0  0.162279  -0.30722
2.82743  4.39823  0  0.11239  -0.266032
4.08407  4.39823  0  0.0624953  -0.205609
7.22566  4.39823  0  0.0231409  -0.128207
14.7655  4.39823  0  0.00606674  -0.0661656
-16.6504  4.39823  0.628319  0.00349185  0.0591277
-7.22566  4.39823  0.628319  0.017  0.130163
-5.34071  4.39823  0.628319  0.0293978  0.170449
-4.08407  4.39823  0.628319  0.0471234  0.214246
-2.82743  4.39823  0.628319  0.0876762  0.286753
-2.19911  4.39823  0.628319  0.131114  0.342924
-1.5708  4.39823  0.628319  0.216226  0.419637
-0.942478  4.39823  0.628319  0.409131  0.505254
-0.314159  4.39823  0.628319  0.846024  0.399569
0.314159  4.39823  0.628319  0.846013  -0.399578
0.942478  4.39823  0.628319  0.409126  -0.505253
1.5708  4.39823  0.628319  0.216223  -0.419635
2.19911  4.39823  0.628319  0.131113  -0.342922
2.82743  4.39823  0.628319  0.0876757  -0.286752
4.08407  4.39823  0.628319  0.0471232  -0.214245
7.22566  4.39823  0.628319  0.0169999  -0.130163
14.7655  4.39823  0.628319  0.00440738  -0.0664294
-16.6504  4.39823  1.25664  -9.06904e-09  0.0593338
-7.22566  4.39823  1.25664  -7.23292e-08  0.132381
-5.34071  4.39823  1.25664  -2.28562e-08  0.175517
-4.08407  4.39823  1.25664  -1.25542e-07  0.22462
-2.82743  4.39823  1.25664  -3.5116e-07  0.313662
-2.19911  4.39823  1.25664  -5.67325e-07  0.393339
-1.5708  4.39823  1.25664  -1.08598e-06  0.531872
-0.942478  4.39823  1.25664  -2.8777e-06  0.838782
-0.314159  4.39823  1.25664  -2.10337e-05  2.13311
0.314159  4.39823  1.25664  -1.99865e-05  -2.13303
0.942478  4.39823  1.25664  -2.69228e-06  -0.838771
1.5708  4.39823  1.25664  -9.99861e-07  -0.531868
2.19911  4.39823  1.25664  -5.0921e-07  -0.393337
2.82743  4.39823  1.25664  -3.02412e-07  -0.313661
4.08407  4.39823  1.25664  -1.31862e-07  -0.22462
7.22566  4.39823  1.25664  -4.71776e-08  -0.132381
14.7655  4.39823  1.25664  -9.13856e-09  -0.0667216
-16.6504  4.39823  1.88496  -0.00430809  0.0590193
-7.22566  4.39823  1.88496  -0.0208262  0.129016
-5.34071  4.39823  1.88496  -0.0357903  0.167882
-4.08407  4.39823  1.88496  -0.0568786  0.209152
-2.82743  4.39823  1.88496  -0.103836  0.274433
-2.19911  4.39823  1.88496  -0.152233  0.321423
-1.5708  4.39823  1.88496  -0.241667  0.377905
-0.942478  4.39823  1.88496  -0.420634  0.417046
-0.314159  4.39823  1.88496  -0.731321  0.275424
0.314159  4.39823  1.88496  -0.731313  -0.275433
0.942478  4.39823  1.88496  -0.420628  -0.417046
1.5708  4.39823  1.88496  -0.241664  -0.377903
2.19911  4.39823  1.88496  -0.152231  -0.321422
2.82743  4.39823  1.88496  -0.103835  -0.274432
4.08407  4.39823  1.88496  -0.0568782  -0.209152
7.22566  4.39823  1.88496  -0.020826  -0.129016
14.7655  4.39823  1.88496  -0.00543497  -0.0662757
-16.6504  4.39823  2.51327  -0.0077006  0.0583169
-7.22566  4.39823  2.51327  -0.0356184  0.121975
-5.34071  4.39823  2.51327  -0.0589243  0.15278
-4.08407  4.39823  2.51327  -0.0889783  0.180832
-2.82743  4.39823  2.51327  -0.146273  0.21357
-2.19911  4.39823  2.51327  -0.194552  0.226791
-1.5708  4.39823  2.51327  -0.263717  0.227335
-0.942478  4.39823  2.51327  -0.355211  0.193209
-0.314159  4.39823  2.51327  -0.442177  0.090385
0.314159  4.39823  2.51327  -0.442175  -0.090389
0.942478  4.39823  2.51327  -0.355209  -0.193211
1.5708  4.39823  2.51327  -0.263715  -0.227336
2.19911  4.39823  2.51327  -0.19455  -0.226791
2.82743  4.39823  2.51327  -0.146272  -0.213569
4.08407  4.39823  2.51327  -0.0889777  -0.180832
7.22566  4.39823  2.51327  -0.0356182  -0.121974
14.7655  4.39823  2.51327  -0.00968483  -0.0652847
-16.6504  4.39823  3.14159  -0.00895909  0.0579487
-7.22566  4.39823  3.14159  -0.0405223  0.11852
-5.34071  4.39823  3.14159  -0.0658297  0.145777
-4.08407  4.39823  3.14159  -0.0971585  0.168633
-2.82743  4.39823  3.14159  -0.153142  0.190923
-2.19911  4.39823  3.14159  -0.196867  0.195909
-1.5708  4.39823  3.14159  -0.25464  0.187302
-0.942478  4.39823  3.14159  -0.323374  0.149904
-0.314159  4.39823  3.14159  -0.382042  0.0650259
0.314159  4.39823  3.14159  -0.382041  -0.065029
0.942478  4.39823  3.14159  -0.323372  -0.149905
1.5708  4.39823  3.14159  -0.254638  -0.187302
2.19911  4.39823  3.14159  -0.196866  -0.195909
2.82743  4.39823  3.14159  -0.153141  -0.190923
4.08407  4.39823  3.14159  -0.0971579  -0.168632
7.22566  4.39823  3.14159  -0.040522  -0.11852
14.7655  4.39823  3.14159  -0.0112494  -0.0647675
-16.6504  4.39823  3.76991  -0.0077006  0.0583169
-7.22566  4.39823  3.76991  -0.0356184  0.121975
-5.34071  4.39823  3.76991  -0.0589243  0.15278
-4.08407  4.39823  3.76991  -0.0889783  0.180832
-2.82743  4.39823  3.76991  -0.146273  0.21357
-2.19911  4.39823  3.76991  -0.194552  0.226791
-1.5708  4.39823  3.76991  -0.263717  0.227335
-0.942478  4.39823  3.76991  -0.355211  0.193209
-0.314159  4.39823  3.76991  -0.442177  0.090385
0.314159  4.39823  3.76991  -0.442175  -0.090389
0.942478  4.39823  3.76991  -0.355209  -0.193211
1.5708  4.39823  3.76991  -0.263715  -0.227336
2.19911  4.39823  3.76991  -0.19455  -0.226791
2.82743  4.39823  3.76991  -0.146272  -0.213569
4.08407  4.39823  3.76991  -0.0889777  -0.180832
7.22566  4.39823  3.76991  -0.0356182  -0.121974
14.7655  4.39823  3.76991  -0.00968483  -0.0652847
-16.6504  4.39823  4.39823  -0.00430809  0.0590193
-7.22566  4.39823  4.39823  -0.0208262  0.129016
-5.34071  4.39823  4.39823  -0.0357903  0.167882
-4.08407  4.39823  4.39823  -0.0568786  0.209152
-2.82743  4.39823  4.39823  -0.103836  0.274433
-2.19911  4.39823  4.39823  -0.152233  0.321423
-1.5708  4.39823  4.39823  -0.241667  0.377905
-0.942478  4.39823  4.39823  -0.420634  0.417046
-0.314159  4.39823  4.39823  -0.731321  0.275424
0.314159  4.39823  4.39823  -0.731313  -0.275433
0.942478  4.39823  4.39823  -0.420628  -0.417046
1.5708  4.39823  4.39823  -0.241664  -0.377903
2.19911  4.39823  4.39823  -0.152231  -0.321422
2.82743  4.39823  4.39823  -0.103835  -0.274432
4.08407  4.39823  4.39823  -0.0568782  -0.209152
7.22566  4.39823  4.39823  -0.020826  -0.129016
14.7655  4.39823  4.39823  -0.00543497  -0.0662757
-16.6504  4.39823  5.02655  -9.06904e-09  0.0593338
-7.22566  4.39823  5.02655  -7.23292e-08  0.132381
-5.34071  4.39823  5.02655  -2.28562e-08  0.175517
-4.08407  4.39823  5.02655  -1.25542e-07  0.22462
-2.82743  4.39823  5.02655  -3.5116e-07  0.313662
-2.19911  4.39823  5.02655  -5.67325e-07  0.393339
-1.5708  4.39823  5.02655  -1.08598e-06  0.531872
-0.942478  4.39823  5.02655  -2.8777e-06  0.838782
-0.314159  4.39823  5.02655  -2.10337e-05  2.13311
0.314159  4.39823  5.02655  -1.99865e-05  -2.13303
0.942478  4.39823  5.02655  -2.69228e-06  -0.838771
1.5708  4.39823  5.02655  -9.99861e-07  -0.531868
2.19911  4.39823  5.02655  -5.0921e-07  -0.393337
2.82743  4.39823  5.02655  -3.02412e-07  -0.313661
4.08407  4.39823  5.02655  -1.31862e-07  -0.22462
7.22566  4.39823  5.02655  -4.71776e-08  -0.132381
14.7655  4.39823  5.02655  -9.13856e-09  -0.0667216
-16.6504  4.39823  5.65487  0.00349185  0.0591277
-7.22566  4.39823  5.65487  0.017  0.130163
-5.34071  4.39823  5.65487  0.0293978  0.170449
-4.08407  4.39823  5.65487  0.0471234  0.214246
-2.82743  4.39823  5.65487  0.0876762  0.286753
-2.19911  4.39823  5.65487  0.131114  0.342924
-1.5708  4.39823  5.65487  0.216226  0.419637
-0.942478  4.39823  5.65487  0.409131  0.505254
-0.314159  4.39823  5.65487  0.846024  0.399569
0.314159  4.39823  5.65487  0.846013  -0.399578
0.942478  4.39823  5.65487  0.409126  -0.505253
1.5708  4.39823  5.65487  0.216223  -0.419635
2.19911  4.39823  5.65487  0.131113  -0.342922
2.82743  4.39823  5.65487  0.0876757  -0.286752
4.08407  4.39823  5.65487  0.0471232  -0.214245
7.22566  4.39823  5.65487  0.0169999  -0.130163
14.7655  4.39823  5.65487  0.00440738  -0.0664294
-16.6504  4.39823  6.28319  0.00481045  0.0589414
-7.22566  4.39823  6.28319  0.023141  0.128208
-5.34071  4.39823  6.28319  0.0395868  0.166084
-4.08407  4.39823  6.28319  0.0624956  0.205609
-2.82743  4.39823  6.28319  0.11239  0.266033
-2.19911  4.39823  6.28319  0.16228  0.307221
-1.5708  4.39823  6.28319  0.250795  0.352331
-0.942478  4.39823  6.28319  0.41592  0.371371
-0.314159  4.39823  6.28319  0.670504  0.228895
0.314159  4.39823  6.28319  0.670499  -0.228901
0.942478  4.39823  6.28319  0.415916  -0.371371
1.5708  4.39823  6.28319  0.250793  -0.352331
2.19911  4.39823  6.28319  0.162279  -0.30722
2.82743  4.39823  6.28319  0.11239  -0.266032
4.08407  4.39823  6.28319  0.0624953  -0.205609
7.22566  4.39823  6.28319  0.0231409  -0.128207
14.7655  4.39823  6.28319  0.00606674  -0.0661656
-16.6504  5.02655  0  0.00895906  0.0579486
-7.22566  5.02655  0  0.0405221  0.11852
-5.34071  5.02655  0  0.0658296  0.145777
-4.08407  5.02655  0  0.0971582  0.168633
-2.82743  5.02655  0  0.153142  0.190924
-2.19911  5.02655  0  0.196867  0.195909
-1.5708  5.02655  0  0.25464  0.187303
-0.942478  5.02655  0  0.323375  0.149905
-0.314159  5.02655  0  0.382043  0.065027
0.314159  5.02655  0  0.382043  -0.0650287
0.942478  5.02655  0  0.323374  -0.149906
1.5708  5.02655  0  0.254639  -0.187303
2.19911  5.02655  0  0.196866  -0.195909
2.82743  5.02655  0  0.153141  -0.190924
4.08407  5.02655  0  0.097158  -0.168632
7.22566  5.02655  0  0.040522  -0.11852
14.7655  5.02655  0  0.0112494  -0.0647675
-16.6504  5.02655  0.628319  0.00770057  0.0583169
-7.22566  5.02655  0.628319  0.0356183  0.121975
-5.34071  5.02655  0.628319  0.0589242  0.15278
-4.08407  5.02655  0.628319  0.0889781  0.180833
-2.82743  5.02655  0.628319  0.146273  0.21357
-2.19911  5.02655  0.628319  0.194551  0.226791
-1.5708  5.02655  0.628319  0.263717  0.227336
-0.942478  5.02655  0.628319  0.355212  0.193211
-0.314159  5.02655  0.628319  0.442178  0.0903865
0.314159  5.02655  0.628319  0.442177  -0.0903889
0.942478  5.02655  0.628319  0.35521  -0.193212
1.5708  5.02655  0.628319  0.263715  -0.227336
2.19911  5.02655  0.628319  0.194551  -0.226791
2.82743  5.02655  0.628319  0.146272  -0.21357
4.08407  5.02655  0.628319  0.0889778  -0.180832
7.22566  5.02655  0.628319  0.0356182  -0.121975
14.7655  5.02655  0.628319  0.00968482  -0.0652847
-16.6504  5.02655  1.25664  0.00430807  0.0590193
-7.22566  5.02655  1.25664  0.020826  0.129016
-5.34071  5.02655  1.25664  0.0357903  0.167881
-4.08407  5.02655  1.25664  0.0568783  0.209152
-2.82743  5.02655  1.25664  0.103836  0.274433
-2.19911  5.02655  1.25664  0.152232  0.321423
-1.5708  5.02655  1.25664  0.241666  0.377906
-0.942478  5.02655  1.25664  0.420633  0.417049
-0.314159  5.02655  1.25664  0.731324  0.275428
0.314159  5.02655  1.25664  0.731318  -0.275435
0.942478  5.02655  1.25664  0.420629  -0.417049
1.5708  5.02655  1.25664  0.241663  -0.377905
2.19911  5.02655  1.25664  0.152231  -0.321422
2.82743  5.02655  1.25664  0.103835  -0.274433
4.08407  5.02655  1.25664  0.0568781  -0.209152
7.22566  5.02655  1.25664  0.020826  -0.129016
14.7655  5.02655  1.25664  0.00543496  -0.0662757
-16.6504  5.02655  1.88496  -9.06904e-09  0.0593338
-7.22566  5.02655  1.88496  -7.23292e-08  0.132381
-5.34071  5.02655  1.88496  -2.28562e-08  0.175517
-4.08407  5.02655  1.88496  -1.25542e-07  0.22462
-2.82743  5.02655  1.88496  -3.5116e-07  0.313662
-2.19911  5.02655  1.88496  -5.67325e-07  0.393339
-1.5708  5.02655  1.88496  -1.08598e-06  0.531872
-0.942478  5.02655  1.88496  -2.8777e-06  0.838782
-0.314159  5.02655  1.88496  -2.10337e-05  2.13311
0.314159  5.02655  1.88496  -1.99865e-05  -2.13303
0.942478  5.02655  1.88496  -2.69228e-06  -0.838771
1.5708  5.02655  1.88496  -9.99861e-07  -0.531868
2.19911  5.02655  1.88496  -5.0921e-07  -0.393337
2.82743  5.02655  1.88496  -3.02412e-07  -0.313661
4.08407  5.02655  1.88496  -1.31862e-07  -0.22462
7.22566  5.02655  1.88496  -4.71776e-08  -0.132381
14.7655  5.02655  1.88496  -9.13856e-09  -0.0667216
-16.6504  5.02655  2.51327  -0.00349187  0.0591277
-7.22566  5.02655  2.51327  -0.0170001  0.130163
-5.34071  5.02655  2.51327  -0.0293978  0.170449
-4.08407  5.02655  2.51327  -0.0471237  0.214246
-2.82743  5.02655  2.51327  -0.0876769  0.286753
-2.19911  5.02655  2.51327  -0.131115  0.342923
-1.5708  5.02655  2.51327  -0.216227  0.419635
-0.942478  5.02655  2.51327  -0.409133  0.505251
-0.314159  5.02655  2.51327  -0.84602  0.399562
0.314159  5.02655  2.51327  -0.846007  -0.399573
0.942478  5.02655  2.51327  -0.409125  -0.505249
1.5708  5.02655  2.51327  -0.216224  -0.419633
2.19911  5.02655  2.51327  -0.131114  -0.342921
2.82743  5.02655  2.51327  -0.087676  -0.286752
4.08407  5.02655  2.51327  -0.0471233  -0.214245
7.22566  5.02655  2.51327  -0.017  -0.130163
14.7655  5.02655  2.51327  -0.0044074  -0.0664294
-16.6504  5.02655  3.14159  -0.00481048  0.0589414
-7.22566  5.02655  3.14159  -0.0231411  0.128208
-5.34071  5.02655  3.14159  -0.0395868  0.166084
-4.08407  5.02655  3.14159  -0.0624959  0.205609
-2.82743  5.02655  3.14159  -0.112391  0.266032
-2.19911  5.02655  3.14159  -0.162281  0.307221
-1.5708  5.02655  3.14159  -0.250796  0.35233
-0.942478  5.02655  3.14159  -0.41592  0.371368
-0.314159  5.02655  3.14159  -0.670501  0.228891
0.314159  5.02655  3.14159  -0.670495  -0.228899
0.942478  5.02655  3.14159  -0.415915  -0.371369
1.5708  5.02655  3.14159  -0.250793  -0.352329
2.19911  5.02655  3.14159  -0.162279  -0.30722
2.82743  5.02655  3.14159  -0.11239  -0.266032
4.08407  5.02655  3.14159  -0.0624955  -0.205609
7.22566  5.02655  3.14159  -0.023141  -0.128207
14.7655  5.02655  3.14159  -0.00606676  -0.0661656
-16.6504  5.02655  3.76991  -0.00349187  0.0591277
-7.22566  5.02655  3.76991  -0.0170001  0.130163
-5.34071  5.02655  3.76991  -0.0293978  0.170449
-4.08407  5.02655  3.76991  -0.0471237  0.214246
-2.82743  5.02655  3.76991  -0.0876769  0.286753
-2.19911  5.02655  3.76991  -0.131115  0.342923
-1.5708  5.02655  3.76991  -0.216227  0.419635
-0.942478  5.02655  3.76991  -0.409133  0.505251
-0.314159  5.02655  3.76991  -0.84602  0.399562
0.314159  5.02655  3.76991  -0.846007  -0.399573
0.942478  5.02655  3.76991  -0.409125  -0.505249
1.5708  5.02655  3.76991  -0.216224  -0.419633
2.19911  5.02655  3.76991  -0.131114  -0.342921
2.82743  5.02655  3.76991  -0.087676  -0.286752
4.08407  5.02655  3.76991  -0.0471233  -0.214245
7.22566  5.02655  3.76991  -0.017  -0.130163
14.7655  5.02655  3.76991  -0.0044074  -0.0664294
-16.6504  5.02655  4.39823  -9.06904e-09  0.0593338
-7.22566  5.02655  4.39823  -7.23292e-08  0.132381
-5.34071  5.02655  4.39823  -2.28562e-08  0.175517
-4.08407  5.02655  4.39823  -1.25542e-07  0.22462
-2.82743  5.02655  4.39823  -3.5116e-07  0.313662
-2.19911  5.02655  4.39823  -5.67325e-07  0.393339
-1.5708  5.02655  4.39823  -1.08598e-06  0.531872
-0.942478  5.02655  4.39823  -2.8777e-06  0.838782
-0.314159  5.02655  4.39823  -2.10337e-05  2.13311
0.314159  5.02655  4.39823  -1.99865e-05  -2.13303
0.942478  5.02655  4.39823  -2.69228e-06  -0.838771
1.5708  5.02655  4.39823  -9.99861e-07  -0.531868
2.19911  5.02655  4.39823  -5.0921e-07  -0.393337
2.82743  5.02655  4.39823  -3.02412e-07  -0.313661
4.08407  5.02655  4.39823  -1.31862e-07  -0.22462
7.22566  5.02655  4.39823  -4.71776e-08  -0.132381
14.7655  5.02655  4.39823  -9.13856e-09  -0.0667216
-16.6504  5.02655  5.02655  0.00430807  0.0590193
-7.22566  5.02655  5.02655  0.020826  0.129016
-5.34071  5.02655  5.02655  0.0357903  0.167881
-4.08407  5.02655  5.02655  0.0568783  0.209152
-2.82743  5.02655  5.02655  0.103836  0.274433
-2.19911  5.02655  5.02655  0.152232  0.321423
-1.5708  5.02655  5.02655  0.241666  0.377906
-0.942478  5.02655  5.02655  0.420633  0.417049
-0.314159  5.02655  5.02655  0.731324  0.275428
0.314159  5.02655  5.02655  0.731318  -0.275435
0.942478  5.02655  5.02655  0.420629  -0.417049
1.5708  5.02655  5.02655  0.241663  -0.377905
2.19911  5.02655  5.02655  0.152231  -0.321422
2.82743  5.02655  5.02655  0.103835  -0.274433
4.08407  5.02655  5.02655  0.0568781  -0.209152
7.22566  5.02655  5.02655  0.020826  -0.129016
14.7655  5.02655  5.02655  0.00543496  -0.0662757
-16.6504  5.02655  5.65487  0.00770057  0.0583169
-7.22566  5.02655  5.65487  0.0356183  0.121975
-5.34071  5.02655  5.65487  0.0589242  0.15278
-4.08407  5.02655  5.65487  0.0889781  0.180833
-2.82743  5.02655  5.65487  0.146273  0.21357
-2.19911  5.02655  5.65487  0.194551  0.226791
-1.5708  5.02655  5.65487  0.263717  0.227336
-0.942478  5.02655  5.65487  0.355212  0.193211
-0.314159  5.02655  5.65487  0.442178  0.0903865
0.314159  5.02655  5.65487  0.442177  -0.0903889
0.942478  5.02655  5.65487  0.35521  -0.193212
1.5708  5.02655  5.65487  0.263715  -0.227336
2.19911  5.02655  5.65487  0.194551  -0.226791
2.82743  5.02655  5.65487  0.146272  -0.21357
4.08407  5.02655  5.65487  0.0889778  -0.180832
7.22566  5.02655  5.65487  0.0356182  -0.121975
14.7655  5.02655  5.65487  0.00968482  -0.0652847
-16.6504  5.02655  6.28319  0.00895906  0.0579486
-7.22566  5.02655  6.28319  0.0405221  0.11852
-5.34071  5.02655  6.28319  0.0658296  0.145777
-4.08407  5.02655  6.28319  0.0971582  0.168633
-2.82743  5.02655  6.28319  0.153142  0.190924
-2.19911  5.02655  6.28319  0.196867  0.195909
-1.5708  5.02655  6.28319  0.25464  0.187303
-0.942478  5.02655  6.28319  0.323375  0.149905
-0.314159  5.02655  6.28319  0.382043  0.065027
0.314159  5.02655  6.28319  0.382043  -0.0650287
0.942478  5.02655  6.28319  0.323374  -0.149906
1.5708  5.02655  6.28319  0.254639  -0.187303
2.19911  5.02655  6.28319  0.196866  -0.195909
2.82743  5.02655  6.28319  0.153141  -0.190924
4.08407  5.02655  6.28319  0.097158  -0.168632
7.22566  5.02655  6.28319  0.040522  -0.11852
14.7655  5.02655  6.28319  0.0112494  -0.0647675
-16.6504  5.65487  0  0.012123  0.0567435
-7.22566  5.65487  0  0.0511252  0.108214
-5.34071  5.65487  0  0.0788234  0.126301
-4.08407  5.65487  0  0.109469  0.137424
-2.82743  5.65487  0  0.156139  0.14062
-2.19911  5.65487  0  0.186854  0.134127
-1.5708  5.65487  0  0.221434  0.117155
-0.942478  5.65487  0  0.255536  0.0847038
-0.314159  5.65487  0  0.279533  0.0341701
0.314159  5.65487  0  0.279533  -0.0341709
0.942478  5.65487  0  0.255536  -0.0847043
1.5708  5.65487  0  0.221434  -0.117155
2.19911  5.65487  0  0.186854  -0.134127
2.82743  5.65487  0  0.156139  -0.14062
4.08407  5.65487  0  0.109469  -0.137424
7.22566  5.65487  0  0.0511251  -0.108214
14.7655  5.65487  0  0.0151419  -0.0630868
-16.6504  5.65487  0.628319  0.0109388  0.0572433
-7.22566  5.65487  0.628319  0.0474612  0.112314
-5.34071  5.65487  0.628319  0.0746891  0.133806
-4.08407  5.65487  0.628319  0.106146  0.149005
-2.82743  5.65487  0.628319  0.156955  0.158128
-2.19911  5.65487  0.628319  0.192473  0.15463
-1.5708  5.65487  0.628319  0.234628  0.139078
-0.942478  5.65487  0.628319  0.278698  0.103759
-0.314159  5.65487  0.628319  0.311705  0.0423466
0.314159  5.65487  0.628319  0.311705  -0.0423476
0.942478  5.65487  0.628319  0.278697  -0.10376
1.5708  5.65487  0.628319  0.234627  -0.139078
2.19911  5.65487  0.628319  0.192472  -0.154631
2.82743  5.65487  0.628319  0.156954  -0.158128
4.08407  5.65487  0.628319  0.106146  -0.149005
7.22566  5.65487  0.628319  0.0474611  -0.112314
14.7655  5.65487  0.628319  0.0136927  -0.0637816
-16.6504  5.65487  1.25664  0.00770057  0.0583169
-7.22566  5.65487  1.25664  0.0356183  0.121975
-5.34071  5.65487  1.25664  0.0589242  0.15278
-4.08407  5.65487  1.25664  0.0889781  0.180833
-2.82743  5.65487  1.25664  0.146273  0.21357
-2.19911  5.65487  1.25664  0.194551  0.226791
-1.5708  5.65487  1.25664  0.263717  0.227336
-0.942478  5.65487  1.25664  0.355212  0.193211
-0.314159  5.65487  1.25664  0.442178  0.0903865
0.314159  5.65487  1.25664  0.442177  -0.0903889
0.942478  5.65487  1.25664  0.35521  -0.193212
1.5708  5.65487  1.25664  0.263715  -0.227336
2.19911  5.65487  1.25664  0.194551  -0.226791
2.82743  5.65487  1.25664  0.146272  -0.21357
4.08407  5.65487  1.25664  0.0889778  -0.180832
7.22566  5.65487  1.25664  0.0356182  -0.121975
14.7655  5.65487  1.25664  0.00968482  -0.0652847
-16.6504  5.65487  1.88496  0.00349185  0.0591277
-7.22566  5.65487  1.88496  0.017  0.130163
-5.34071  5.65487  1.88496  0.0293978  0.170449
-4.08407  5.65487  1.88496  0.0471234  0.214246
-2.82743  5.65487  1.88496  0.0876762  0.286753
-2.19911  5.65487  1.88496  0.131114  0.342924
-1.5708  5.65487  1.88496  0.216226  0.419637
-0.942478  5.65487  1.88496  0.409131  0.505254
-0.314159  5.65487  1.88496  0.846024  0.399569
0.314159  5.65487  1.88496  0.846013  -0.399578
0.942478  5.65487  1.88496  0.409126  -0.505253
1.5708  5.65487  1.88496  0.216223  -0.419635
2.19911  5.65487  1.88496  0.131113  -0.342922
2.82743  5.65487  1.88496  0.0876757  -0.286752
4.08407  5.65487  1.88496  0.0471232  -0.214245
7.22566  5.65487  1.88496  0.0169999  -0.130163
14.7655  5.65487  1.88496  0.00440738  -0.0664294
-16.6504  5.65487  2.51327  -9.08061e-09  0.0593341
-7.22566  5.65487  2.51327  -7.12732e-08  0.13239
-5.34071  5.65487  2.51327  -2.111e-08  0.175531
-4.08407  5.65487  2.51327  -1.25497e-07  0.224611
-2.82743  5.65487  2.51327  -3.51256e-07  0.31342
-2.19911  5.65487  2.51327  -5.68349e-07  0.392582
-1.5708  5.65487  2.51327  -1.0912e-06  0.529449
-0.942478  5.65487  2.51327  -2.8905e-06  0.829847
-0.314159  5.65487  2.51327  -2.0656e-05  2.08094
0.314159  5.65487  2.51327  -1.91767e-05  -2.08086
0.942478  5.65487  2.51327  -2.62986e-06  -0.829836
1.5708  5.65487  2.51327  -9.80777e-07  -0.529445
2.19911  5.65487  2.51327  -4.99495e-07  -0.39258
2.82743  5.65487  2.51327  -2.94328e-07  -0.313419
4.08407  5.65487  2.51327  -1.30933e-07  -0.22461
7.22566  5.65487  2.51327  -4.71607e-08  -0.13239
14.7655  5.65487  2.51327  -9.11422e-09  -0.0667222
-16.6504  5.65487  3.14159  -0.00133784  0.0593041
-7.22566  5.65487  3.14159  -0.00658919  0.132064
-5.34071  5.65487  3.14159  -0.0115139  0.174777
-4.08407  5.65487  3.14159  -0.0187299  0.223039
-2.82743  5.65487  3.14159  -0.036038  0.309166
-2.19911  5.65487  3.14159  -0.055906  0.384252
-1.5708  5.65487  3.14159  -0.0994592  0.509251
-0.942478  5.65487  3.14159  -0.229748  0.75613
-0.314159  5.65487  3.14159  -1.00332  1.31482
0.314159  5.65487  3.14159  -1.00327  -1.31481
0.942478  5.65487  3.14159  -0.229742  -0.756121
1.5708  5.65487  3.14159  -0.0994575  -0.509248
2.19911  5.65487  3.14159  -0.0559053  -0.38425
2.82743  5.65487  3.14159  -0.0360376  -0.309164
4.08407  5.65487  3.14159  -0.0187298  -0.223038
7.22566  5.65487  3.14159  -0.00658913  -0.132064
14.7655  5.65487  3.14159  -0.00168994  -0.0666795
-16.6504  5.65487  3.76991  -9.08061e-09  0.0593341
-7.22566  5.65487  3.76991  -7.12732e-08  0.13239
-5.34071  5.65487  3.76991  -2.111e-08  0.175531
-4.08407  5.65487  3.76991  -1.25497e-07  0.224611
-2.82743  5.65487  3.76991  -3.51256e-07  0.31342
-2.19911  5.65487  3.76991  -5.68349e-07  0.392582
-1.5708  5.65487  3.76991  -1.0912e-06  0.529449
-0.942478  5.65487  3.76991  -2.8905e-06  0.829847
-0.314159  5.65487  3.76991  -2.0656e-05  2.08094
0.314159  5.65487  3.76991  -1.91767e-05  -2.08086
0.942478  5.65487  3.76991  -2.62986e-06  -0.829836
1.5708  5.65487  3.76991  -9.80777e-07  -0.529445
2.19911  5.65487  3.76991  -4.99495e-07  -0.39258
2.82743  5.65487  3.76991  -2.94328e-07  -0.313419
4.08407  5.65487  3.76991  -1.30933e-07  -0.22461
7.22566  5.65487  3.76991  -4.71607e-08  -0.13239
14.7655  5.65487  3.76991  -9.11422e-09  -0.0667222
-16.6504  5.65487  4.39823  0.00349185  0.0591277
-7.22566  5.65487  4.39823  0.017  0.130163
-5.34071  5.65487  4.39823  0.0293978  0.170449
-4.08407  5.65487  4.39823  0.0471234  0.214246
-2.82743  5.65487  4.39823  0.0876762  0.286753
-2.19911  5.65487  4.39823  0.131114  0.342924
-1.5708  5.65487  4.39823  0.216226  0.419637
-0.942478  5.65487  4.39823  0.409131  0.505254
-0.314159  5.65487  4.39823  0.846024  0.399569
0.314159  5.65487  4.39823  0.846013  -0.399578
0.942478  5.65487  4.39823  0.409126  -0.505253
1.5708  5.65487  4.39823  0.216223  -0.419635
2.19911  5.65487  4.39823  0.131113  -0.342922
2.82743  5.65487  4.39823  0.0876757  -0.286752
4.08407  5.65487  4.39823  0.0471232  -0.214245
7.22566  5.65487  4.39823  0.0169999  -0.130163
14.7655  5.65487  4.39823  0.00440738  -0.0664294
-16.6504  5.65487  5.02655  0.00770057  0.0583169
-7.22566  5.65487  5.02655  0.0356183  0.121975
-5.34071  5.65487  5.02655  0.0589242  0.15278
-4.08407  5.65487  5.02655  0.0889781  0.180833
-2.82743  5.65487  5.02655  0.146273  0.21357
-2.19911  5.65487  5.02655  0.194551  0.226791
-1.5708  5.65487  5.02655  0.263717  0.227336
-0.942478  5.65487  5.02655  0.355212  0.193211
-0.314159  5.65487  5.02655  0.442178  0.0903865
0.314159  5.65487  5.02655  0.442177  -0.0903889
0.942478  5.65487  5.02655  0.35521  -0.193212
1.5708  5.65487  5.02655  0.263715  -0.227336
2.19911  5.65487  5.02655  0.194551  -0.226791
2.82743  5.65487  5.02655  0.146272  -0.21357
4.08407  5.65487  5.02655  0.0889778  -0.180832
7.22566  5.65487  5.02655  0.0356182  -0.121975
14.7655  5.65487  5.02655  0.00968482  -0.0652847
-16.6504  5.65487  5.65487  0.0109388  0.0572433
-7.22566  5.65487  5.65487  0.0474612  0.112314
-5.34071  5.65487  5.65487  0.0746891  0.133806
-4.08407  5.65487  5.65487  0.106146  0.149005
-2.82743  5.65487  5.65487  0.156955  0.158128
-2.19911  5.65487  5.65487  0.192473  0.15463
-1.5708  5.65487  5.65487  0.234628  0.139078
-0.942478  5.65487  5.65487  0.278698  0.103759
-0.314159  5.65487  5.65487  0.311705  0.0423466
0.314159  5.65487  5.65487  0.311705  -0.0423476
0.942478  5.65487  5.65487  0.278697  -0.10376
1.5708  5.65487  5.65487  0.234627  -0.139078
2.19911  5.65487  5.65487  0.192472  -0.154631
2.82743  5.65487  5.65487  0.156954  -0.158128
4.08407  5.65487  5.65487  0.106146  -0.149005
7.22566  5.65487  5.65487  0.0474611  -0.112314
14.7655  5.65487  5.65487  0.0136927  -0.0637816
-16.6504  5.65487  6.28319  0.012123  0.0567435
-7.22566  5.65487  6.28319  0.0511252  0.108214
-5.34071  5.65487  6.28319  0.0788234  0.126301
-4.08407  5.65487  6.28319  0.109469  0.137424
-2.82743  5.65487  6.28319  0.156139  0.14062
-2.19911  5.65487  6.28319  0.186854  0.134127
-1.5708  5.65487  6.28319  0.221434  0.117155
-0.942478  5.65487  6.28319  0.255536  0.0847038
-0.314159  5.65487  6.28319  0.279533  0.0341701
0.314159  5.65487  6.28319  0.279533  -0.0341709
0.942478  5.65487  6.28319  0.255536  -0.0847043
1.5708  5.65487  6.28319  0.221434  -0.117155
2.19911  5.65487  6.28319  0.186854  -0.134127
2.82743  5.65487  6.28319  0.156139  -0.14062
4.08407  5.65487  6.28319  0.109469  -0.137424
7.22566  5.65487  6.28319  0.0511251  -0.108214
14.7655  5.65487  6.28319  0.0151419  -0.0630868
-16.6504  6.28319  0  0.0132738  0.0561983
-7.22566  6.28319  0  0.0543169  0.103996
-5.34071  6.28319  0  0.0820322  0.11889
-4.08407  6.28319  0  0.111418  0.126495
-2.82743  6.28319  0  0.153778  0.125195
-2.19911  6.28319  0  0.180189  0.116868
-1.5708  6.28319  0  0.208608  0.0996525
-0.942478  6.28319  0  0.235321  0.0703679
-0.314159  6.28319  0  0.253454  0.0274948
0.314159  6.28319  0  0.253454  -0.0274954
0.942478  6.28319  0  0.23532  -0.0703683
1.5708  6.28319  0  0.208608  -0.0996527
2.19911  6.28319  0  0.180188  -0.116868
2.82743  6.28319  0  0.153778  -0.125195
4.08407  6.28319  0  0.111417  -0.126495
7.22566  6.28319  0  0.0543168  -0.103996
14.7655  6.28319  0  0.0165398  -0.0623322
-16.6504  6.28319  0.628319  0.012123  0.0567435
-7.22566  6.28319  0.628319  0.0511252  0.108214
-5.34071  6.28319  0.628319  0.0788234  0.126301
-4.08407  6.28319  0.628319  0.109469  0.137424
-2.82743  6.28319  0.628319  0.156139  0.14062
-2.19911  6.28319  0.628319  0.186854  0.134127
-1.5708  6.28319  0.628319  0.221434  0.117155
-0.942478  6.28319  0.628319  0.255536  0.0847038
-0.314159  6.28319  0.628319  0.279533  0.0341701
0.314159  6.28319  0.628319  0.279533  -0.0341709
0.942478  6.28319  0.628319  0.255536  -0.0847043
1.5708  6.28319  0.628319  0.221434  -0.117155
2.19911  6.28319  0.628319  0.186854  -0.134127
2.82743  6.28319  0.628319  0.156139  -0.14062
4.08407  6.28319  0.628319  0.109469  -0.137424
7.22566  6.28319  0.628319  0.0511251  -0.108214
14.7655  6.28319  0.628319  0.0151419  -0.0630868
-16.6504  6.28319  1.25664  0.00895906  0.0579486
-7.22566  6.28319  1.25664  0.0405221  0.11852
-5.34071  6.28319  1.25664  0.0658296  0.145777
-4.08407  6.28319  1.25664  0.0971582  0.168633
-2.82743  6.28319  1.25664  0.153142  0.190924
-2.19911  6.28319  1.25664  0.196867  0.195909
-1.5708  6.28319  1.25664  0.25464  0.187303
-0.942478  6.28319  1.25664  0.323375  0.149905
-0.314159  6.28319  1.25664  0.382043  0.065027
0.314159  6.28319  1.25664  0.382043  -0.0650287
0.942478  6.28319  1.25664  0.323374  -0.149906
1.5708  6.28319  1.25664  0.254639  -0.187303
2.19911  6.28319  1.25664  0.196866  -0.195909
2.82743  6.28319  1.25664  0.153141  -0.190924
4.08407  6.28319  1.25664  0.097158  -0.168632
7.22566  6.28319  1.25664  0.040522  -0.11852
14.7655  6.28319  1.25664  0.0112494  -0.0647675
-16.6504  6.28319  1.88496  0.00481045  0.0589414
-7.22566  6.28319  1.88496  0.023141  0.128208
-5.34071  6.28319  1.88496  0.0395868  0.166084
-4.08407  6.28319  1.88496  0.0624956  0.205609
-2.82743  6.28319  1.88496  0.11239  0.266033
-2.19911  6.28319  1.88496  0.16228  0.307221
-1.5708  6.28319  1.88496  0.250795  0.352331
-0.942478  6.28319  1.88496  0.41592  0.371371
-0.314159  6.28319  1.88496  0.670504  0.228895
0.314159  6.28319  1.88496  0.670499  -0.228901
0.942478  6.28319  1.88496  0.415916  -0.371371
1.5708  6.28319  1.88496  0.250793  -0.352331
2.19911  6.28319  1.88496  0.162279  -0.30722
2.82743  6.28319  1.88496  0.11239  -0.266032
4.08407  6.28319  1.88496  0.0624953  -0.205609
7.22566  6.28319  1.88496  0.0231409  -0.128207
14.7655  6.28319  1.88496  0.00606674  -0.0661656
-16.6504  6.28319  2.51327  0.00133782  0.0593041
-7.22566  6.28319  2.51327  0.00658905  0.132064
-5.34071  6.28319  2.51327  0.0115138  0.174777
-4.08407  6.28319  2.51327  0.0187296  0.223039
-2.82743  6.28319  2.51327  0.0360373  0.309166
-2.19911  6.28319  2.51327  0.0559049  0.384252
-1.5708  6.28319  2.51327  0.0994572  0.509252
-0.942478  6.28319  2.51327  0.229743  0.756132
-0.314159  6.28319  2.51327  1.00331  1.31485
0.314159  6.28319  2.51327  1.00326  -1.31483
0.942478  6.28319  2.51327  0.229738  -0.756124
1.5708  6.28319  2.51327  0.0994559  -0.509248
2.19911  6.28319  2.51327  0.0559044  -0.38425
2.82743  6.28319  2.51327  0.036037  -0.309165
4.08407  6.28319  2.51327  0.0187295  -0.223038
7.22566  6.28319  2.51327  0.00658904  -0.132064
14.7655  6.28319  2.51327  0.00168993  -0.0666795
-16.6504  6.28319  3.14159  -9.08304e-09  0.0593343
-7.22566  6.28319  3.14159  -7.06889e-08  0.132396
-5.34071  6.28319  3.14159  -1.99657e-08  0.175542
-4.08407  6.28319  3.14159  -1.24734e-07  0.224618
-2.82743  6.28319  3.14159  -3.48752e-07  0.313329
-2.19911  6.28319  3.14159  -5.62978e-07  0.392231
-1.5708  6.28319  3.14159  -1.07793e-06  0.528071
-0.942478  6.28319  3.14159  -2.83949e-06  0.822715
-0.314159  6.28319  3.14159  -1.93837e-05  1.98171
0.314159  6.28319  3.14159  -1.79011e-05  -1.98164
0.942478  6.28319  3.14159  -2.57064e-06  -0.822704
1.5708  6.28319  3.14159  -9.65766e-07  -0.528067
2.19911  6.28319  3.14159  -4.92692e-07  -0.392228
2.82743  6.28319  3.14159  -2.89417e-07  -0.313328
4.08407  6.28319  3.14159  -1.3085e-07  -0.224617
7.22566  6.28319  3.14159  -4.71926e-08  -0.132396
14.7655  6.28319  3.14159  -9.08361e-09  -0.0667225
-16.6504  6.28319  3.76991  0.00133782  0.0593041
-7.22566  6.28319  3.76991  0.00658905  0.132064
-5.34071  6.28319  3.76991  0.0115138  0.174777
-4.08407  6.28319  3.76991  0.0187296  0.223039
-2.82743  6.28319  3.76991  0.0360373  0.309166
-2.19911  6.28319  3.76991  0.0559049  0.384252
-1.5708  6.28319  3.76991  0.0994572  0.509252
-0.942478  6.28319  3.76991  0.229743  0.756132
-0.314159  6.28319  3.76991  1.00331  1.31485
0.314159  6.28319  3.76991  1.00326  -1.31483
0.942478  6.28319  3.76991  0.229738  -0.756124
1.5708  6.28319  3.76991  0.0994559  -0.509248
2.19911  6.28319  3.76991  0.0559044  -0.38425
2.82743  6.28319  3.76991  0.036037  -0.309165
4.08407  6.28319  3.76991  0.0187295  -0.223038
7.22566  6.28319  3.76991  0.00658904  -0.132064
14.7655  6.28319  3.76991  0.00168993  -0.0666795
-16.6504  6.28319  4.39823  0.00481045  0.0589414
-7.22566  6.28319  4.39823  0.023141  0.128208
-5.34071  6.28319  4.39823  0.0395868  0.166084
-4.08407  6.28319  4.39823  0.0624956  0.205609
-2.82743  6.28319  4.39823  0.11239  0.266033
-2.19911  6.28319  4.39823  0.16228  0.307221
-1.5708  6.28319  4.39823  0.250795  0.352331
-0.942478  6.28319  4.39823  0.41592  0.371371
-0.314159  6.28319  4.39823  0.670504  0.228895
0.314159  6.28319  4.39823  0.670499  -0.228901
0.942478  6.28319  4.39823  0.415916  -0.371371
1.5708  6.28319  4.39823  0.250793  -0.352331
2.19911  6.28319  4.39823  0.162279  -0.30722
2.82743  6.28319  4.39823  0.11239  -0.266032
4.08407  6.28319  4.39823  0.0624953  -0.205609
7.22566  6.28319  4.39823  0.0231409  -0.128207
14.7655  6.28319  4.39823  0.00606674  -0.0661656
-16.6504  6.28319  5.02655  0.00895906  0.0579486
-7.22566  6.28319  5.02655  0.0405221  0.11852
-5.34071  6.28319  5.02655  0.0658296  0.145777
-4.08407  6.28319  5.02655  0.0971582  0.168633
-2.82743  6.28319  5.02655  0.153142  0.190924
-2.19911  6.28319  5.02655  0.196867  0.195909
-1.5708  6.28319  5.02655  0.25464  0.187303
-0.942478  6.28319  5.02655  0.323375  0.149905
-0.314159  6.28319  5.02655  0.382043  0.065027
0.314159  6.28319  5.02655  0.382043  -0.0650287
0.942478  6.28319  5.02655  0.323374  -0.149906
1.5708  6.28319  5.02655  0.254639  -0.187303
2.19911  6.28319  5.02655  0.196866  -0.195909
2.82743  6.28319  5.02655  0.153141  -0.190924
4.08407  6.28319  5.02655  0.097158  -0.168632
7.22566  6.28319  5.02655  0.040522  -0.11852
14.7655  6.28319  5.02655  0.0112494  -0.0647675
-16.6504  6.28319  5.65487  0.012123  0.0567435
-7.22566  6.28319  5.65487  0.0511252  0.108214
-5.34071  6.28319  5.65487  0.0788234  0.126301
-4.08407  6.28319  5.65487  0.109469  0.137424
-2.82743  6.28319  5.65487  0.156139  0.14062
-2.19911  6.28319  5.65487  0.186854  0.134127
-1.5708  6.28319  5.65487  0.221434  0.117155
-0.942478  6.28319  5.65487  0.255536  0.0847038
-0.314159  6.28319  5.65487  0.279533  0.0341701
0.314159  6.28319  5.65487  0.279533  -0.0341709
0.942478  6.28319  5.65487  0.255536  -0.0847043
1.5708  6.28319  5.65487  0.221434  -0.117155
2.19911  6.28319  5.65487  0.186854  -0.134127
2.82743  6.28319  5.65487  0.156139  -0.14062
4.08407  6.28319  5.65487  0.109469  -0.137424
7.22566  6.28319  5.65487  0.0511251  -0.108214
14.7655  6.28319  5.65487  0.0151419  -0.0630868
-16.6504  6.28319  6.28319  0.0132738  0.0561983
-7.22566  6.28319  6.28319  0.0543169  0.103996
-5.34071  6.28319  6.28319  0.0820322  0.11889
-4.08407  6.28319  6.28319  0.111418  0.126495
-2.82743  6.28319  6.28319  0.153778  0.125195
-2.19911  6.28319  6.28319  0.180189  0.116868
-1.5708  6.28319  6.28319  0.208608  0.0996525
-0.942478  6.28319  6.28319  0.235321  0.0703679
-0.314159  6.28319  6.28319  0.253454  0.0274948
0.314159  6.28319  6.28319  0.253454  -0.0274954
0.942478  6.28319  6.28319  0.23532  -0.0703683
1.5708  6.28319  6.28319  0.208608  -0.0996527
2.19911  6.28319  6.28319  0.180188  -0.116868
2.82743  6.28319  6.28319  0.153778  -0.125195
4.08407  6.28319  6.28319  0.111417  -0.126495
7.22566  6.28319  6.28319  0.0543168  -0.103996
14.7655  6.28319  6.28319  0.0165398  -0.0623322
