-16.6504  0  0  0.013274  0.0561982
-7.22566  0  0  0.0543207  0.103995
-5.34071  0  0  0.0820413  0.118887
-4.08407  0  0  0.111434  0.126488
-2.82743  0  0  0.153806  0.125174
-2.19911  0  0  0.180222  0.116834
-1.5708  0  0  0.208642  0.0995979
-0.942478  0  0  0.235345  0.0702874
-0.314159  0  0  0.253448  0.027399
0.314159  0  0  0.253448  -0.0273997
0.942478  0  0  0.235345  -0.0702878
1.5708  0  0  0.208642  -0.0995982
2.19911  0  0  0.180222  -0.116834
2.82743  0  0  0.153806  -0.125174
4.08407  0  0  0.111434  -0.126488
7.22566  0  0  0.0543206  -0.103995
14.7655  0  0  0.0165401  -0.0623321
-16.6504  0  0.628319  0.0121232  0.0567435
-7.22566  0  0.628319  0.051129  0.108214
-5.34071  0  0.628319  0.0788329  0.126299
-4.08407  0  0.628319  0.109487  0.137419
-2.82743  0  0.628319  0.156173  0.140601
-2.19911  0  0.628319  0.186897  0.134093
-1.5708  0  0.628319  0.22148  0.117096
-0.942478  0  0.628319  0.255568  0.0846152
-0.314159  0  0.628319  0.279545  0.0339963
0.314159  0  0.628319  0.279545  -0.0339972
0.942478  0  0.628319  0.255568  -0.0846157
1.5708  0  0.628319  0.221479  -0.117096
2.19911  0  0.628319  0.186897  -0.134093
2.82743  0  0.628319  0.156173  -0.140601
4.08407  0  0.628319  0.109487  -0.137419
7.22566  0  0.628319  0.0511289  -0.108214
14.7655  0  0.628319  0.0151421  -0.0630867
-16.6504  0  1.25664  0.00895918  0.0579486
-7.22566  0  1.25664  0.0405255  0.118522
-5.34071  0  1.25664  0.0658393  0.145779
-4.08407  0  1.25664  0.0971801  0.168635
-2.82743  0  1.25664  0.153194  0.190918
-2.19911  0  1.25664  0.196946  0.195884
-1.5708  0  1.25664  0.254752  0.187231
-0.942478  0  1.25664  0.323498  0.149739
-0.314159  0  1.25664  0.38207  0.0647819
0.314159  0  1.25664  0.382069  -0.0647837
0.942478  0  1.25664  0.323497  -0.14974
1.5708  0  1.25664  0.254751  -0.187232
2.19911  0  1.25664  0.196946  -0.195884
2.82743  0  1.25664  0.153193  -0.190918
4.08407  0  1.25664  0.0971798  -0.168635
7.22566  0  1.25664  0.0405254  -0.118521
14.7655  0  1.25664  0.0112496  -0.0647675
-16.6504  0  1.88496  0.00481052  0.0589414
-7.22566  0  1.88496  0.0231431  0.12821
-5.34071  0  1.88496  0.0395938  0.166091
-4.08407  0  1.88496  0.0625142  0.205626
-2.82743  0  1.88496  0.112451  0.26607
-2.19911  0  1.88496  0.162403  0.307271
-1.5708  0  1.88496  0.251059  0.352366
-0.942478  0  1.88496  0.416457  0.371202
-0.314159  0  1.88496  0.671202  0.227664
0.314159  0  1.88496  0.671197  -0.22767
0.942478  0  1.88496  0.416453  -0.371202
1.5708  0  1.88496  0.251057  -0.352366
2.19911  0  1.88496  0.162401  -0.30727
2.82743  0  1.88496  0.112451  -0.266069
4.08407  0  1.88496  0.0625139  -0.205625
7.22566  0  1.88496  0.0231431  -0.12821
14.7655  0  1.88496  0.00606685  -0.0661657
-16.6504  0  2.51327  0.00133783  0.0593041
-7.22566  0  2.51327  0.00658967  0.132067
-5.34071  0  2.51327  0.011516  0.174787
-4.08407  0  2.51327  0.0187358  0.223064
-2.82743  0  2.51327  0.0360611  0.309241
-2.19911  0  2.51327  0.0559623  0.384403
-1.5708  0  2.51327  0.099634  0.509611
-0.942478  0  2.51327  0.230608  0.757246
-0.314159  0  2.51327  1.01322  1.31693
0.314159  0  2.51327  1.01318  -1.31691
0.942478  0  2.51327  0.230603  -0.757238
1.5708  0  2.51327  0.0996326  -0.509607
2.19911  0  2.51327  0.0559618  -0.384401
2.82743  0  2.51327  0.0360609  -0.30924
4.08407  0  2.51327  0.0187357  -0.223063
7.22566  0  2.51327  0.00658966  -0.132067
14.7655  0  2.51327  0.00168995  -0.0666796
-16.6504  0  3.14159  -9.10135e-09  0.0593344
-7.22566  0  3.14159  -7.13229e-08  0.132399
-5.34071  0  3.14159  -2.26076e-08  0.175552
-4.08407  0  3.14159  -1.28222e-07  0.224643
-2.82743  0  3.14159  -3.57045e-07  0.313407
-2.19911  0  3.14159  -5.78251e-07  0.392391
-1.5708  0  3.14159  -1.11155e-06  0.528469
-0.942478  0  3.14159  -2.94551e-06  0.824156
-0.314159  0  3.14159  -2.05202e-05  2.00446
0.314159  0  3.14159  -1.89325e-05  -2.00438
0.942478  0  3.14159  -2.65316e-06  -0.824145
1.5708  0  3.14159  -9.88531e-07  -0.528465
2.19911  0  3.14159  -5.01559e-07  -0.392389
2.82743  0  3.14159  -2.93405e-07  -0.313406
4.08407  0  3.14159  -1.31772e-07  -0.224642
7.22566  0  3.14159  -4.69852e-08  -0.132399
14.7655  0  3.14159  -8.98285e-09  -0.0667226
-16.6504  0  3.76991  0.00133783  0.0593041
-7.22566  0  3.76991  0.00658967  0.132067
-5.34071  0  3.76991  0.011516  0.174787
-4.08407  0  3.76991  0.0187358  0.223064
-2.82743  0  3.76991  0.0360611  0.309241
-2.19911  0  3.76991  0.0559623  0.384403
-1.5708  0  3.76991  0.099634  0.509611
-0.942478  0  3.76991  0.230608  0.757246
-0.314159  0  3.76991  1.01322  1.31693
0.314159  0  3.76991  1.01318  -1.31691
0.942478  0  3.76991  0.230603  -0.757238
1.5708  0  3.76991  0.0996326  -0.509607
2.19911  0  3.76991  0.0559618  -0.384401
2.82743  0  3.76991  0.0360609  -0.30924
4.08407  0  3.76991  0.0187357  -0.223063
7.22566  0  3.76991  0.00658966  -0.132067
14.7655  0  3.76991  0.00168995  -0.0666796
-16.6504  0  4.39823  0.00481052  0.0589414
-7.22566  0  4.39823  0.0231431  0.12821
-5.34071  0  4.39823  0.0395938  0.166091
-4.08407  0  4.39823  0.0625142  0.205626
-2.82743  0  4.39823  0.112451  0.26607
-2.19911  0  4.39823  0.162403  0.307271
-1.5708  0  4.39823  0.251059  0.352366
-0.942478  0  4.39823  0.416457  0.371202
-0.314159  0  4.39823  0.671202  0.227664
0.314159  0  4.39823  0.671197  -0.22767
0.942478  0  4.39823  0.416453  -0.371202
1.5708  0  4.39823  0.251057  -0.352366
2.19911  0  4.39823  0.162401  -0.30727
2.82743  0  4.39823  0.112451  -0.266069
4.08407  0  4.39823  0.0625139  -0.205625
7.22566  0  4.39823  0.0231431  -0.12821
14.7655  0  4.39823  0.00606685  -0.0661657
-16.6504  0  5.02655  0.00895918  0.0579486
-7.22566  0  5.02655  0.0405255  0.118522
-5.34071  0  5.02655  0.0658393  0.145779
-4.08407  0  5.02655  0.0971801  0.168635
-2.82743  0  5.02655  0.153194  0.190918
-2.19911  0  5.02655  0.196946  0.195884
-1.5708  0  5.02655  0.254752  0.187231
-0.942478  0  5.02655  0.323498  0.149739
-0.314159  0  5.02655  0.38207  0.0647819
0.314159  0  5.02655  0.382069  -0.0647837
0.942478  0  5.02655  0.323497  -0.14974
1.5708  0  5.02655  0.254751  -0.187232
2.19911  0  5.02655  0.196946  -0.195884
2.82743  0  5.02655  0.153193  -0.190918
4.08407  0  5.02655  0.0971798  -0.168635
7.22566  0  5.02655  0.0405254  -0.118521
14.7655  0  5.02655  0.0112496  -0.0647675
-16.6504  0  5.65487  0.0121232  0.0567435
-7.22566  0  5.65487  0.051129  0.108214
-5.34071  0  5.65487  0.0788329  0.126299
-4.08407  0  5.65487  0.109487  0.137419
-2.82743  0  5.65487  0.156173  0.140601
-2.19911  0  5.65487  0.186897  0.134093
-1.5708  0  5.65487  0.22148  0.117096
-0.942478  0  5.65487  0.255568  0.0846152
-0.314159  0  5.65487  0.279545  0.0339963
0.314159  0  5.65487  0.279545  -0.0339972
0.942478  0  5.65487  0.255568  -0.0846157
1.5708  0  5.65487  0.221479  -0.117096
2.19911  0  5.65487  0.186897  -0.134093
2.82743  0  5.65487  0.156173  -0.140601
4.08407  0  5.65487  0.109487  -0.137419
7.22566  0  5.65487  0.0511289  -0.108214
14.7655  0  5.65487  0.0151421  -0.0630867
-16.6504  0  6.28319  0.013274  0.0561982
-7.22566  0  6.28319  0.0543207  0.103995
-5.34071  0  6.28319  0.0820413  0.118887
-4.08407  0  6.28319  0.111434  0.126488
-2.82743  0  6.28319  0.153806  0.125174
-2.19911  0  6.28319  0.180222  0.116834
-1.5708  0  6.28319  0.208642  0.0995979
-0.942478  0  6.28319  0.235345  0.0702874
-0.314159  0  6.28319  0.253448  0.027399
0.314159  0  6.28319  0.253448  -0.0273997
0.942478  0  6.28319  0.235345  -0.0702878
1.5708  0  6.28319  0.208642  -0.0995982
2.19911  0  6.28319  0.180222  -0.116834
2.82743  0  6.28319  0.153806  -0.125174
4.08407  0  6.28319  0.111434  -0.126488
7.22566  0  6.28319  0.0543206  -0.103995
14.7655  0  6.28319  0.0165401  -0.0623321
-16.6504  0.628319  0  0.0121232  0.0567435
-7.22566  0.628319  0  0.051129  0.108214
-5.34071  0.628319  0  0.0788329  0.126299
-4.08407  0.628319  0  0.109487  0.137419
-2.82743  0.628319  0  0.156173  0.140601
-2.19911  0.628319  0  0.186897  0.134093
-1.5708  0.628319  0  0.22148  0.117096
-0.942478  0.628319  0  0.255568  0.0846152
-0.314159  0.628319  0  0.279545  0.0339963
0.314159  0.628319  0  0.279545  -0.0339972
0.942478  0.628319  0  0.255568  -0.0846157
1.5708  0.628319  0  0.221479  -0.117096
2.19911  0.628319  0  0.186897  -0.134093
2.82743  0.628319  0  0.156173  -0.140601
4.08407  0.628319  0  0.109487  -0.137419
7.22566  0.628319  0  0.0511289  -0.108214
14.7655  0.628319  0  0.0151421  -0.0630867
-16.6504  0.628319  0.628319  0.0109389  0.0572432
-7.22566  0.628319  0.628319  0.0474649  0.112314
-5.34071  0.628319  0.628319  0.0746989  0.133806
-4.08407  0.628319  0.628319  0.106166  0.149003
-2.82743  0.628319  0.628319  0.156995  0.158112
-2.19911  0.628319  0.628319  0.192528  0.154597
-1.5708  0.628319  0.628319  0.234694  0.139011
-0.942478  0.628319  0.628319  0.278758  0.10364
-0.314159  0.628319  0.628319  0.311711  0.0421933
0.314159  0.628319  0.628319  0.31171  -0.0421944
0.942478  0.628319  0.628319  0.278758  -0.103641
1.5708  0.628319  0.628319  0.234693  -0.139012
2.19911  0.628319  0.628319  0.192527  -0.154597
2.82743  0.628319  0.628319  0.156995  -0.158112
4.08407  0.628319  0.628319  0.106166  -0.149003
7.22566  0.628319  0.628319  0.0474648  -0.112314
14.7655  0.628319  0.628319  0.0136929  -0.0637816
-16.6504  0.628319  1.25664  0.00770067  0.0583169
-7.22566  0.628319  1.25664  0.0356214  0.121976
-5.34071  0.628319  1.25664  0.0589335  0.152784
-4.08407  0.628319  1.25664  0.089  0.180839
-2.82743  0.628319  1.25664  0.14633  0.213574
-2.19911  0.628319  1.25664  0.194646  0.22678
-1.5708  0.628319  1.25664  0.263863  0.227276
-0.942478  0.628319  1.25664  0.355389  0.19303
-0.314159  0.628319  1.25664  0.442311  0.089893
0.314159  0.628319  1.25664  0.442309  -0.0898955
0.942478  0.628319  1.25664  0.355387  -0.193031
1.5708  0.628319  1.25664  0.263861  -0.227276
2.19911  0.628319  1.25664  0.194645  -0.22678
2.82743  0.628319  1.25664  0.14633  -0.213574
4.08407  0.628319  1.25664  0.0889997  -0.180839
7.22566  0.628319  1.25664  0.0356213  -0.121976
14.7655  0.628319  1.25664  0.00968499  -0.0652847
-16.6504  0.628319  1.88496  0.00349189  0.0591277
-7.22566  0.628319  1.88496  0.0170016  0.130166
-5.34071  0.628319  1.88496  0.0294031  0.170458
-4.08407  0.628319  1.88496  0.0471381  0.214266
-2.82743  0.628319  1.88496  0.0877278  0.286808
-2.19911  0.628319  1.88496  0.131226  0.343014
-1.5708  0.628319  1.88496  0.216503  0.419778
-0.942478  0.628319  1.88496  0.409946  0.505319
-0.314159  0.628319  1.88496  0.847646  0.397908
0.314159  0.628319  1.88496  0.847635  -0.397917
0.942478  0.628319  1.88496  0.40994  -0.505317
1.5708  0.628319  1.88496  0.216501  -0.419776
2.19911  0.628319  1.88496  0.131225  -0.343013
2.82743  0.628319  1.88496  0.0877272  -0.286807
4.08407  0.628319  1.88496  0.0471379  -0.214266
7.22566  0.628319  1.88496  0.0170015  -0.130166
14.7655  0.628319  1.88496  0.00440746  -0.0664294
-16.6504  0.628319  2.51327  -9.09894e-09  0.0593342
-7.22566  0.628319  2.51327  -7.19208e-08  0.132393
-5.34071  0.628319  2.51327  -2.37866e-08  0.175541
-4.08407  0.628319  2.51327  -1.29092e-07  0.224636
-2.82743  0.628319  2.51327  -3.59828e-07  0.3135
-2.19911  0.628319  2.51327  -5.84128e-07  0.392745
-1.5708  0.628319  2.51327  -1.12582e-06  0.529845
-0.942478  0.628319  2.51327  -2.99823e-06  0.831194
-0.314159  0.628319  2.51327  -2.17646e-05  2.09957
0.314159  0.628319  2.51327  -2.01507e-05  -2.09949
0.942478  0.628319  2.51327  -2.7104e-06  -0.831182
1.5708  0.628319  2.51327  -1.00353e-06  -0.52984
2.19911  0.628319  2.51327  -5.08447e-07  -0.392743
2.82743  0.628319  2.51327  -2.98363e-07  -0.313499
4.08407  0.628319  2.51327  -1.31875e-07  -0.224636
7.22566  0.628319  2.51327  -4.69514e-08  -0.132393
14.7655  0.628319  2.51327  -9.01293e-09  -0.0667222
-16.6504  0.628319  3.14159  -0.00133785  0.0593041
-7.22566  0.628319  3.14159  -0.00658981  0.132067
-5.34071  0.628319  3.14159  -0.011516  0.174787
-4.08407  0.628319  3.14159  -0.018736  0.223064
-2.82743  0.628319  3.14159  -0.0360618  0.309241
-2.19911  0.628319  3.14159  -0.0559635  0.384403
-1.5708  0.628319  3.14159  -0.0996361  0.50961
-0.942478  0.628319  3.14159  -0.230613  0.757243
-0.314159  0.628319  3.14159  -1.01323  1.3169
0.314159  0.628319  3.14159  -1.01318  -1.31689
0.942478  0.628319  3.14159  -0.230607  -0.757234
1.5708  0.628319  3.14159  -0.0996343  -0.509606
2.19911  0.628319  3.14159  -0.0559627  -0.384401
2.82743  0.628319  3.14159  -0.0360614  -0.30924
4.08407  0.628319  3.14159  -0.0187359  -0.223063
7.22566  0.628319  3.14159  -0.00658976  -0.132067
14.7655  0.628319  3.14159  -0.00168997  -0.0666795
-16.6504  0.628319  3.76991  -9.09894e-09  0.0593342
-7.22566  0.628319  3.76991  -7.19208e-08  0.132393
-5.34071  0.628319  3.76991  -2.37866e-08  0.175541
-4.08407  0.628319  3.76991  -1.29092e-07  0.224636
-2.82743  0.628319  3.76991  -3.59828e-07  0.3135
-2.19911  0.628319  3.76991  -5.84128e-07  0.392745
-1.5708  0.628319  3.76991  -1.12582e-06  0.529845
-0.942478  0.628319  3.76991  -2.99823e-06  0.831194
-0.314159  0.628319  3.76991  -2.17646e-05  2.09957
0.314159  0.628319  3.76991  -2.01507e-05  -2.09949
0.942478  0.628319  3.76991  -2.7104e-06  -0.831182
1.5708  0.628319  3.76991  -1.00353e-06  -0.52984
2.19911  0.628319  3.76991  -5.08447e-07  -0.392743
2.82743  0.628319  3.76991  -2.98363e-07  -0.313499
4.08407  0.628319  3.76991  -1.31875e-07  -0.224636
7.22566  0.628319  3.76991  -4.69514e-08  -0.132393
14.7655  0.628319  3.76991  -9.01293e-09  -0.0667222
-16.6504  0.628319  4.39823  0.00349189  0.0591277
-7.22566  0.628319  4.39823  0.0170016  0.130166
-5.34071  0.628319  4.39823  0.0294031  0.170458
-4.08407  0.628319  4.39823  0.0471381  0.214266
-2.82743  0.628319  4.39823  0.0877278  0.286808
-2.19911  0.628319  4.39823  0.131226  0.343014
-1.5708  0.628319  4.39823  0.216503  0.419778
-0.942478  0.628319  4.39823  0.409946  0.505319
-0.314159  0.628319  4.39823  0.847646  0.397908
0.314159  0.628319  4.39823  0.847635  -0.397917
0.942478  0.628319  4.39823  0.40994  -0.505317
1.5708  0.628319  4.39823  0.216501  -0.419776
2.19911  0.628319  4.39823  0.131225  -0.343013
2.82743  0.628319  4.39823  0.0877272  -0.286807
4.08407  0.628319  4.39823  0.0471379  -0.214266
7.22566  0.628319  4.39823  0.0170015  -0.130166
14.7655  0.628319  4.39823  0.00440746  -0.0664294
-16.6504  0.628319  5.02655  0.00770067  0.0583169
-7.22566  0.628319  5.02655  0.0356214  0.121976
-5.34071  0.628319  5.02655  0.0589335  0.152784
-4.08407  0.628319  5.02655  0.089  0.180839
-2.82743  0.628319  5.02655  0.14633  0.213574
-2.19911  0.628319  5.02655  0.194646  0.22678
-1.5708  0.628319  5.02655  0.263863  0.227276
-0.942478  0.628319  5.02655  0.355389  0.19303
-0.314159  0.628319  5.02655  0.442311  0.089893
0.314159  0.628319  5.02655  0.442309  -0.0898955
0.942478  0.628319  5.02655  0.355387  -0.193031
1.5708  0.628319  5.02655  0.263861  -0.227276
2.19911  0.628319  5.02655  0.194645  -0.22678
2.82743  0.628319  5.02655  0.14633  -0.213574
4.08407  0.628319  5.02655  0.0889997  -0.180839
7.22566  0.628319  5.02655  0.0356213  -0.121976
14.7655  0.628319  5.02655  0.00968499  -0.0652847
-16.6504  0.628319  5.65487  0.0109389  0.0572432
-7.22566  0.628319  5.65487  0.0474649  0.112314
-5.34071  0.628319  5.65487  0.0746989  0.133806
-4.08407  0.628319  5.65487  0.106166  0.149003
-2.82743  0.628319  5.65487  0.156995  0.158112
-2.19911  0.628319  5.65487  0.192528  0.154597
-1.5708  0.628319  5.65487  0.234694  0.139011
-0.942478  0.628319  5.65487  0.278758  0.10364
-0.314159  0.628319  5.65487  0.311711  0.0421933
0.314159  0.628319  5.65487  0.31171  -0.0421944
0.942478  0.628319  5.65487  0.278758  -0.103641
1.5708  0.628319  5.65487  0.234693  -0.139012
2.19911  0.628319  5.65487  0.192527  -0.154597
2.82743  0.628319  5.65487  0.156995  -0.158112
4.08407  0.628319  5.65487  0.106166  -0.149003
7.22566  0.628319  5.65487  0.0474648  -0.112314
14.7655  0.628319  5.65487  0.0136929  -0.0637816
-16.6504  0.628319  6.28319  0.0121232  0.0567435
-7.22566  0.628319  6.28319  0.051129  0.108214
-5.34071  0.628319  6.28319  0.0788329  0.126299
-4.08407  0.628319  6.28319  0.109487  0.137419
-2.82743  0.628319  6.28319  0.156173  0.140601
-2.19911  0.628319  6.28319  0.186897  0.134093
-1.5708  0.628319  6.28319  0.22148  0.117096
-0.942478  0.628319  6.28319  0.255568  0.0846152
-0.314159  0.628319  6.28319  0.279545  0.0339963
0.314159  0.628319  6.28319  0.279545  -0.0339972
0.942478  0.628319  6.28319  0.255568  -0.0846157
1.5708  0.628319  6.28319  0.221479  -0.117096
2.19911  0.628319  6.28319  0.186897  -0.134093
2.82743  0.628319  6.28319  0.156173  -0.140601
4.08407  0.628319  6.28319  0.109487  -0.137419
7.22566  0.628319  6.28319  0.0511289  -0.108214
14.7655  0.628319  6.28319  0.0151421  -0.0630867
-16.6504  1.25664  0  0.00895918  0.0579486
-7.22566  1.25664  0  0.0405255  0.118522
-5.34071  1.25664  0  0.0658393  0.145779
-4.08407  1.25664  0  0.0971801  0.168635
-2.82743  1.25664  0  0.153194  0.190918
-2.19911  1.25664  0  0.196946  0.195884
-1.5708  1.25664  0  0.254752  0.187231
-0.942478  1.25664  0  0.323498  0.149739
-0.314159  1.25664  0  0.38207  0.0647819
0.314159  1.25664  0  0.382069  -0.0647837
0.942478  1.25664  0  0.323497  -0.14974
1.5708  1.25664  0  0.254751  -0.187232
2.19911  1.25664  0  0.196946  -0.195884
2.82743  1.25664  0  0.153193  -0.190918
4.08407  1.25664  0  0.0971798  -0.168635
7.22566  1.25664  0  0.0405254  -0.118521
14.7655  1.25664  0  0.0112496  -0.0647675
-16.6504  1.25664  0.628319  0.00770067  0.0583169
-7.22566  1.25664  0.628319  0.0356214  0.121976
-5.34071  1.25664  0.628319  0.0589335  0.152784
-4.08407  1.25664  0.628319  0.089  0.180839
-2.82743  1.25664  0.628319  0.14633  0.213574
-2.19911  1.25664  0.628319  0.194646  0.22678
-1.5708  1.25664  0.628319  0.263863  0.227276
-0.942478  1.25664  0.628319  0.355389  0.19303
-0.314159  1.25664  0.628319  0.442311  0.089893
0.314159  1.25664  0.628319  0.442309  -0.0898955
0.942478  1.25664  0.628319  0.355387  -0.193031
1.5708  1.25664  0.628319  0.263861  -0.227276
2.19911  1.25664  0.628319  0.194645  -0.22678
2.82743  1.25664  0.628319  0.14633  -0.213574
4.08407  1.25664  0.628319  0.0889997  -0.180839
7.22566  1.25664  0.628319  0.0356213  -0.121976
14.7655  1.25664  0.628319  0.00968499  -0.0652847
-16.6504  1.25664  1.25664  0.00430813  0.0590193
-7.22566  1.25664  1.25664  0.020828  0.129019
-5.34071  1.25664  1.25664  0.0357967  0.16789
-4.08407  1.25664  1.25664  0.0568952  0.209171
-2.82743  1.25664  1.25664  0.103891  0.274477
-2.19911  1.25664  1.25664  0.152346  0.321488
-1.5708  1.25664  1.25664  0.241923  0.377979
-0.942478  1.25664  1.25664  0.421262  0.416962
-0.314159  1.25664  1.25664  0.732231  0.274166
0.314159  1.25664  1.25664  0.732224  -0.274173
0.942478  1.25664  1.25664  0.421257  -0.416962
1.5708  1.25664  1.25664  0.241921  -0.377978
2.19911  1.25664  1.25664  0.152345  -0.321487
2.82743  1.25664  1.25664  0.103891  -0.274476
4.08407  1.25664  1.25664  0.056895  -0.20917
7.22566  1.25664  1.25664  0.0208279  -0.129019
14.7655  1.25664  1.25664  0.00543505  -0.0662758
-16.6504  1.25664  1.88496  -9.08736e-09  0.0593338
-7.22566  1.25664  1.88496  -7.29935e-08  0.132384
-5.34071  1.25664  1.88496  -2.55684e-08  0.175527
-4.08407  1.25664  1.88496  -1.29273e-07  0.224646
-2.82743  1.25664  1.88496  -3.59947e-07  0.313741
-2.19911  1.25664  1.88496  -5.83314e-07  0.393495
-1.5708  1.25664  1.88496  -1.12044e-06  0.532234
-0.942478  1.25664  1.88496  -2.98242e-06  0.839969
-0.314159  1.25664  1.88496  -2.21154e-05  2.15131
0.314159  1.25664  1.88496  -2.09697e-05  -2.15123
0.942478  1.25664  1.88496  -2.77193e-06  -0.839958
1.5708  1.25664  1.88496  -1.02255e-06  -0.53223
2.19911  1.25664  1.88496  -5.18229e-07  -0.393493
2.82743  1.25664  1.88496  -3.06493e-07  -0.31374
4.08407  1.25664  1.88496  -1.32803e-07  -0.224646
7.22566  1.25664  1.88496  -4.69589e-08  -0.132384
14.7655  1.25664  1.88496  -9.03663e-09  -0.0667216
-16.6504  1.25664  2.51327  -0.00349191  0.0591277
-7.22566  1.25664  2.51327  -0.0170017  0.130166
-5.34071  1.25664  2.51327  -0.0294032  0.170458
-4.08407  1.25664  2.51327  -0.0471384  0.214266
-2.82743  1.25664  2.51327  -0.0877284  0.286807
-2.19911  1.25664  2.51327  -0.131227  0.343014
-1.5708  1.25664  2.51327  -0.216505  0.419777
-0.942478  1.25664  2.51327  -0.409947  0.505315
-0.314159  1.25664  2.51327  -0.847642  0.397901
0.314159  1.25664  2.51327  -0.847628  -0.397913
0.942478  1.25664  2.51327  -0.40994  -0.505314
1.5708  1.25664  2.51327  -0.216501  -0.419775
2.19911  1.25664  2.51327  -0.131225  -0.343012
2.82743  1.25664  2.51327  -0.0877276  -0.286806
4.08407  1.25664  2.51327  -0.047138  -0.214266
7.22566  1.25664  2.51327  -0.0170016  -0.130166
14.7655  1.25664  2.51327  -0.00440748  -0.0664294
-16.6504  1.25664  3.14159  -0.00481054  0.0589414
-7.22566  1.25664  3.14159  -0.0231433  0.12821
-5.34071  1.25664  3.14159  -0.0395939  0.166092
-4.08407  1.25664  3.14159  -0.0625144  0.205626
-2.82743  1.25664  3.14159  -0.112452  0.26607
-2.19911  1.25664  3.14159  -0.162403  0.307271
-1.5708  1.25664  3.14159  -0.25106  0.352365
-0.942478  1.25664  3.14159  -0.416458  0.371199
-0.314159  1.25664  3.14159  -0.671199  0.22766
0.314159  1.25664  3.14159  -0.671193  -0.227669
0.942478  1.25664  3.14159  -0.416452  -0.3712
1.5708  1.25664  3.14159  -0.251056  -0.352364
2.19911  1.25664  3.14159  -0.162402  -0.30727
2.82743  1.25664  3.14159  -0.112451  -0.266069
4.08407  1.25664  3.14159  -0.062514  -0.205625
7.22566  1.25664  3.14159  -0.0231431  -0.12821
14.7655  1.25664  3.14159  -0.00606686  -0.0661656
-16.6504  1.25664  3.76991  -0.00349191  0.0591277
-7.22566  1.25664  3.76991  -0.0170017  0.130166
-5.34071  1.25664  3.76991  -0.0294032  0.170458
-4.08407  1.25664  3.76991  -0.0471384  0.214266
-2.82743  1.25664  3.76991  -0.0877284  0.286807
-2.19911  1.25664  3.76991  -0.131227  0.343014
-1.5708  1.25664  3.76991  -0.216505  0.419777
-0.942478  1.25664  3.76991  -0.409947  0.505315
-0.314159  1.25664  3.76991  -0.847642  0.397901
0.314159  1.25664  3.76991  -0.847628  -0.397913
0.942478  1.25664  3.76991  -0.40994  -0.505314
1.5708  1.25664  3.76991  -0.216501  -0.419775
2.19911  1.25664  3.76991  -0.131225  -0.343012
2.82743  1.25664  3.76991  -0.0877276  -0.286806
4.08407  1.25664  3.76991  -0.047138  -0.214266
7.22566  1.25664  3.76991  -0.0170016  -0.130166
14.7655  1.25664  3.76991  -0.00440748  -0.0664294
-16.6504  1.25664  4.39823  -9.08736e-09  0.0593338
-7.22566  1.25664  4.39823  -7.29935e-08  0.132384
-5.34071  1.25664  4.39823  -2.55684e-08  0.175527
-4.08407  1.25664  4.39823  -1.29273e-07  0.224646
-2.82743  1.25664  4.39823  -3.59947e-07  0.313741
-2.19911  1.25664  4.39823  -5.83314e-07  0.393495
-1.5708  1.25664  4.39823  -1.12044e-06  0.532234
-0.942478  1.25664  4.39823  -2.98242e-06  0.839969
-0.314159  1.25664  4.39823  -2.21154e-05  2.15131
0.314159  1.25664  4.39823  -2.09697e-05  -2.15123
0.942478  1.25664  4.39823  -2.77193e-06  -0.839958
1.5708  1.25664  4.39823  -1.02255e-06  -0.53223
2.19911  1.25664  4.39823  -5.18229e-07  -0.393493
2.82743  1.25664  4.39823  -3.06493e-07  -0.31374
4.08407  1.25664  4.39823  -1.32803e-07  -0.224646
7.22566  1.25664  4.39823  -4.69589e-08  -0.132384
14.7655  1.25664  4.39823  -9.03663e-09  -0.0667216
-16.6504  1.25664  5.02655  0.00430813  0.0590193
-7.22566  1.25664  5.02655  0.020828  0.129019
-5.34071  1.25664  5.02655  0.0357967  0.16789
-4.08407  1.25664  5.02655  0.0568952  0.209171
-2.82743  1.25664  5.02655  0.103891  0.274477
-2.19911  1.25664  5.02655  0.152346  0.321488
-1.5708  1.25664  5.02655  0.241923  0.377979
-0.942478  1.25664  5.02655  0.421262  0.416962
-0.314159  1.25664  5.02655  0.732231  0.274166
0.314159  1.25664  5.02655  0.732224  -0.274173
0.942478  1.25664  5.02655  0.421257  -0.416962
1.5708  1.25664  5.02655  0.241921  -0.377978
2.19911  1.25664  5.02655  0.152345  -0.321487
2.82743  1.25664  5.02655  0.103891  -0.274476
4.08407  1.25664  5.02655  0.056895  -0.20917
7.22566  1.25664  5.02655  0.0208279  -0.129019
14.7655  1.25664  5.02655  0.00543505  -0.0662758
-16.6504  1.25664  5.65487  0.00770067  0.0583169
-7.22566  1.25664  5.65487  0.0356214  0.121976
-5.34071  1.25664  5.65487  0.0589335  0.152784
-4.08407  1.25664  5.65487  0.089  0.180839
-2.82743  1.25664  5.65487  0.14633  0.213574
-2.19911  1.25664  5.65487  0.194646  0.22678
-1.5708  1.25664  5.65487  0.263863  0.227276
-0.942478  1.25664  5.65487  0.355389  0.19303
-0.314159  1.25664  5.65487  0.442311  0.089893
0.314159  1.25664  5.65487  0.442309  -0.0898955
0.942478  1.25664  5.65487  0.355387  -0.193031
1.5708  1.25664  5.65487  0.263861  -0.227276
2.19911  1.25664  5.65487  0.194645  -0.22678
2.82743  1.25664  5.65487  0.14633  -0.213574
4.08407  1.25664  5.65487  0.0889997  -0.180839
7.22566  1.25664  5.65487  0.0356213  -0.121976
14.7655  1.25664  5.65487  0.00968499  -0.0652847
-16.6504  1.25664  6.28319  0.00895918  0.0579486
-7.22566  1.25664  6.28319  0.0405255  0.118522
-5.34071  1.25664  6.28319  0.0658393  0.145779
-4.08407  1.25664  6.28319  0.0971801  0.168635
-2.82743  1.25664  6.28319  0.153194  0.190918
-2.19911  1.25664  6.28319  0.196946  0.195884
-1.5708  1.25664  6.28319  0.254752  0.187231
-0.942478  1.25664  6.28319  0.323498  0.149739
-0.314159  1.25664  6.28319  0.38207  0.0647819
0.314159  1.25664  6.28319  0.382069  -0.0647837
0.942478  1.25664  6.28319  0.323497  -0.14974
1.5708  1.25664  6.28319  0.254751  -0.187232
2.19911  1.25664  6.28319  0.196946  -0.195884
2.82743  1.25664  6.28319  0.153193  -0.190918
4.08407  1.25664  6.28319  0.0971798  -0.168635
7.22566  1.25664  6.28319  0.0405254  -0.118521
14.7655  1.25664  6.28319  0.0112496  -0.0647675
-16.6504  1.88496  0  0.00481052  0.0589414
-7.22566  1.88496  0  0.0231431  0.12821
-5.34071  1.88496  0  0.0395938  0.166091
-4.08407  1.88496  0  0.0625142  0.205626
-2.82743  1.88496  0  0.112451  0.26607
-2.19911  1.88496  0  0.162403  0.307271
-1.5708  1.88496  0  0.251059  0.352366
-0.942478  1.88496  0  0.416457  0.371202
-0.314159  1.88496  0  0.671202  0.227664
0.314159  1.88496  0  0.671197  -0.22767
0.942478  1.88496  0  0.416453  -0.371202
1.5708  1.88496  0  0.251057  -0.352366
2.19911  1.88496  0  0.162401  -0.30727
2.82743  1.88496  0  0.112451  -0.266069
4.08407  1.88496  0  0.0625139  -0.205625
7.22566  1.88496  0  0.0231431  -0.12821
14.7655  1.88496  0  0.00606685  -0.0661657
-16.6504  1.88496  0.628319  0.00349189  0.0591277
-7.22566  1.88496  0.628319  0.0170016  0.130166
-5.34071  1.88496  0.628319  0.0294031  0.170458
-4.08407  1.88496  0.628319  0.0471381  0.214266
-2.82743  1.88496  0.628319  0.0877278  0.286808
-2.19911  1.88496  0.628319  0.131226  0.343014
-1.5708  1.88496  0.628319  0.216503  0.419778
-0.942478  1.88496  0.628319  0.409946  0.505319
-0.314159  1.88496  0.628319  0.847646  0.397908
0.314159  1.88496  0.628319  0.847635  -0.397917
0.942478  1.88496  0.628319  0.40994  -0.505317
1.5708  1.88496  0.628319  0.216501  -0.419776
2.19911  1.88496  0.628319  0.131225  -0.343013
2.82743  1.88496  0.628319  0.0877272  -0.286807
4.08407  1.88496  0.628319  0.0471379  -0.214266
7.22566  1.88496  0.628319  0.0170015  -0.130166
14.7655  1.88496  0.628319  0.00440746  -0.0664294
-16.6504  1.88496  1.25664  -9.08736e-09  0.0593338
-7.22566  1.88496  1.25664  -7.29935e-08  0.132384
-5.34071  1.88496  1.25664  -2.55684e-08  0.175527
-4.08407  1.88496  1.25664  -1.29273e-07  0.224646
-2.82743  1.88496  1.25664  -3.59947e-07  0.313741
-2.19911  1.88496  1.25664  -5.83314e-07  0.393495
-1.5708  1.88496  1.25664  -1.12044e-06  0.532234
-0.942478  1.88496  1.25664  -2.98242e-06  0.839969
-0.314159  1.88496  1.25664  -2.21154e-05  2.15131
0.314159  1.88496  1.25664  -2.09697e-05  -2.15123
0.942478  1.88496  1.25664  -2.77193e-06  -0.839958
1.5708  1.88496  1.25664  -1.02255e-06  -0.53223
2.19911  1.88496  1.25664  -5.18229e-07  -0.393493
2.82743  1.88496  1.25664  -3.06493e-07  -0.31374
4.08407  1.88496  1.25664  -1.32803e-07  -0.224646
7.22566  1.88496  1.25664  -4.69589e-08  -0.132384
14.7655  1.88496  1.25664  -9.03663e-09  -0.0667216
-16.6504  1.88496  1.88496  -0.00430815  0.0590193
-7.22566  1.88496  1.88496  -0.0208281  0.129019
-5.34071  1.88496  1.88496  -0.0357967  0.16789
-4.08407  1.88496  1.88496  -0.0568955  0.209171
-2.82743  1.88496  1.88496  -0.103892  0.274477
-2.19911  1.88496  1.88496  -0.152347  0.321487
-1.5708  1.88496  1.88496  -0.241924  0.377978
-0.942478  1.88496  1.88496  -0.421263  0.416959
-0.314159  1.88496  1.88496  -0.732227  0.274161
0.314159  1.88496  1.88496  -0.732219  -0.27417
0.942478  1.88496  1.88496  -0.421256  -0.416959
1.5708  1.88496  1.88496  -0.241921  -0.377977
2.19911  1.88496  1.88496  -0.152345  -0.321486
2.82743  1.88496  1.88496  -0.103891  -0.274476
4.08407  1.88496  1.88496  -0.0568951  -0.20917
7.22566  1.88496  1.88496  -0.020828  -0.129019
14.7655  1.88496  1.88496  -0.00543507  -0.0662758
-16.6504  1.88496  2.51327  -0.0077007  0.0583169
-7.22566  1.88496  2.51327  -0.0356215  0.121976
-5.34071  1.88496  2.51327  -0.0589336  0.152784
-4.08407  1.88496  2.51327  -0.0890003  0.180839
-2.82743  1.88496  2.51327  -0.146331  0.213574
-2.19911  1.88496  2.51327  -0.194646  0.22678
-1.5708  1.88496  2.51327  -0.263863  0.227275
-0.942478  1.88496  2.51327  -0.355389  0.193028
-0.314159  1.88496  2.51327  -0.442309  0.0898915
0.314159  1.88496  2.51327  -0.442307  -0.0898956
0.942478  1.88496  2.51327  -0.355386  -0.19303
1.5708  1.88496  2.51327  -0.263861  -0.227275
2.19911  1.88496  2.51327  -0.194644  -0.226779
2.82743  1.88496  2.51327  -0.14633  -0.213574
4.08407  1.88496  2.51327  -0.0889997  -0.180839
7.22566  1.88496  2.51327  -0.0356213  -0.121976
14.7655  1.88496  2.51327  -0.009685  -0.0652847
-16.6504  1.88496  3.14159  -0.00895921  0.0579486
-7.22566  1.88496  3.14159  -0.0405256  0.118522
-5.34071  1.88496  3.14159  -0.0658395  0.145779
-4.08407  1.88496  3.14159  -0.0971803  0.168635
-2.82743  1.88496  3.14159  -0.153194  0.190917
-2.19911  1.88496  3.14159  -0.196947  0.195884
-1.5708  1.88496  3.14159  -0.254752  0.18723
-0.942478  1.88496  3.14159  -0.323498  0.149738
-0.314159  1.88496  3.14159  -0.382069  0.0647808
0.314159  1.88496  3.14159  -0.382068  -0.064784
0.942478  1.88496  3.14159  -0.323495  -0.14974
1.5708  1.88496  3.14159  -0.25475  -0.187231
2.19911  1.88496  3.14159  -0.196945  -0.195884
2.82743  1.88496  3.14159  -0.153193  -0.190917
4.08407  1.88496  3.14159  -0.0971797  -0.168635
7.22566  1.88496  3.14159  -0.0405254  -0.118521
14.7655  1.88496  3.14159  -0.0112496  -0.0647675
-16.6504  1.88496  3.76991  -0.0077007  0.0583169
-7.22566  1.88496  3.76991  -0.0356215  0.121976
-5.34071  1.88496  3.76991  -0.0589336  0.152784
-4.08407  1.88496  3.76991  -0.0890003  0.180839
-2.82743  1.88496  3.76991  -0.146331  0.213574
-2.19911  1.88496  3.76991  -0.194646  0.22678
-1.5708  1.88496  3.76991  -0.263863  0.227275
-0.942478  1.88496  3.76991  -0.355389  0.193028
-0.314159  1.88496  3.76991  -0.442309  0.0898915
0.314159  1.88496  3.76991  -0.442307  -0.0898956
0.942478  1.88496  3.76991  -0.355386  -0.19303
1.5708  1.88496  3.76991  -0.263861  -0.227275
2.19911  1.88496  3.76991  -0.194644  -0.226779
2.82743  1.88496  3.76991  -0.14633  -0.213574
4.08407  1.88496  3.76991  -0.0889997  -0.180839
7.22566  1.88496  3.76991  -0.0356213  -0.121976
14.7655  1.88496  3.76991  -0.009685  -0.0652847
-16.6504  1.88496  4.39823  -0.00430815  0.0590193
-7.22566  1.88496  4.39823  -0.0208281  0.129019
-5.34071  1.88496  4.39823  -0.0357967  0.16789
-4.08407  1.88496  4.39823  -0.0568955  0.209171
-2.82743  1.88496  4.39823  -0.103892  0.274477
-2.19911  1.88496  4.39823  -0.152347  0.321487
-1.5708  1.88496  4.39823  -0.241924  0.377978
-0.942478  1.88496  4.39823  -0.421263  0.416959
-0.314159  1.88496  4.39823  -0.732227  0.274161
0.314159  1.88496  4.39823  -0.732219  -0.27417
0.942478  1.88496  4.39823  -0.421256  -0.416959
1.5708  1.88496  4.39823  -0.241921  -0.377977
2.19911  1.88496  4.39823  -0.152345  -0.321486
2.82743  1.88496  4.39823  -0.103891  -0.274476
4.08407  1.88496  4.39823  -0.0568951  -0.20917
7.22566  1.88496  4.39823  -0.020828  -0.129019
14.7655  1.88496  4.39823  -0.00543507  -0.0662758
-16.6504  1.88496  5.02655  -9.08736e-09  0.0593338
-7.22566  1.88496  5.02655  -7.29935e-08  0.132384
-5.34071  1.88496  5.02655  -2.55684e-08  0.175527
-4.08407  1.88496  5.02655  -1.29273e-07  0.224646
-2.82743  1.88496  5.02655  -3.59947e-07  0.313741
-2.19911  1.88496  5.02655  -5.83314e-07  0.393495
-1.5708  1.88496  5.02655  -1.12044e-06  0.532234
-0.942478  1.88496  5.02655  -2.98242e-06  0.839969
-0.314159  1.88496  5.02655  -2.21154e-05  2.15131
0.314159  1.88496  5.02655  -2.09697e-05  -2.15123
0.942478  1.88496  5.02655  -2.77193e-06  -0.839958
1.5708  1.88496  5.02655  -1.02255e-06  -0.53223
2.19911  1.88496  5.02655  -5.18229e-07  -0.393493
2.82743  1.88496  5.02655  -3.06493e-07  -0.31374
4.08407  1.88496  5.02655  -1.32803e-07  -0.224646
7.22566  1.88496  5.02655  -4.69589e-08  -0.132384
14.7655  1.88496  5.02655  -9.03663e-09  -0.0667216
-16.6504  1.88496  5.65487  0.00349189  0.0591277
-7.22566  1.88496  5.65487  0.0170016  0.130166
-5.34071  1.88496  5.65487  0.0294031  0.170458
-4.08407  1.88496  5.65487  0.0471381  0.214266
-2.82743  1.88496  5.65487  0.0877278  0.286808
-2.19911  1.88496  5.65487  0.131226  0.343014
-1.5708  1.88496  5.65487  0.216503  0.419778
-0.942478  1.88496  5.65487  0.409946  0.505319
-0.314159  1.88496  5.65487  0.847646  0.397908
0.314159  1.88496  5.65487  0.847635  -0.397917
0.942478  1.88496  5.65487  0.40994  -0.505317
1.5708  1.88496  5.65487  0.216501  -0.419776
2.19911  1.88496  5.65487  0.131225  -0.343013
2.82743  1.88496  5.65487  0.0877272  -0.286807
4.08407  1.88496  5.65487  0.0471379  -0.214266
7.22566  1.88496  5.65487  0.0170015  -0.130166
14.7655  1.88496  5.65487  0.00440746  -0.0664294
-16.6504  1.88496  6.28319  0.00481052  0.0589414
-7.22566  1.88496  6.28319  0.0231431  0.12821
-5.34071  1.88496  6.28319  0.0395938  0.166091
-4.08407  1.88496  6.28319  0.0625142  0.205626
-2.82743  1.88496  6.28319  0.112451  0.26607
-2.19911  1.88496  6.28319  0.162403  0.307271
-1.5708  1.88496  6.28319  0.251059  0.352366
-0.942478  1.88496  6.28319  0.416457  0.371202
-0.314159  1.88496  6.28319  0.671202  0.227664
0.314159  1.88496  6.28319  0.671197  -0.22767
0.942478  1.88496  6.28319  0.416453  -0.371202
1.5708  1.88496  6.28319  0.251057  -0.352366
2.19911  1.88496  6.28319  0.162401  -0.30727
2.82743  1.88496  6.28319  0.112451  -0.266069
4.08407  1.88496  6.28319  0.0625139  -0.205625
7.22566  1.88496  6.28319  0.0231431  -0.12821
14.7655  1.88496  6.28319  0.00606685  -0.0661657
-16.6504  2.51327  0  0.00133783  0.0593041
-7.22566  2.51327  0  0.00658967  0.132067
-5.34071  2.51327  0  0.011516  0.174787
-4.08407  2.51327  0  0.0187358  0.223064
-2.82743  2.51327  0  0.0360611  0.309241
-2.19911  2.51327  0  0.0559623  0.384403
-1.5708  2.51327  0  0.099634  0.509611
-0.942478  2.51327  0  0.230608  0.757246
-0.314159  2.51327  0  1.01322  1.31693
0.314159  2.51327  0  1.01318  -1.31691
0.942478  2.51327  0  0.230603  -0.757238
1.5708  2.51327  0  0.0996326  -0.509607
2.19911  2.51327  0  0.0559618  -0.384401
2.82743  2.51327  0  0.0360609  -0.30924
4.08407  2.51327  0  0.0187357  -0.223063
7.22566  2.51327  0  0.00658966  -0.132067
14.7655  2.51327  0  0.00168995  -0.0666796
-16.6504  2.51327  0.628319  -9.09894e-09  0.0593342
-7.22566  2.51327  0.628319  -7.19208e-08  0.132393
-5.34071  2.51327  0.628319  -2.37866e-08  0.175541
-4.08407  2.51327  0.628319  -1.29092e-07  0.224636
-2.82743  2.51327  0.628319  -3.59828e-07  0.3135
-2.19911  2.51327  0.628319  -5.84128e-07  0.392745
-1.5708  2.51327  0.628319  -1.12582e-06  0.529845
-0.942478  2.51327  0.628319  -2.99823e-06  0.831194
-0.314159  2.51327  0.628319  -2.17646e-05  2.09957
0.314159  2.51327  0.628319  -2.01507e-05  -2.09949
0.942478  2.51327  0.628319  -2.7104e-06  -0.831182
1.5708  2.51327  0.628319  -1.00353e-06  -0.52984
2.19911  2.51327  0.628319  -5.08447e-07  -0.392743
2.82743  2.51327  0.628319  -2.98363e-07  -0.313499
4.08407  2.51327  0.628319  -1.31875e-07  -0.224636
7.22566  2.51327  0.628319  -4.69514e-08  -0.132393
14.7655  2.51327  0.628319  -9.01293e-09  -0.0667222
-16.6504  2.51327  1.25664  -0.00349191  0.0591277
-7.22566  2.51327  1.25664  -0.0170017  0.130166
-5.34071  2.51327  1.25664  -0.0294032  0.170458
-4.08407  2.51327  1.25664  -0.0471384  0.214266
-2.82743  2.51327  1.25664  -0.0877284  0.286807
-2.19911  2.51327  1.25664  -0.131227  0.343014
-1.5708  2.51327  1.25664  -0.216505  0.419777
-0.942478  2.51327  1.25664  -0.409947  0.505315
-0.314159  2.51327  1.25664  -0.847642  0.397901
0.314159  2.51327  1.25664  -0.847628  -0.397913
0.942478  2.51327  1.25664  -0.40994  -0.505314
1.5708  2.51327  1.25664  -0.216501  -0.419775
2.19911  2.51327  1.25664  -0.131225  -0.343012
2.82743  2.51327  1.25664  -0.0877276  -0.286806
4.08407  2.51327  1.25664  -0.047138  -0.214266
7.22566  2.51327  1.25664  -0.0170016  -0.130166
14.7655  2.51327  1.25664  -0.00440748  -0.0664294
-16.6504  2.51327  1.88496  -0.0077007  0.0583169
-7.22566  2.51327  1.88496  -0.0356215  0.121976
-5.34071  2.51327  1.88496  -0.0589336  0.152784
-4.08407  2.51327  1.88496  -0.0890003  0.180839
-2.82743  2.51327  1.88496  -0.146331  0.213574
-2.19911  2.51327  1.88496  -0.194646  0.22678
-1.5708  2.51327  1.88496  -0.263863  0.227275
-0.942478  2.51327  1.88496  -0.355389  0.193028
-0.314159  2.51327  1.88496  -0.442309  0.0898915
0.314159  2.51327  1.88496  -0.442307  -0.0898956
0.942478  2.51327  1.88496  -0.355386  -0.19303
1.5708  2.51327  1.88496  -0.263861  -0.227275
2.19911  2.51327  1.88496  -0.194644  -0.226779
2.82743  2.51327  1.88496  -0.14633  -0.213574
4.08407  2.51327  1.88496  -0.0889997  -0.180839
7.22566  2.51327  1.88496  -0.0356213  -0.121976
14.7655  2.51327  1.88496  -0.009685  -0.0652847
-16.6504  2.51327  2.51327  -0.010939  0.0572433
-7.22566  2.51327  2.51327  -0.047465  0.112314
-5.34071  2.51327  2.51327  -0.074699  0.133806
-4.08407  2.51327  2.51327  -0.106166  0.149003
-2.82743  2.51327  2.51327  -0.156996  0.158112
-2.19911  2.51327  2.51327  -0.192528  0.154596
-1.5708  2.51327  2.51327  -0.234694  0.139011
-0.942478  2.51327  2.51327  -0.278758  0.103639
-0.314159  2.51327  2.51327  -0.31171  0.0421925
0.314159  2.51327  2.51327  -0.311709  -0.0421948
0.942478  2.51327  2.51327  -0.278757  -0.103641
1.5708  2.51327  2.51327  -0.234693  -0.139011
2.19911  2.51327  2.51327  -0.192527  -0.154597
2.82743  2.51327  2.51327  -0.156995  -0.158112
4.08407  2.51327  2.51327  -0.106166  -0.149003
7.22566  2.51327  2.51327  -0.0474648  -0.112314
14.7655  2.51327  2.51327  -0.0136929  -0.0637815
-16.6504  2.51327  3.14159  -0.0121232  0.0567435
-7.22566  2.51327  3.14159  -0.0511291  0.108214
-5.34071  2.51327  3.14159  -0.0788331  0.126299
-4.08407  2.51327  3.14159  -0.109488  0.137419
-2.82743  2.51327  3.14159  -0.156174  0.140601
-2.19911  2.51327  3.14159  -0.186897  0.134092
-1.5708  2.51327  3.14159  -0.22148  0.117095
-0.942478  2.51327  3.14159  -0.255568  0.0846144
-0.314159  2.51327  3.14159  -0.279544  0.0339956
0.314159  2.51327  3.14159  -0.279544  -0.0339975
0.942478  2.51327  3.14159  -0.255567  -0.0846158
1.5708  2.51327  3.14159  -0.221479  -0.117096
2.19911  2.51327  3.14159  -0.186896  -0.134093
2.82743  2.51327  3.14159  -0.156173  -0.140601
4.08407  2.51327  3.14159  -0.109487  -0.137419
7.22566  2.51327  3.14159  -0.0511289  -0.108214
14.7655  2.51327  3.14159  -0.0151421  -0.0630867
-16.6504  2.51327  3.76991  -0.010939  0.0572433
-7.22566  2.51327  3.76991  -0.047465  0.112314
-5.34071  2.51327  3.76991  -0.074699  0.133806
-4.08407  2.51327  3.76991  -0.106166  0.149003
-2.82743  2.51327  3.76991  -0.156996  0.158112
-2.19911  2.51327  3.76991  -0.192528  0.154596
-1.5708  2.51327  3.76991  -0.234694  0.139011
-0.942478  2.51327  3.76991  -0.278758  0.103639
-0.314159  2.51327  3.76991  -0.31171  0.0421925
0.314159  2.51327  3.76991  -0.311709  -0.0421948
0.942478  2.51327  3.76991  -0.278757  -0.103641
1.5708  2.51327  3.76991  -0.234693  -0.139011
2.19911  2.51327  3.76991  -0.192527  -0.154597
2.82743  2.51327  3.76991  -0.156995  -0.158112
4.08407  2.51327  3.76991  -0.106166  -0.149003
7.22566  2.51327  3.76991  -0.0474648  -0.112314
14.7655  2.51327  3.76991  -0.0136929  -0.0637815
-16.6504  2.51327  4.39823  -0.0077007  0.0583169
-7.22566  2.51327  4.39823  -0.0356215  0.121976
-5.34071  2.51327  4.39823  -0.0589336  0.152784
-4.08407  2.51327  4.39823  -0.0890003  0.180839
-2.82743  2.51327  4.39823  -0.146331  0.213574
-2.19911  2.51327  4.39823  -0.194646  0.22678
-1.5708  2.51327  4.39823  -0.263863  0.227275
-0.942478  2.51327  4.39823  -0.355389  0.193028
-0.314159  2.51327  4.39823  -0.442309  0.0898915
0.314159  2.51327  4.39823  -0.442307  -0.0898956
0.942478  2.51327  4.39823  -0.355386  -0.19303
1.5708  2.51327  4.39823  -0.263861  -0.227275
2.19911  2.51327  4.39823  -0.194644  -0.226779
2.82743  2.51327  4.39823  -0.14633  -0.213574
4.08407  2.51327  4.39823  -0.0889997  -0.180839
7.22566  2.51327  4.39823  -0.0356213  -0.121976
14.7655  2.51327  4.39823  -0.009685  -0.0652847
-16.6504  2.51327  5.02655  -0.00349191  0.0591277
-7.22566  2.51327  5.02655  -0.0170017  0.130166
-5.34071  2.51327  5.02655  -0.0294032  0.170458
-4.08407  2.51327  5.02655  -0.0471384  0.214266
-2.82743  2.51327  5.02655  -0.0877284  0.286807
-2.19911  2.51327  5.02655  -0.131227  0.343014
-1.5708  2.51327  5.02655  -0.216505  0.419777
-0.942478  2.51327  5.02655  -0.409947  0.505315
-0.314159  2.51327  5.02655  -0.847642  0.397901
0.314159  2.51327  5.02655  -0.847628  -0.397913
0.942478  2.51327  5.02655  -0.40994  -0.505314
1.5708  2.51327  5.02655  -0.216501  -0.419775
2.19911  2.51327  5.02655  -0.131225  -0.343012
2.82743  2.51327  5.02655  -0.0877276  -0.286806
4.08407  2.51327  5.02655  -0.047138  -0.214266
7.22566  2.51327  5.02655  -0.0170016  -0.130166
14.7655  2.51327  5.02655  -0.00440748  -0.0664294
-16.6504  2.51327  5.65487  -9.09894e-09  0.0593342
-7.22566  2.51327  5.65487  -7.19208e-08  0.132393
-5.34071  2.51327  5.65487  -2.37866e-08  0.175541
-4.08407  2.51327  5.65487  -1.29092e-07  0.224636
-2.82743  2.51327  5.65487  -3.59828e-07  0.3135
-2.19911  2.51327  5.65487  -5.84128e-07  0.392745
-1.5708  2.51327  5.65487  -1.12582e-06  0.529845
-0.942478  2.51327  5.65487  -2.99823e-06  0.831194
-0.314159  2.51327  5.65487  -2.17646e-05  2.09957
0.314159  2.51327  5.65487  -2.01507e-05  -2.09949
0.942478  2.51327  5.65487  -2.7104e-06  -0.831182
1.5708  2.51327  5.65487  -1.00353e-06  -0.52984
2.19911  2.51327  5.65487  -5.08447e-07  -0.392743
2.82743  2.51327  5.65487  -2.98363e-07  -0.313499
4.08407  2.51327  5.65487  -1.31875e-07  -0.224636
7.22566  2.51327  5.65487  -4.69514e-08  -0.132393
14.7655  2.51327  5.65487  -9.01293e-09  -0.0667222
-16.6504  2.51327  6.28319  0.00133783  0.0593041
-7.22566  2.51327  6.28319  0.00658967  0.132067
-5.34071  2.51327  6.28319  0.011516  0.174787
-4.08407  2.51327  6.28319  0.0187358  0.223064
-2.82743  2.51327  6.28319  0.0360611  0.309241
-2.19911  2.51327  6.28319  0.0559623  0.384403
-1.5708  2.51327  6.28319  0.099634  0.509611
-0.942478  2.51327  6.28319  0.230608  0.757246
-0.314159  2.51327  6.28319  1.01322  1.31693
0.314159  2.51327  6.28319  1.01318  -1.31691
0.942478  2.51327  6.28319  0.230603  -0.757238
1.5708  2.51327  6.28319  0.0996326  -0.509607
2.19911  2.51327  6.28319  0.0559618  -0.384401
2.82743  2.51327  6.28319  0.0360609  -0.30924
4.08407  2.51327  6.28319  0.0187357  -0.223063
7.22566  2.51327  6.28319  0.00658966  -0.132067
14.7655  2.51327  6.28319  0.00168995  -0.0666796
-16.6504  3.14159  0  -9.10135e-09  0.0593344
-7.22566  3.14159  0  -7.13229e-08  0.132399
-5.34071  3.14159  0  -2.26076e-08  0.175552
-4.08407  3.14159  0  -1.28222e-07  0.224643
-2.82743  3.14159  0  -3.57045e-07  0.313407
-2.19911  3.14159  0  -5.78251e-07  0.392391
-1.5708  3.14159  0  -1.11155e-06  0.528469
-0.942478  3.14159  0  -2.94551e-06  0.824156
-0.314159  3.14159  0  -2.05202e-05  2.00446
0.314159  3.14159  0  -1.89325e-05  -2.00438
0.942478  3.14159  0  -2.65316e-06  -0.824145
1.5708  3.14159  0  -9.88531e-07  -0.528465
2.19911  3.14159  0  -5.01559e-07  -0.392389
2.82743  3.14159  0  -2.93405e-07  -0.313406
4.08407  3.14159  0  -1.31772e-07  -0.224642
7.22566  3.14159  0  -4.69852e-08  -0.132399
14.7655  3.14159  0  -8.98285e-09  -0.0667226
-16.6504  3.14159  0.628319  -0.00133785  0.0593041
-7.22566  3.14159  0.628319  -0.00658981  0.132067
-5.34071  3.14159  0.628319  -0.011516  0.174787
-4.08407  3.14159  0.628319  -0.018736  0.223064
-2.82743  3.14159  0.628319  -0.0360618  0.309241
-2.19911  3.14159  0.628319  -0.0559635  0.384403
-1.5708  3.14159  0.628319  -0.0996361  0.50961
-0.942478  3.14159  0.628319  -0.230613  0.757243
-0.314159  3.14159  0.628319  -1.01323  1.3169
0.314159  3.14159  0.628319  -1.01318  -1.31689
0.942478  3.14159  0.628319  -0.230607  -0.757234
1.5708  3.14159  0.628319  -0.0996343  -0.509606
2.19911  3.14159  0.628319  -0.0559627  -0.384401
2.82743  3.14159  0.628319  -0.0360614  -0.30924
4.08407  3.14159  0.628319  -0.0187359  -0.223063
7.22566  3.14159  0.628319  -0.00658976  -0.132067
14.7655  3.14159  0.628319  -0.00168997  -0.0666795
-16.6504  3.14159  1.25664  -0.00481054  0.0589414
-7.22566  3.14159  1.25664  -0.0231433  0.12821
-5.34071  3.14159  1.25664  -0.0395939  0.166092
-4.08407  3.14159  1.25664  -0.0625144  0.205626
-2.82743  3.14159  1.25664  -0.112452  0.26607
-2.19911  3.14159  1.25664  -0.162403  0.307271
-1.5708  3.14159  1.25664  -0.25106  0.352365
-0.942478  3.14159  1.25664  -0.416458  0.371199
-0.314159  3.14159  1.25664  -0.671199  0.22766
0.314159  3.14159  1.25664  -0.671193  -0.227669
0.942478  3.14159  1.25664  -0.416452  -0.3712
1.5708  3.14159  1.25664  -0.251056  -0.352364
2.19911  3.14159  1.25664  -0.162402  -0.30727
2.82743  3.14159  1.25664  -0.112451  -0.266069
4.08407  3.14159  1.25664  -0.062514  -0.205625
7.22566  3.14159  1.25664  -0.0231431  -0.12821
14.7655  3.14159  1.25664  -0.00606686  -0.0661656
-16.6504  3.14159  1.88496  -0.00895921  0.0579486
-7.22566  3.14159  1.88496  -0.0405256  0.118522
-5.34071  3.14159  1.88496  -0.0658395  0.145779
-4.08407  3.14159  1.88496  -0.0971803  0.168635
-2.82743  3.14159  1.88496  -0.153194  0.190917
-2.19911  3.14159  1.88496  -0.196947  0.195884
-1.5708  3.14159  1.88496  -0.254752  0.18723
-0.942478  3.14159  1.88496  -0.323498  0.149738
-0.314159  3.14159  1.88496  -0.382069  0.0647808
0.314159  3.14159  1.88496  -0.382068  -0.064784
0.942478  3.14159  1.88496  -0.323495  -0.14974
1.5708  3.14159  1.88496  -0.25475  -0.187231
2.19911  3.14159  1.88496  -0.196945  -0.195884
2.82743  3.14159  1.88496  -0.153193  -0.190917
4.08407  3.14159  1.88496  -0.0971797  -0.168635
7.22566  3.14159  1.88496  -0.0405254  -0.118521
14.7655  3.14159  1.88496  -0.0112496  -0.0647675
-16.6504  3.14159  2.51327  -0.0121232  0.0567435
-7.22566  3.14159  2.51327  -0.0511291  0.108214
-5.34071  3.14159  2.51327  -0.0788331  0.126299
-4.08407  3.14159  2.51327  -0.109488  0.137419
-2.82743  3.14159  2.51327  -0.156174  0.140601
-2.19911  3.14159  2.51327  -0.186897  0.134092
-1.5708  3.14159  2.51327  -0.22148  0.117095
-0.942478  3.14159  2.51327  -0.255568  0.0846144
-0.314159  3.14159  2.51327  -0.279544  0.0339956
0.314159  3.14159  2.51327  -0.279544  -0.0339975
0.942478  3.14159  2.51327  -0.255567  -0.0846158
1.5708  3.14159  2.51327  -0.221479  -0.117096
2.19911  3.14159  2.51327  -0.186896  -0.134093
2.82743  3.14159  2.51327  -0.156173  -0.140601
4.08407  3.14159  2.51327  -0.109487  -0.137419
7.22566  3.14159  2.51327  -0.0511289  -0.108214
14.7655  3.14159  2.51327  -0.0151421  -0.0630867
-16.6504  3.14159  3.14159  -0.013274  0.0561983
-7.22566  3.14159  3.14159  -0.0543208  0.103995
-5.34071  3.14159  3.14159  -0.0820414  0.118887
-4.08407  3.14159  3.14159  -0.111434  0.126488
-2.82743  3.14159  3.14159  -0.153806  0.125174
-2.19911  3.14159  3.14159  -0.180222  0.116833
-1.5708  3.14159  3.14159  -0.208643  0.0995974
-0.942478  3.14159  3.14159  -0.235345  0.0702867
-0.314159  3.14159  3.14159  -0.253448  0.0273984
0.314159  3.14159  3.14159  -0.253447  -0.0274
0.942478  3.14159  3.14159  -0.235344  -0.070288
1.5708  3.14159  3.14159  -0.208642  -0.0995982
2.19911  3.14159  3.14159  -0.180222  -0.116834
2.82743  3.14159  3.14159  -0.153805  -0.125174
4.08407  3.14159  3.14159  -0.111434  -0.126488
7.22566  3.14159  3.14159  -0.0543205  -0.103995
14.7655  3.14159  3.14159  -0.0165401  -0.0623321
-16.6504  3.14159  3.76991  -0.0121232  0.0567435
-7.22566  3.14159  3.76991  -0.0511291  0.108214
-5.34071  3.14159  3.76991  -0.0788331  0.126299
-4.08407  3.14159  3.76991  -0.109488  0.137419
-2.82743  3.14159  3.76991  -0.156174  0.140601
-2.19911  3.14159  3.76991  -0.186897  0.134092
-1.5708  3.14159  3.76991  -0.22148  0.117095
-0.942478  3.14159  3.76991  -0.255568  0.0846144
-0.314159  3.14159  3.76991  -0.279544  0.0339956
0.314159  3.14159  3.76991  -0.279544  -0.0339975
0.942478  3.14159  3.76991  -0.255567  -0.0846158
1.5708  3.14159  3.76991  -0.221479  -0.117096
2.19911  3.14159  3.76991  -0.186896  -0.134093
2.82743  3.14159  3.76991  -0.156173  -0.140601
4.08407  3.14159  3.76991  -0.109487  -0.137419
7.22566  3.14159  3.76991  -0.0511289  -0.108214
14.7655  3.14159  3.76991  -0.0151421  -0.0630867
-16.6504  3.14159  4.39823  -0.00895921  0.0579486
-7.22566  3.14159  4.39823  -0.0405256  0.118522
-5.34071  3.14159  4.39823  -0.0658395  0.145779
-4.08407  3.14159  4.39823  -0.0971803  0.168635
-2.82743  3.14159  4.39823  -0.153194  0.190917
-2.19911  3.14159  4.39823  -0.196947  0.195884
-1.5708  3.14159  4.39823  -0.254752  0.18723
-0.942478  3.14159  4.39823  -0.323498  0.149738
-0.314159  3.14159  4.39823  -0.382069  0.0647808
0.314159  3.14159  4.39823  -0.382068  -0.064784
0.942478  3.14159  4.39823  -0.323495  -0.14974
1.5708  3.14159  4.39823  -0.25475  -0.187231
2.19911  3.14159  4.39823  -0.196945  -0.195884
2.82743  3.14159  4.39823  -0.153193  -0.190917
4.08407  3.14159  4.39823  -0.0971797  -0.168635
7.22566  3.14159  4.39823  -0.0405254  -0.118521
14.7655  3.14159  4.39823  -0.0112496  -0.0647675
-16.6504  3.14159  5.02655  -0.00481054  0.0589414
-7.22566  3.14159  5.02655  -0.0231433  0.12821
-5.34071  3.14159  5.02655  -0.0395939  0.166092
-4.08407  3.14159  5.02655  -0.0625144  0.205626
-2.82743  3.14159  5.02655  -0.112452  0.26607
-2.19911  3.14159  5.02655  -0.162403  0.307271
-1.5708  3.14159  5.02655  -0.25106  0.352365
-0.942478  3.14159  5.02655  -0.416458  0.371199
-0.314159  3.14159  5.02655  -0.671199  0.22766
0.314159  3.14159  5.02655  -0.671193  -0.227669
0.942478  3.14159  5.02655  -0.416452  -0.3712
1.5708  3.14159  5.02655  -0.251056  -0.352364
2.19911  3.14159  5.02655  -0.162402  -0.30727
2.82743  3.14159  5.02655  -0.112451  -0.266069
4.08407  3.14159  5.02655  -0.062514  -0.205625
7.22566  3.14159  5.02655  -0.0231431  -0.12821
14.7655  3.14159  5.02655  -0.00606686  -0.0661656
-16.6504  3.14159  5.65487  -0.00133785  0.0593041
-7.22566  3.14159  5.65487  -0.00658981  0.132067
-5.34071  3.14159  5.65487  -0.011516  0.174787
-4.08407  3.14159  5.65487  -0.018736  0.223064
-2.82743  3.14159  5.65487  -0.0360618  0.309241
-2.19911  3.14159  5.65487  -0.0559635  0.384403
-1.5708  3.14159  5.65487  -0.0996361  0.50961
-0.942478  3.14159  5.65487  -0.230613  0.757243
-0.314159  3.14159  5.65487  -1.01323  1.3169
0.314159  3.14159  5.65487  -1.01318  -1.31689
0.942478  3.14159  5.65487  -0.230607  -0.757234
1.5708  3.14159  5.65487  -0.0996343  -0.509606
2.19911  3.14159  5.65487  -0.0559627  -0.384401
2.82743  3.14159  5.65487  -0.0360614  -0.30924
4.08407  3.14159  5.65487  -0.0187359  -0.223063
7.22566  3.14159  5.65487  -0.00658976  -0.132067
14.7655  3.14159  5.65487  -0.00168997  -0.0666795
-16.6504  3.14159  6.28319  -9.10135e-09  0.0593344
-7.22566  3.14159  6.28319  -7.13229e-08  0.132399
-5.34071  3.14159  6.28319  -2.26076e-08  0.175552
-4.08407  3.14159  6.28319  -1.28222e-07  0.224643
-2.82743  3.14159  6.28319  -3.57045e-07  0.313407
-2.19911  3.14159  6.28319  -5.78251e-07  0.392391
-1.5708  3.14159  6.28319  -1.11155e-06  0.528469
-0.942478  3.14159  6.28319  -2.94551e-06  0.824156
-0.314159  3.14159  6.28319  -2.05202e-05  2.00446
0.314159  3.14159  6.28319  -1.89325e-05  -2.00438
0.942478  3.14159  6.28319  -2.65316e-06  -0.824145
1.5708  3.14159  6.28319  -9.88531e-07  -0.528465
2.19911  3.14159  6.28319  -5.01559e-07  -0.392389
2.82743  3.14159  6.28319  -2.93405e-07  -0.313406
4.08407  3.14159  6.28319  -1.31772e-07  -0.224642
7.22566  3.14159  6.28319  -4.69852e-08  -0.132399
14.7655  3.14159  6.28319  -8.98285e-09  -0.0667226
-16.6504  3.76991  0  0.00133783  0.0593041
-7.22566  3.76991  0  0.00658967  0.132067
-5.34071  3.76991  0  0.011516  0.174787
-4.08407  3.76991  0  0.0187358  0.223064
-2.82743  3.76991  0  0.0360611  0.309241
-2.19911  3.76991  0  0.0559623  0.384403
-1.5708  3.76991  0  0.099634  0.509611
-0.942478  3.76991  0  0.230608  0.757246
-0.314159  3.76991  0  1.01322  1.31693
0.314159  3.76991  0  1.01318  -1.31691
0.942478  3.76991  0  0.230603  -0.757238
1.5708  3.76991  0  0.0996326  -0.509607
2.19911  3.76991  0  0.0559618  -0.384401
2.82743  3.76991  0  0.0360609  -0.30924
4.08407  3.76991  0  0.0187357  -0.223063
7.22566  3.76991  0  0.00658966  -0.132067
14.7655  3.76991  0  0.00168995  -0.0666796
-16.6504  3.76991  0.628319  -9.09894e-09  0.0593342
-7.22566  3.76991  0.628319  -7.19208e-08  0.132393
-5.34071  3.76991  0.628319  -2.37866e-08  0.175541
-4.08407  3.76991  0.628319  -1.29092e-07  0.224636
-2.82743  3.76991  0.628319  -3.59828e-07  0.3135
-2.19911  3.76991  0.628319  -5.84128e-07  0.392745
-1.5708  3.76991  0.628319  -1.12582e-06  0.529845
-0.942478  3.76991  0.628319  -2.99823e-06  0.831194
-0.314159  3.76991  0.628319  -2.17646e-05  2.09957
0.314159  3.76991  0.628319  -2.01507e-05  -2.09949
0.942478  3.76991  0.628319  -2.7104e-06  -0.831182
1.5708  3.76991  0.628319  -1.00353e-06  -0.52984
2.19911  3.76991  0.628319  -5.08447e-07  -0.392743
2.82743  3.76991  0.628319  -2.98363e-07  -0.313499
4.08407  3.76991  0.628319  -1.31875e-07  -0.224636
7.22566  3.76991  0.628319  -4.69514e-08  -0.132393
14.7655  3.76991  0.628319  -9.01293e-09  -0.0667222
-16.6504  3.76991  1.25664  -0.00349191  0.0591277
-7.22566  3.76991  1.25664  -0.0170017  0.130166
-5.34071  3.76991  1.25664  -0.0294032  0.170458
-4.08407  3.76991  1.25664  -0.0471384  0.214266
-2.82743  3.76991  1.25664  -0.0877284  0.286807
-2.19911  3.76991  1.25664  -0.131227  0.343014
-1.5708  3.76991  1.25664  -0.216505  0.419777
-0.942478  3.76991  1.25664  -0.409947  0.505315
-0.314159  3.76991  1.25664  -0.847642  0.397901
0.314159  3.76991  1.25664  -0.847628  -0.397913
0.942478  3.76991  1.25664  -0.40994  -0.505314
1.5708  3.76991  1.25664  -0.216501  -0.419775
2.19911  3.76991  1.25664  -0.131225  -0.343012
2.82743  3.76991  1.25664  -0.0877276  -0.286806
4.08407  3.76991  1.25664  -0.047138  -0.214266
7.22566  3.76991  1.25664  -0.0170016  -0.130166
14.7655  3.76991  1.25664  -0.00440748  -0.0664294
-16.6504  3.76991  1.88496  -0.0077007  0.0583169
-7.22566  3.76991  1.88496  -0.0356215  0.121976
-5.34071  3.76991  1.88496  -0.0589336  0.152784
-4.08407  3.76991  1.88496  -0.0890003  0.180839
-2.82743  3.76991  1.88496  -0.146331  0.213574
-2.19911  3.76991  1.88496  -0.194646  0.22678
-1.5708  3.76991  1.88496  -0.263863  0.227275
-0.942478  3.76991  1.88496  -0.355389  0.193028
-0.314159  3.76991  1.88496  -0.442309  0.0898915
0.314159  3.76991  1.88496  -0.442307  -0.0898956
0.942478  3.76991  1.88496  -0.355386  -0.19303
1.5708  3.76991  1.88496  -0.263861  -0.227275
2.19911  3.76991  1.88496  -0.194644  -0.226779
2.82743  3.76991  1.88496  -0.14633  -0.213574
4.08407  3.76991  1.88496  -0.0889997  -0.180839
7.22566  3.76991  1.88496  -0.0356213  -0.121976
14.7655  3.76991  1.88496  -0.009685  -0.0652847
-16.6504  3.76991  2.51327  -0.010939  0.0572433
-7.22566  3.76991  2.51327  -0.047465  0.112314
-5.34071  3.76991  2.51327  -0.074699  0.133806
-4.08407  3.76991  2.51327  -0.106166  0.149003
-2.82743  3.76991  2.51327  -0.156996  0.158112
-2.19911  3.76991  2.51327  -0.192528  0.154596
-1.5708  3.76991  2.51327  -0.234694  0.139011
-0.942478  3.76991  2.51327  -0.278758  0.103639
-0.314159  3.76991  2.51327  -0.31171  0.0421925
0.314159  3.76991  2.51327  -0.311709  -0.0421948
0.942478  3.76991  2.51327  -0.278757  -0.103641
1.5708  3.76991  2.51327  -0.234693  -0.139011
2.19911  3.76991  2.51327  -0.192527  -0.154597
2.82743  3.76991  2.51327  -0.156995  -0.158112
4.08407  3.76991  2.51327  -0.106166  -0.149003
7.22566  3.76991  2.51327  -0.0474648  -0.112314
14.7655  3.76991  2.51327  -0.0136929  -0.0637815
-16.6504  3.76991  3.14159  -0.0121232  0.0567435
-7.22566  3.76991  3.14159  -0.0511291  0.108214
-5.34071  3.76991  3.14159  -0.0788331  0.126299
-4.08407  3.76991  3.14159  -0.109488  0.137419
-2.82743  3.76991  3.14159  -0.156174  0.140601
-2.19911  3.76991  3.14159  -0.186897  0.134092
-1.5708  3.76991  3.14159  -0.22148  0.117095
-0.942478  3.76991  3.14159  -0.255568  0.0846144
-0.314159  3.76991  3.14159  -0.279544  0.0339956
0.314159  3.76991  3.14159  -0.279544  -0.0339975
0.942478  3.76991  3.14159  -0.255567  -0.0846158
1.5708  3.76991  3.14159  -0.221479  -0.117096
2.19911  3.76991  3.14159  -0.186896  -0.134093
2.82743  3.76991  3.14159  -0.156173  -0.140601
4.08407  3.76991  3.14159  -0.109487  -0.137419
7.22566  3.76991  3.14159  -0.0511289  -0.108214
14.7655  3.76991  3.14159  -0.0151421  -0.0630867
-16.6504  3.76991  3.76991  -0.010939  0.0572433
-7.22566  3.76991  3.76991  -0.047465  0.112314
-5.34071  3.76991  3.76991  -0.074699  0.133806
-4.08407  3.76991  3.76991  -0.106166  0.149003
-2.82743  3.76991  3.76991  -0.156996  0.158112
-2.19911  3.76991  3.76991  -0.192528  0.154596
-1.5708  3.76991  3.76991  -0.234694  0.139011
-0.942478  3.76991  3.76991  -0.278758  0.103639
-0.314159  3.76991  3.76991  -0.31171  0.0421925
0.314159  3.76991  3.76991  -0.311709  -0.0421948
0.942478  3.76991  3.76991  -0.278757  -0.103641
1.5708  3.76991  3.76991  -0.234693  -0.139011
2.19911  3.76991  3.76991  -0.192527  -0.154597
2.82743  3.76991  3.76991  -0.156995  -0.158112
4.08407  3.76991  3.76991  -0.106166  -0.149003
7.22566  3.76991  3.76991  -0.0474648  -0.112314
14.7655  3.76991  3.76991  -0.0136929  -0.0637815
-16.6504  3.76991  4.39823  -0.0077007  0.0583169
-7.22566  3.76991  4.39823  -0.0356215  0.121976
-5.34071  3.76991  4.39823  -0.0589336  0.152784
-4.08407  3.76991  4.39823  -0.0890003  0.180839
-2.82743  3.76991  4.39823  -0.146331  0.213574
-2.19911  3.76991  4.39823  -0.194646  0.22678
-1.5708  3.76991  4.39823  -0.263863  0.227275
-0.942478  3.76991  4.39823  -0.355389  0.193028
-0.314159  3.76991  4.39823  -0.442309  0.0898915
0.314159  3.76991  4.39823  -0.442307  -0.0898956
0.942478  3.76991  4.39823  -0.355386  -0.19303
1.5708  3.76991  4.39823  -0.263861  -0.227275
2.19911  3.76991  4.39823  -0.194644  -0.226779
2.82743  3.76991  4.39823  -0.14633  -0.213574
4.08407  3.76991  4.39823  -0.0889997  -0.180839
7.22566  3.76991  4.39823  -0.0356213  -0.121976
14.7655  3.76991  4.39823  -0.009685  -0.0652847
-16.6504  3.76991  5.02655  -0.00349191  0.0591277
-7.22566  3.76991  5.02655  -0.0170017  0.130166
-5.34071  3.76991  5.02655  -0.0294032  0.170458
-4.08407  3.76991  5.02655  -0.0471384  0.214266
-2.82743  3.76991  5.02655  -0.0877284  0.286807
-2.19911  3.76991  5.02655  -0.131227  0.343014
-1.5708  3.76991  5.02655  -0.216505  0.419777
-0.942478  3.76991  5.02655  -0.409947  0.505315
-0.314159  3.76991  5.02655  -0.847642  0.397901
0.314159  3.76991  5.02655  -0.847628  -0.397913
0.942478  3.76991  5.02655  -0.40994  -0.505314
1.5708  3.76991  5.02655  -0.216501  -0.419775
2.19911  3.76991  5.02655  -0.131225  -0.343012
2.82743  3.76991  5.02655  -0.0877276  -0.286806
4.08407  3.76991  5.02655  -0.047138  -0.214266
7.22566  3.76991  5.02655  -0.0170016  -0.130166
14.7655  3.76991  5.02655  -0.00440748  -0.0664294
-16.6504  3.76991  5.65487  -9.09894e-09  0.0593342
-7.22566  3.76991  5.65487  -7.19208e-08  0.132393
-5.34071  3.76991  5.65487  -2.37866e-08  0.175541
-4.08407  3.76991  5.65487  -1.29092e-07  0.224636
-2.82743  3.76991  5.65487  -3.59828e-07  0.3135
-2.19911  3.76991  5.65487  -5.84128e-07  0.392745
-1.5708  3.76991  5.65487  -1.12582e-06  0.529845
-0.942478  3.76991  5.65487  -2.99823e-06  0.831194
-0.314159  3.76991  5.65487  -2.17646e-05  2.09957
0.314159  3.76991  5.65487  -2.01507e-05  -2.09949
0.942478  3.76991  5.65487  -2.7104e-06  -0.831182
1.5708  3.76991  5.65487  -1.00353e-06  -0.52984
2.19911  3.76991  5.65487  -5.08447e-07  -0.392743
2.82743  3.76991  5.65487  -2.98363e-07  -0.313499
4.08407  3.76991  5.65487  -1.31875e-07  -0.224636
7.22566  3.76991  5.65487  -4.69514e-08  -0.132393
14.7655  3.76991  5.65487  -9.01293e-09  -0.0667222
-16.6504  3.76991  6.28319  0.00133783  0.0593041
-7.22566  3.76991  6.28319  0.00658967  0.132067
-5.34071  3.76991  6.28319  0.011516  0.174787
-4.08407  3.76991  6.28319  0.0187358  0.223064
-2.82743  3.76991  6.28319  0.0360611  0.309241
-2.19911  3.76991  6.28319  0.0559623  0.384403
-1.5708  3.76991  6.28319  0.099634  0.509611
-0.942478  3.76991  6.28319  0.230608  0.757246
-0.314159  3.76991  6.28319  1.01322  1.31693
0.314159  3.76991  6.28319  1.01318  -1.31691
0.942478  3.76991  6.28319  0.230603  -0.757238
1.5708  3.76991  6.28319  0.0996326  -0.509607
2.19911  3.76991  6.28319  0.0559618  -0.384401
2.82743  3.76991  6.28319  0.0360609  -0.30924
4.08407  3.76991  6.28319  0.0187357  -0.223063
7.22566  3.76991  6.28319  0.00658966  -0.132067
14.7655  3.76991  6.28319  0.00168995  -0.0666796
-16.6504  4.39823  0  0.00481052  0.0589414
-7.22566  4.39823  0  0.0231431  0.12821
-5.34071  4.39823  0  0.0395938  0.166091
-4.08407  4.39823  0  0.0625142  0.205626
-2.82743  4.39823  0  0.112451  0.26607
-2.19911  4.39823  0  0.162403  0.307271
-1.5708  4.39823  0  0.251059  0.352366
-0.942478  4.39823  0  0.416457  0.371202
-0.314159  4.39823  0  0.671202  0.227664
0.314159  4.39823  0  0.671197  -0.22767
0.942478  4.39823  0  0.416453  -0.371202
1.5708  4.39823  0  0.251057  -0.352366
2.19911  4.39823  0  0.162401  -0.30727
2.82743  4.39823  0  0.112451  -0.266069
4.08407  4.39823  0  0.0625139  -0.205625
7.22566  4.39823  0  0.0231431  -0.12821
14.7655  4.39823  0  0.00606685  -0.0661657
-16.6504  4.39823  0.628319  0.00349189  0.0591277
-7.22566  4.39823  0.628319  0.0170016  0.130166
-5.34071  4.39823  0.628319  0.0294031  0.170458
-4.08407  4.39823  0.628319  0.0471381  0.214266
-2.82743  4.39823  0.628319  0.0877278  0.286808
-2.19911  4.39823  0.628319  0.131226  0.343014
-1.5708  4.39823  0.628319  0.216503  0.419778
-0.942478  4.39823  0.628319  0.409946  0.505319
-0.314159  4.39823  0.628319  0.847646  0.397908
0.314159  4.39823  0.628319  0.847635  -0.397917
0.942478  4.39823  0.628319  0.40994  -0.505317
1.5708  4.39823  0.628319  0.216501  -0.419776
2.19911  4.39823  0.628319  0.131225  -0.343013
2.82743  4.39823  0.628319  0.0877272  -0.286807
4.08407  4.39823  0.628319  0.0471379  -0.214266
7.22566  4.39823  0.628319  0.0170015  -0.130166
14.7655  4.39823  0.628319  0.00440746  -0.0664294
-16.6504  4.39823  1.25664  -9.08736e-09  0.0593338
-7.22566  4.39823  1.25664  -7.29935e-08  0.132384
-5.34071  4.39823  1.25664  -2.55684e-08  0.175527
-4.08407  4.39823  1.25664  -1.29273e-07  0.224646
-2.82743  4.39823  1.25664  -3.59947e-07  0.313741
-2.19911  4.39823  1.25664  -5.83314e-07  0.393495
-1.5708  4.39823  1.25664  -1.12044e-06  0.532234
-0.942478  4.39823  1.25664  -2.98242e-06  0.839969
-0.314159  4.39823  1.25664  -2.21154e-05  2.15131
0.314159  4.39823  1.25664  -2.09697e-05  -2.15123
0.942478  4.39823  1.25664  -2.77193e-06  -0.839958
1.5708  4.39823  1.25664  -1.02255e-06  -0.53223
2.19911  4.39823  1.25664  -5.18229e-07  -0.393493
2.82743  4.39823  1.25664  -3.06493e-07  -0.31374
4.08407  4.39823  1.25664  -1.32803e-07  -0.224646
7.22566  4.39823  1.25664  -4.69589e-08  -0.132384
14.7655  4.39823  1.25664  -9.03663e-09  -0.0667216
-16.6504  4.39823  1.88496  -0.00430815  0.0590193
-7.22566  4.39823  1.88496  -0.0208281  0.129019
-5.34071  4.39823  1.88496  -0.0357967  0.16789
-4.08407  4.39823  1.88496  -0.0568955  0.209171
-2.82743  4.39823  1.88496  -0.103892  0.274477
-2.19911  4.39823  1.88496  -0.152347  0.321487
-1.5708  4.39823  1.88496  -0.241924  0.377978
-0.942478  4.39823  1.88496  -0.421263  0.416959
-0.314159  4.39823  1.88496  -0.732227  0.274161
0.314159  4.39823  1.88496  -0.732219  -0.27417
0.942478  4.39823  1.88496  -0.421256  -0.416959
1.5708  4.39823  1.88496  -0.241921  -0.377977
2.19911  4.39823  1.88496  -0.152345  -0.321486
2.82743  4.39823  1.88496  -0.103891  -0.274476
4.08407  4.39823  1.88496  -0.0568951  -0.20917
7.22566  4.39823  1.88496  -0.020828  -0.129019
14.7655  4.39823  1.88496  -0.00543507  -0.0662758
-16.6504  4.39823  2.51327  -0.0077007  0.0583169
-7.22566  4.39823  2.51327  -0.0356215  0.121976
-5.34071  4.39823  2.51327  -0.0589336  0.152784
-4.08407  4.39823  2.51327  -0.0890003  0.180839
-2.82743  4.39823  2.51327  -0.146331  0.213574
-2.19911  4.39823  2.51327  -0.194646  0.22678
-1.5708  4.39823  2.51327  -0.263863  0.227275
-0.942478  4.39823  2.51327  -0.355389  0.193028
-0.314159  4.39823  2.51327  -0.442309  0.0898915
0.314159  4.39823  2.51327  -0.442307  -0.0898956
0.942478  4.39823  2.51327  -0.355386  -0.19303
1.5708  4.39823  2.51327  -0.263861  -0.227275
2.19911  4.39823  2.51327  -0.194644  -0.226779
2.82743  4.39823  2.51327  -0.14633  -0.213574
4.08407  4.39823  2.51327  -0.0889997  -0.180839
7.22566  4.39823  2.51327  -0.0356213  -0.121976
14.7655  4.39823  2.51327  -0.009685  -0.0652847
-16.6504  4.39823  3.14159  -0.00895921  0.0579486
-7.22566  4.39823  3.14159  -0.0405256  0.118522
-5.34071  4.39823  3.14159  -0.0658395  0.145779
-4.08407  4.39823  3.14159  -0.0971803  0.168635
-2.82743  4.39823  3.14159  -0.153194  0.190917
-2.19911  4.39823  3.14159  -0.196947  0.195884
-1.5708  4.39823  3.14159  -0.254752  0.18723
-0.942478  4.39823  3.14159  -0.323498  0.149738
-0.314159  4.39823  3.14159  -0.382069  0.0647808
0.314159  4.39823  3.14159  -0.382068  -0.064784
0.942478  4.39823  3.14159  -0.323495  -0.14974
1.5708  4.39823  3.14159  -0.25475  -0.187231
2.19911  4.39823  3.14159  -0.196945  -0.195884
2.82743  4.39823  3.14159  -0.153193  -0.190917
4.08407  4.39823  3.14159  -0.0971797  -0.168635
7.22566  4.39823  3.14159  -0.0405254  -0.118521
14.7655  4.39823  3.14159  -0.0112496  -0.0647675
-16.6504  4.39823  3.76991  -0.0077007  0.0583169
-7.22566  4.39823  3.76991  -0.0356215  0.121976
-5.34071  4.39823  3.76991  -0.0589336  0.152784
-4.08407  4.39823  3.76991  -0.0890003  0.180839
-2.82743  4.39823  3.76991  -0.146331  0.213574
-2.19911  4.39823  3.76991  -0.194646  0.22678
-1.5708  4.39823  3.76991  -0.263863  0.227275
-0.942478  4.39823  3.76991  -0.355389  0.193028
-0.314159  4.39823  3.76991  -0.442309  0.0898915
0.314159  4.39823  3.76991  -0.442307  -0.0898956
0.942478  4.39823  3.76991  -0.355386  -0.19303
1.5708  4.39823  3.76991  -0.263861  -0.227275
2.19911  4.39823  3.76991  -0.194644  -0.226779
2.82743  4.39823  3.76991  -0.14633  -0.213574
4.08407  4.39823  3.76991  -0.0889997  -0.180839
7.22566  4.39823  3.76991  -0.0356213  -0.121976
14.7655  4.39823  3.76991  -0.009685  -0.0652847
-16.6504  4.39823  4.39823  -0.00430815  0.0590193
-7.22566  4.39823  4.39823  -0.0208281  0.129019
-5.34071  4.39823  4.39823  -0.0357967  0.16789
-4.08407  4.39823  4.39823  -0.0568955  0.209171
-2.82743  4.39823  4.39823  -0.103892  0.274477
-2.19911  4.39823  4.39823  -0.152347  0.321487
-1.5708  4.39823  4.39823  -0.241924  0.377978
-0.942478  4.39823  4.39823  -0.421263  0.416959
-0.314159  4.39823  4.39823  -0.732227  0.274161
0.314159  4.39823  4.39823  -0.732219  -0.27417
0.942478  4.39823  4.39823  -0.421256  -0.416959
1.5708  4.39823  4.39823  -0.241921  -0.377977
2.19911  4.39823  4.39823  -0.152345  -0.321486
2.82743  4.39823  4.39823  -0.103891  -0.274476
4.08407  4.39823  4.39823  -0.0568951  -0.20917
7.22566  4.39823  4.39823  -0.020828  -0.129019
14.7655  4.39823  4.39823  -0.00543507  -0.0662758
-16.6504  4.39823  5.02655  -9.08736e-09  0.0593338
-7.22566  4.39823  5.02655  -7.29935e-08  0.132384
-5.34071  4.39823  5.02655  -2.55684e-08  0.175527
-4.08407  4.39823  5.02655  -1.29273e-07  0.224646
-2.82743  4.39823  5.02655  -3.59947e-07  0.313741
-2.19911  4.39823  5.02655  -5.83314e-07  0.393495
-1.5708  4.39823  5.02655  -1.12044e-06  0.532234
-0.942478  4.39823  5.02655  -2.98242e-06  0.839969
-0.314159  4.39823  5.02655  -2.21154e-05  2.15131
0.314159  4.39823  5.02655  -2.09697e-05  -2.15123
0.942478  4.39823  5.02655  -2.77193e-06  -0.839958
1.5708  4.39823  5.02655  -1.02255e-06  -0.53223
2.19911  4.39823  5.02655  -5.18229e-07  -0.393493
2.82743  4.39823  5.02655  -3.06493e-07  -0.31374
4.08407  4.39823  5.02655  -1.32803e-07  -0.224646
7.22566  4.39823  5.02655  -4.69589e-08  -0.132384
14.7655  4.39823  5.02655  -9.03663e-09  -0.0667216
-16.6504  4.39823  5.65487  0.00349189  0.0591277
-7.22566  4.39823  5.65487  0.0170016  0.130166
-5.34071  4.39823  5.65487  0.0294031  0.170458
-4.08407  4.39823  5.65487  0.0471381  0.214266
-2.82743  4.39823  5.65487  0.0877278  0.286808
-2.19911  4.39823  5.65487  0.131226  0.343014
-1.5708  4.39823  5.65487  0.216503  0.419778
-0.942478  4.39823  5.65487  0.409946  0.505319
-0.314159  4.39823  5.65487  0.847646  0.397908
0.314159  4.39823  5.65487  0.847635  -0.397917
0.942478  4.39823  5.65487  0.40994  -0.505317
1.5708  4.39823  5.65487  0.216501  -0.419776
2.19911  4.39823  5.65487  0.131225  -0.343013
2.82743  4.39823  5.65487  0.0877272  -0.286807
4.08407  4.39823  5.65487  0.0471379  -0.214266
7.22566  4.39823  5.65487  0.0170015  -0.130166
14.7655  4.39823  5.65487  0.00440746  -0.0664294
-16.6504  4.39823  6.28319  0.00481052  0.0589414
-7.22566  4.39823  6.28319  0.0231431  0.12821
-5.34071  4.39823  6.28319  0.0395938  0.166091
-4.08407  4.39823  6.28319  0.0625142  0.205626
-2.82743  4.39823  6.28319  0.112451  0.26607
-2.19911  4.39823  6.28319  0.162403  0.307271
-1.5708  4.39823  6.28319  0.251059  0.352366
-0.942478  4.39823  6.28319  0.416457  0.371202
-0.314159  4.39823  6.28319  0.671202  0.227664
0.314159  4.39823  6.28319  0.671197  -0.22767
0.942478  4.39823  6.28319  0.416453  -0.371202
1.5708  4.39823  6.28319  0.251057  -0.352366
2.19911  4.39823  6.28319  0.162401  -0.30727
2.82743  4.39823  6.28319  0.112451  -0.266069
4.08407  4.39823  6.28319  0.0625139  -0.205625
7.22566  4.39823  6.28319  0.0231431  -0.12821
14.7655  4.39823  6.28319  0.00606685  -0.0661657
-16.6504  5.02655  0  0.00895918  0.0579486
-7.22566  5.02655  0  0.0405255  0.118522
-5.34071  5.02655  0  0.0658393  0.145779
-4.08407  5.02655  0  0.0971801  0.168635
-2.82743  5.02655  0  0.153194  0.190918
-2.19911  5.02655  0  0.196946  0.195884
-1.5708  5.02655  0  0.254752  0.187231
-0.942478  5.02655  0  0.323498  0.149739
-0.314159  5.02655  0  0.38207  0.0647819
0.314159  5.02655  0  0.382069  -0.0647837
0.942478  5.02655  0  0.323497  -0.14974
1.5708  5.02655  0  0.254751  -0.187232
2.19911  5.02655  0  0.196946  -0.195884
2.82743  5.02655  0  0.153193  -0.190918
4.08407  5.02655  0  0.0971798  -0.168635
7.22566  5.02655  0  0.0405254  -0.118521
14.7655  5.02655  0  0.0112496  -0.0647675
-16.6504  5.02655  0.628319  0.00770067  0.0583169
-7.22566  5.02655  0.628319  0.0356214  0.121976
-5.34071  5.02655  0.628319  0.0589335  0.152784
-4.08407  5.02655  0.628319  0.089  0.180839
-2.82743  5.02655  0.628319  0.14633  0.213574
-2.19911  5.02655  0.628319  0.194646  0.22678
-1.5708  5.02655  0.628319  0.263863  0.227276
-0.942478  5.02655  0.628319  0.355389  0.19303
-0.314159  5.02655  0.628319  0.442311  0.089893
0.314159  5.02655  0.628319  0.442309  -0.0898955
0.942478  5.02655  0.628319  0.355387  -0.193031
1.5708  5.02655  0.628319  0.263861  -0.227276
2.19911  5.02655  0.628319  0.194645  -0.22678
2.82743  5.02655  0.628319  0.14633  -0.213574
4.08407  5.02655  0.628319  0.0889997  -0.180839
7.22566  5.02655  0.628319  0.0356213  -0.121976
14.7655  5.02655  0.628319  0.00968499  -0.0652847
-16.6504  5.02655  1.25664  0.00430813  0.0590193
-7.22566  5.02655  1.25664  0.020828  0.129019
-5.34071  5.02655  1.25664  0.0357967  0.16789
-4.08407  5.02655  1.25664  0.0568952  0.209171
-2.82743  5.02655  1.25664  0.103891  0.274477
-2.19911  5.02655  1.25664  0.152346  0.321488
-1.5708  5.02655  1.25664  0.241923  0.377979
-0.942478  5.02655  1.25664  0.421262  0.416962
-0.314159  5.02655  1.25664  0.732231  0.274166
0.314159  5.02655  1.25664  0.732224  -0.274173
0.942478  5.02655  1.25664  0.421257  -0.416962
1.5708  5.02655  1.25664  0.241921  -0.377978
2.19911  5.02655  1.25664  0.152345  -0.321487
2.82743  5.02655  1.25664  0.103891  -0.274476
4.08407  5.02655  1.25664  0.056895  -0.20917
7.22566  5.02655  1.25664  0.0208279  -0.129019
14.7655  5.02655  1.25664  0.00543505  -0.0662758
-16.6504  5.02655  1.88496  -9.08736e-09  0.0593338
-7.22566  5.02655  1.88496  -7.29935e-08  0.132384
-5.34071  5.02655  1.88496  -2.55684e-08  0.175527
-4.08407  5.02655  1.88496  -1.29273e-07  0.224646
-2.82743  5.02655  1.88496  -3.59947e-07  0.313741
-2.19911  5.02655  1.88496  -5.83314e-07  0.393495
-1.5708  5.02655  1.88496  -1.12044e-06  0.532234
-0.942478  5.02655  1.88496  -2.98242e-06  0.839969
-0.314159  5.02655  1.88496  -2.21154e-05  2.15131
0.314159  5.02655  1.88496  -2.09697e-05  -2.15123
0.942478  5.02655  1.88496  -2.77193e-06  -0.839958
1.5708  5.02655  1.88496  -1.02255e-06  -0.53223
2.19911  5.02655  1.88496  -5.18229e-07  -0.393493
2.82743  5.02655  1.88496  -3.06493e-07  -0.31374
4.08407  5.02655  1.88496  -1.32803e-07  -0.224646
7.22566  5.02655  1.88496  -4.69589e-08  -0.132384
14.7655  5.02655  1.88496  -9.03663e-09  -0.0667216
-16.6504  5.02655  2.51327  -0.00349191  0.0591277
-7.22566  5.02655  2.51327  -0.0170017  0.130166
-5.34071  5.02655  2.51327  -0.0294032  0.170458
-4.08407  5.02655  2.51327  -0.0471384  0.214266
-2.82743  5.02655  2.51327  -0.0877284  0.286807
-2.19911  5.02655  2.51327  -0.131227  0.343014
-1.5708  5.02655  2.51327  -0.216505  0.419777
-0.942478  5.02655  2.51327  -0.409947  0.505315
-0.314159  5.02655  2.51327  -0.847642  0.397901
0.314159  5.02655  2.51327  -0.847628  -0.397913
0.942478  5.02655  2.51327  -0.40994  -0.505314
1.5708  5.02655  2.51327  -0.216501  -0.419775
2.19911  5.02655  2.51327  -0.131225  -0.343012
2.82743  5.02655  2.51327  -0.0877276  -0.286806
4.08407  5.02655  2.51327  -0.047138  -0.214266
7.22566  5.02655  2.51327  -0.0170016  -0.130166
14.7655  5.02655  2.51327  -0.00440748  -0.0664294
-16.6504  5.02655  3.14159  -0.00481054  0.0589414
-7.22566  5.02655  3.14159  -0.0231433  0.12821
-5.34071  5.02655  3.14159  -0.0395939  0.166092
-4.08407  5.02655  3.14159  -0.0625144  0.205626
-2.82743  5.02655  3.14159  -0.112452  0.26607
-2.19911  5.02655  3.14159  -0.162403  0.307271
-1.5708  5.02655  3.14159  -0.25106  0.352365
-0.942478  5.02655  3.14159  -0.416458  0.371199
-0.314159  5.02655  3.14159  -0.671199  0.22766
0.314159  5.02655  3.14159  -0.671193  -0.227669
0.942478  5.02655  3.14159  -0.416452  -0.3712
1.5708  5.02655  3.14159  -0.251056  -0.352364
2.19911  5.02655  3.14159  -0.162402  -0.30727
2.82743  5.02655  3.14159  -0.112451  -0.266069
4.08407  5.02655  3.14159  -0.062514  -0.205625
7.22566  5.02655  3.14159  -0.0231431  -0.12821
14.7655  5.02655  3.14159  -0.00606686  -0.0661656
-16.6504  5.02655  3.76991  -0.00349191  0.0591277
-7.22566  5.02655  3.76991  -0.0170017  0.130166
-5.34071  5.02655  3.76991  -0.0294032  0.170458
-4.08407  5.02655  3.76991  -0.0471384  0.214266
-2.82743  5.02655  3.76991  -0.0877284  0.286807
-2.19911  5.02655  3.76991  -0.131227  0.343014
-1.5708  5.02655  3.76991  -0.216505  0.419777
-0.942478  5.02655  3.76991  -0.409947  0.505315
-0.314159  5.02655  3.76991  -0.847642  0.397901
0.314159  5.02655  3.76991  -0.847628  -0.397913
0.942478  5.02655  3.76991  -0.40994  -0.505314
1.5708  5.02655  3.76991  -0.216501  -0.419775
2.19911  5.02655  3.76991  -0.131225  -0.343012
2.82743  5.02655  3.76991  -0.0877276  -0.286806
4.08407  5.02655  3.76991  -0.047138  -0.214266
7.22566  5.02655  3.76991  -0.0170016  -0.130166
14.7655  5.02655  3.76991  -0.00440748  -0.0664294
-16.6504  5.02655  4.39823  -9.08736e-09  0.0593338
-7.22566  5.02655  4.39823  -7.29935e-08  0.132384
-5.34071  5.02655  4.39823  -2.55684e-08  0.175527
-4.08407  5.02655  4.39823  -1.29273e-07  0.224646
-2.82743  5.02655  4.39823  -3.59947e-07  0.313741
-2.19911  5.02655  4.39823  -5.83314e-07  0.393495
-1.5708  5.02655  4.39823  -1.12044e-06  0.532234
-0.942478  5.02655  4.39823  -2.98242e-06  0.839969
-0.314159  5.02655  4.39823  -2.21154e-05  2.15131
0.314159  5.02655  4.39823  -2.09697e-05  -2.15123
0.942478  5.02655  4.39823  -2.77193e-06  -0.839958
1.5708  5.02655  4.39823  -1.02255e-06  -0.53223
2.19911  5.02655  4.39823  -5.18229e-07  -0.393493
2.82743  5.02655  4.39823  -3.06493e-07  -0.31374
4.08407  5.02655  4.39823  -1.32803e-07  -0.224646
7.22566  5.02655  4.39823  -4.69589e-08  -0.132384
14.7655  5.02655  4.39823  -9.03663e-09  -0.0667216
-16.6504  5.02655  5.02655  0.00430813  0.0590193
-7.22566  5.02655  5.02655  0.020828  0.129019
-5.34071  5.02655  5.02655  0.0357967  0.16789
-4.08407  5.02655  5.02655  0.0568952  0.209171
-2.82743  5.02655  5.02655  0.103891  0.274477
-2.19911  5.02655  5.02655  0.152346  0.321488
-1.5708  5.02655  5.02655  0.241923  0.377979
-0.942478  5.02655  5.02655  0.421262  0.416962
-0.314159  5.02655  5.02655  0.732231  0.274166
0.314159  5.02655  5.02655  0.732224  -0.274173
0.942478  5.02655  5.02655  0.421257  -0.416962
1.5708  5.02655  5.02655  0.241921  -0.377978
2.19911  5.02655  5.02655  0.152345  -0.321487
2.82743  5.02655  5.02655  0.103891  -0.274476
4.08407  5.02655  5.02655  0.056895  -0.20917
7.22566  5.02655  5.02655  0.0208279  -0.129019
14.7655  5.02655  5.02655  0.00543505  -0.0662758
-16.6504  5.02655  5.65487  0.00770067  0.0583169
-7.22566  5.02655  5.65487  0.0356214  0.121976
-5.34071  5.02655  5.65487  0.0589335  0.152784
-4.08407  5.02655  5.65487  0.089  0.180839
-2.82743  5.02655  5.65487  0.14633  0.213574
-2.19911  5.02655  5.65487  0.194646  0.22678
-1.5708  5.02655  5.65487  0.263863  0.227276
-0.942478  5.02655  5.65487  0.355389  0.19303
-0.314159  5.02655  5.65487  0.442311  0.089893
0.314159  5.02655  5.65487  0.442309  -0.0898955
0.942478  5.02655  5.65487  0.355387  -0.193031
1.5708  5.02655  5.65487  0.263861  -0.227276
2.19911  5.02655  5.65487  0.194645  -0.22678
2.82743  5.02655  5.65487  0.14633  -0.213574
4.08407  5.02655  5.65487  0.0889997  -0.180839
7.22566  5.02655  5.65487  0.0356213  -0.121976
14.7655  5.02655  5.65487  0.00968499  -0.0652847
-16.6504  5.02655  6.28319  0.00895918  0.0579486
-7.22566  5.02655  6.28319  0.0405255  0.118522
-5.34071  5.02655  6.28319  0.0658393  0.145779
-4.08407  5.02655  6.28319  0.0971801  0.168635
-2.82743  5.02655  6.28319  0.153194  0.190918
-2.19911  5.02655  6.28319  0.196946  0.195884
-1.5708  5.02655  6.28319  0.254752  0.187231
-0.942478  5.02655  6.28319  0.323498  0.149739
-0.314159  5.02655  6.28319  0.38207  0.0647819
0.314159  5.02655  6.28319  0.382069  -0.0647837
0.942478  5.02655  6.28319  0.323497  -0.14974
1.5708  5.02655  6.28319  0.254751  -0.187232
2.19911  5.02655  6.28319  0.196946  -0.195884
2.82743  5.02655  6.28319  0.153193  -0.190918
4.08407  5.02655  6.28319  0.0971798  -0.168635
7.22566  5.02655  6.28319  0.0405254  -0.118521
14.7655  5.02655  6.28319  0.0112496  -0.0647675
-16.6504  5.65487  0  0.0121232  0.0567435
-7.22566  5.65487  0  0.051129  0.108214
-5.34071  5.65487  0  0.0788329  0.126299
-4.08407  5.65487  0  0.109487  0.137419
-2.82743  5.65487  0  0.156173  0.140601
-2.19911  5.65487  0  0.186897  0.134093
-1.5708  5.65487  0  0.22148  0.117096
-0.942478  5.65487  0  0.255568  0.0846152
-0.314159  5.65487  0  0.279545  0.0339963
0.314159  5.65487  0  0.279545  -0.0339972
0.942478  5.65487  0  0.255568  -0.0846157
1.5708  5.65487  0  0.221479  -0.117096
2.19911  5.65487  0  0.186897  -0.134093
2.82743  5.65487  0  0.156173  -0.140601
4.08407  5.65487  0  0.109487  -0.137419
7.22566  5.65487  0  0.0511289  -0.108214
14.7655  5.65487  0  0.0151421  -0.0630867
-16.6504  5.65487  0.628319  0.0109389  0.0572432
-7.22566  5.65487  0.628319  0.0474649  0.112314
-5.34071  5.65487  0.628319  0.0746989  0.133806
-4.08407  5.65487  0.628319  0.106166  0.149003
-2.82743  5.65487  0.628319  0.156995  0.158112
-2.19911  5.65487  0.628319  0.192528  0.154597
-1.5708  5.65487  0.628319  0.234694  0.139011
-0.942478  5.65487  0.628319  0.278758  0.10364
-0.314159  5.65487  0.628319  0.311711  0.0421933
0.314159  5.65487  0.628319  0.31171  -0.0421944
0.942478  5.65487  0.628319  0.278758  -0.103641
1.5708  5.65487  0.628319  0.234693  -0.139012
2.19911  5.65487  0.628319  0.192527  -0.154597
2.82743  5.65487  0.628319  0.156995  -0.158112
4.08407  5.65487  0.628319  0.106166  -0.149003
7.22566  5.65487  0.628319  0.0474648  -0.112314
14.7655  5.65487  0.628319  0.0136929  -0.0637816
-16.6504  5.65487  1.25664  0.00770067  0.0583169
-7.22566  5.65487  1.25664  0.0356214  0.121976
-5.34071  5.65487  1.25664  0.0589335  0.152784
-4.08407  5.65487  1.25664  0.089  0.180839
-2.82743  5.65487  1.25664  0.14633  0.213574
-2.19911  5.65487  1.25664  0.194646  0.22678
-1.5708  5.65487  1.25664  0.263863  0.227276
-0.942478  5.65487  1.25664  0.355389  0.19303
-0.314159  5.65487  1.25664  0.442311  0.089893
0.314159  5.65487  1.25664  0.442309  -0.0898955
0.942478  5.65487  1.25664  0.355387  -0.193031
1.5708  5.65487  1.25664  0.263861  -0.227276
2.19911  5.65487  1.25664  0.194645  -0.22678
2.82743  5.65487  1.25664  0.14633  -0.213574
4.08407  5.65487  1.25664  0.0889997  -0.180839
7.22566  5.65487  1.25664  0.0356213  -0.121976
14.7655  5.65487  1.25664  0.00968499  -0.0652847
-16.6504  5.65487  1.88496  0.00349189  0.0591277
-7.22566  5.65487  1.88496  0.0170016  0.130166
-5.34071  5.65487  1.88496  0.0294031  0.170458
-4.08407  5.65487  1.88496  0.0471381  0.214266
-2.82743  5.65487  1.88496  0.0877278  0.286808
-2.19911  5.65487  1.88496  0.131226  0.343014
-1.5708  5.65487  1.88496  0.216503  0.419778
-0.942478  5.65487  1.88496  0.409946  0.505319
-0.314159  5.65487  1.88496  0.847646  0.397908
0.314159  5.65487  1.88496  0.847635  -0.397917
0.942478  5.65487  1.88496  0.40994  -0.505317
1.5708  5.65487  1.88496  0.216501  -0.419776
2.19911  5.65487  1.88496  0.131225  -0.343013
2.82743  5.65487  1.88496  0.0877272  -0.286807
4.08407  5.65487  1.88496  0.0471379  -0.214266
7.22566  5.65487  1.88496  0.0170015  -0.130166
14.7655  5.65487  1.88496  0.00440746  -0.0664294
-16.6504  5.65487  2.51327  -9.09894e-09  0.0593342
-7.22566  5.65487  2.51327  -7.19208e-08  0.132393
-5.34071  5.65487  2.51327  -2.37866e-08  0.175541
-4.08407  5.65487  2.51327  -1.29092e-07  0.224636
-2.82743  5.65487  2.51327  -3.59828e-07  0.3135
-2.19911  5.65487  2.51327  -5.84128e-07  0.392745
-1.5708  5.65487  2.51327  -1.12582e-06  0.529845
-0.942478  5.65487  2.51327  -2.99823e-06  0.831194
-0.314159  5.65487  2.51327  -2.17646e-05  2.09957
0.314159  5.65487  2.51327  -2.01507e-05  -2.09949
0.942478  5.65487  2.51327  -2.7104e-06  -0.831182
1.5708  5.65487  2.51327  -1.00353e-06  -0.52984
2.19911  5.65487  2.51327  -5.08447e-07  -0.392743
2.82743  5.65487  2.51327  -2.98363e-07  -0.313499
4.08407  5.65487  2.51327  -1.31875e-07  -0.224636
7.22566  5.65487  2.51327  -4.69514e-08  -0.132393
14.7655  5.65487  2.51327  -9.01293e-09  -0.0667222
-16.6504  5.65487  3.14159  -0.00133785  0.0593041
-7.22566  5.65487  3.14159  -0.00658981  0.132067
-5.34071  5.65487  3.14159  -0.011516  0.174787
-4.08407  5.65487  3.14159  -0.018736  0.223064
-2.82743  5.65487  3.14159  -0.0360618  0.309241
-2.19911  5.65487  3.14159  -0.0559635  0.384403
-1.5708  5.65487  3.14159  -0.0996361  0.50961
-0.942478  5.65487  3.14159  -0.230613  0.757243
-0.314159  5.65487  3.14159  -1.01323  1.3169
0.314159  5.65487  3.14159  -1.01318  -1.31689
0.942478  5.65487  3.14159  -0.230607  -0.757234
1.5708  5.65487  3.14159  -0.0996343  -0.509606
2.19911  5.65487  3.14159  -0.0559627  -0.384401
2.82743  5.65487  3.14159  -0.0360614  -0.30924
4.08407  5.65487  3.14159  -0.0187359  -0.223063
7.22566  5.65487  3.14159  -0.00658976  -0.132067
14.7655  5.65487  3.14159  -0.00168997  -0.0666795
-16.6504  5.65487  3.76991  -9.09894e-09  0.0593342
-7.22566  5.65487  3.76991  -7.19208e-08  0.132393
-5.34071  5.65487  3.76991  -2.37866e-08  0.175541
-4.08407  5.65487  3.76991  -1.29092e-07  0.224636
-2.82743  5.65487  3.76991  -3.59828e-07  0.3135
-2.19911  5.65487  3.76991  -5.84128e-07  0.392745
-1.5708  5.65487  3.76991  -1.12582e-06  0.529845
-0.942478  5.65487  3.76991  -2.99823e-06  0.831194
-0.314159  5.65487  3.76991  -2.17646e-05  2.09957
0.314159  5.65487  3.76991  -2.01507e-05  -2.09949
0.942478  5.65487  3.76991  -2.7104e-06  -0.831182
1.5708  5.65487  3.76991  -1.00353e-06  -0.52984
2.19911  5.65487  3.76991  -5.08447e-07  -0.392743
2.82743  5.65487  3.76991  -2.98363e-07  -0.313499
4.08407  5.65487  3.76991  -1.31875e-07  -0.224636
7.22566  5.65487  3.76991  -4.69514e-08  -0.132393
14.7655  5.65487  3.76991  -9.01293e-09  -0.0667222
-16.6504  5.65487  4.39823  0.00349189  0.0591277
-7.22566  5.65487  4.39823  0.0170016  0.130166
-5.34071  5.65487  4.39823  0.0294031  0.170458
-4.08407  5.65487  4.39823  0.0471381  0.214266
-2.82743  5.65487  4.39823  0.0877278  0.286808
-2.19911  5.65487  4.39823  0.131226  0.343014
-1.5708  5.65487  4.39823  0.216503  0.419778
-0.942478  5.65487  4.39823  0.409946  0.505319
-0.314159  5.65487  4.39823  0.847646  0.397908
0.314159  5.65487  4.39823  0.847635  -0.397917
0.942478  5.65487  4.39823  0.40994  -0.505317
1.5708  5.65487  4.39823  0.216501  -0.419776
2.19911  5.65487  4.39823  0.131225  -0.343013
2.82743  5.65487  4.39823  0.0877272  -0.286807
4.08407  5.65487  4.39823  0.0471379  -0.214266
7.22566  5.65487  4.39823  0.0170015  -0.130166
14.7655  5.65487  4.39823  0.00440746  -0.0664294
-16.6504  5.65487  5.02655  0.00770067  0.0583169
-7.22566  5.65487  5.02655  0.0356214  0.121976
-5.34071  5.65487  5.02655  0.0589335  0.152784
-4.08407  5.65487  5.02655  0.089  0.180839
-2.82743  5.65487  5.02655  0.14633  0.213574
-2.19911  5.65487  5.02655  0.194646  0.22678
-1.5708  5.65487  5.02655  0.263863  0.227276
-0.942478  5.65487  5.02655  0.355389  0.19303
-0.314159  5.65487  5.02655  0.442311  0.089893
0.314159  5.65487  5.02655  0.442309  -0.0898955
0.942478  5.65487  5.02655  0.355387  -0.193031
1.5708  5.65487  5.02655  0.263861  -0.227276
2.19911  5.65487  5.02655  0.194645  -0.22678
2.82743  5.65487  5.02655  0.14633  -0.213574
4.08407  5.65487  5.02655  0.0889997  -0.180839
7.22566  5.65487  5.02655  0.0356213  -0.121976
14.7655  5.65487  5.02655  0.00968499  -0.0652847
-16.6504  5.65487  5.65487  0.0109389  0.0572432
-7.22566  5.65487  5.65487  0.0474649  0.112314
-5.34071  5.65487  5.65487  0.0746989  0.133806
-4.08407  5.65487  5.65487  0.106166  0.149003
-2.82743  5.65487  5.65487  0.156995  0.158112
-2.19911  5.65487  5.65487  0.192528  0.154597
-1.5708  5.65487  5.65487  0.234694  0.139011
-0.942478  5.65487  5.65487  0.278758  0.10364
-0.314159  5.65487  5.65487  0.311711  0.0421933
0.314159  5.65487  5.65487  0.31171  -0.0421944
0.942478  5.65487  5.65487  0.278758  -0.103641
1.5708  5.65487  5.65487  0.234693  -0.139012
2.19911  5.65487  5.65487  0.192527  -0.154597
2.82743  5.65487  5.65487  0.156995  -0.158112
4.08407  5.65487  5.65487  0.106166  -0.149003
7.22566  5.65487  5.65487  0.0474648  -0.112314
14.7655  5.65487  5.65487  0.0136929  -0.0637816
-16.6504  5.65487  6.28319  0.0121232  0.0567435
-7.22566  5.65487  6.28319  0.051129  0.108214
-5.34071  5.65487  6.28319  0.0788329  0.126299
-4.08407  5.65487  6.28319  0.109487  0.137419
-2.82743  5.65487  6.28319  0.156173  0.140601
-2.19911  5.65487  6.28319  0.186897  0.134093
-1.5708  5.65487  6.28319  0.22148  0.117096
-0.942478  5.65487  6.28319  0.255568  0.0846152
-0.314159  5.65487  6.28319  0.279545  0.0339963
0.314159  5.65487  6.28319  0.279545  -0.0339972
0.942478  5.65487  6.28319  0.255568  -0.0846157
1.5708  5.65487  6.28319  0.221479  -0.117096
2.19911  5.65487  6.28319  0.186897  -0.134093
2.82743  5.65487  6.28319  0.156173  -0.140601
4.08407  5.65487  6.28319  0.109487  -0.137419
7.22566  5.65487  6.28319  0.0511289  -0.108214
14.7655  5.65487  6.28319  0.0151421  -0.0630867
-16.6504  6.28319  0  0.013274  0.0561982
-7.22566  6.28319  0  0.0543207  0.103995
-5.34071  6.28319  0  0.0820413  0.118887
-4.08407  6.28319  0  0.111434  0.126488
-2.82743  6.28319  0  0.153806  0.125174
-2.19911  6.28319  0  0.180222  0.116834
-1.5708  6.28319  0  0.208642  0.0995979
-0.942478  6.28319  0  0.235345  0.0702874
-0.314159  6.28319  0  0.253448  0.027399
0.314159  6.28319  0  0.253448  -0.0273997
0.942478  6.28319  0  0.235345  -0.0702878
1.5708  6.28319  0  0.208642  -0.0995982
2.19911  6.28319  0  0.180222  -0.116834
2.82743  6.28319  0  0.153806  -0.125174
4.08407  6.28319  0  0.111434  -0.126488
7.22566  6.28319  0  0.0543206  -0.103995
14.7655  6.28319  0  0.0165401  -0.0623321
-16.6504  6.28319  0.628319  0.0121232  0.0567435
-7.22566  6.28319  0.628319  0.051129  0.108214
-5.34071  6.28319  0.628319  0.0788329  0.126299
-4.08407  6.28319  0.628319  0.109487  0.137419
-2.82743  6.28319  0.628319  0.156173  0.140601
-2.19911  6.28319  0.628319  0.186897  0.134093
-1.5708  6.28319  0.628319  0.22148  0.117096
-0.942478  6.28319  0.628319  0.255568  0.0846152
-0.314159  6.28319  0.628319  0.279545  0.0339963
0.314159  6.28319  0.628319  0.279545  -0.0339972
0.942478  6.28319  0.628319  0.255568  -0.0846157
1.5708  6.28319  0.628319  0.221479  -0.117096
2.19911  6.28319  0.628319  0.186897  -0.134093
2.82743  6.28319  0.628319  0.156173  -0.140601
4.08407  6.28319  0.628319  0.109487  -0.137419
7.22566  6.28319  0.628319  0.0511289  -0.108214
14.7655  6.28319  0.628319  0.0151421  -0.0630867
-16.6504  6.28319  1.25664  0.00895918  0.0579486
-7.22566  6.28319  1.25664  0.0405255  0.118522
-5.34071  6.28319  1.25664  0.0658393  0.145779
-4.08407  6.28319  1.25664  0.0971801  0.168635
-2.82743  6.28319  1.25664  0.153194  0.190918
-2.19911  6.28319  1.25664  0.196946  0.195884
-1.5708  6.28319  1.25664  0.254752  0.187231
-0.942478  6.28319  1.25664  0.323498  0.149739
-0.314159  6.28319  1.25664  0.38207  0.0647819
0.314159  6.28319  1.25664  0.382069  -0.0647837
0.942478  6.28319  1.25664  0.323497  -0.14974
1.5708  6.28319  1.25664  0.254751  -0.187232
2.19911  6.28319  1.25664  0.196946  -0.195884
2.82743  6.28319  1.25664  0.153193  -0.190918
4.08407  6.28319  1.25664  0.0971798  -0.168635
7.22566  6.28319  1.25664  0.0405254  -0.118521
14.7655  6.28319  1.25664  0.0112496  -0.0647675
-16.6504  6.28319  1.88496  0.00481052  0.0589414
-7.22566  6.28319  1.88496  0.0231431  0.12821
-5.34071  6.28319  1.88496  0.0395938  0.166091
-4.08407  6.28319  1.88496  0.0625142  0.205626
-2.82743  6.28319  1.88496  0.112451  0.26607
-2.19911  6.28319  1.88496  0.162403  0.307271
-1.5708  6.28319  1.88496  0.251059  0.352366
-0.942478  6.28319  1.88496  0.416457  0.371202
-0.314159  6.28319  1.88496  0.671202  0.227664
0.314159  6.28319  1.88496  0.671197  -0.22767
0.942478  6.28319  1.88496  0.416453  -0.371202
1.5708  6.28319  1.88496  0.251057  -0.352366
2.19911  6.28319  1.88496  0.162401  -0.30727
2.82743  6.28319  1.88496  0.112451  -0.266069
4.08407  6.28319  1.88496  0.0625139  -0.205625
7.22566  6.28319  1.88496  0.0231431  -0.12821
14.7655  6.28319  1.88496  0.00606685  -0.0661657
-16.6504  6.28319  2.51327  0.00133783  0.0593041
-7.22566  6.28319  2.51327  0.00658967  0.132067
-5.34071  6.28319  2.51327  0.011516  0.174787
-4.08407  6.28319  2.51327  0.0187358  0.223064
-2.82743  6.28319  2.51327  0.0360611  0.309241
-2.19911  6.28319  2.51327  0.0559623  0.384403
-1.5708  6.28319  2.51327  0.099634  0.509611
-0.942478  6.28319  2.51327  0.230608  0.757246
-0.314159  6.28319  2.51327  1.01322  1.31693
0.314159  6.28319  2.51327  1.01318  -1.31691
0.942478  6.28319  2.51327  0.230603  -0.757238
1.5708  6.28319  2.51327  0.0996326  -0.509607
2.19911  6.28319  2.51327  0.0559618  -0.384401
2.82743  6.28319  2.51327  0.0360609  -0.30924
4.08407  6.28319  2.51327  0.0187357  -0.223063
7.22566  6.28319  2.51327  0.00658966  -0.132067
14.7655  6.28319  2.51327  0.00168995  -0.0666796
-16.6504  6.28319  3.14159  -9.10135e-09  0.0593344
-7.22566  6.28319  3.14159  -7.13229e-08  0.132399
-5.34071  6.28319  3.14159  -2.26076e-08  0.175552
-4.08407  6.28319  3.14159  -1.28222e-07  0.224643
-2.82743  6.28319  3.14159  -3.57045e-07  0.313407
-2.19911  6.28319  3.14159  -5.78251e-07  0.392391
-1.5708  6.28319  3.14159  -1.11155e-06  0.528469
-0.942478  6.28319  3.14159  -2.94551e-06  0.824156
-0.314159  6.28319  3.14159  -2.05202e-05  2.00446
0.314159  6.28319  3.14159  -1.89325e-05  -2.00438
0.942478  6.28319  3.14159  -2.65316e-06  -0.824145
1.5708  6.28319  3.14159  -9.88531e-07  -0.528465
2.19911  6.28319  3.14159  -5.01559e-07  -0.392389
2.82743  6.28319  3.14159  -2.93405e-07  -0.313406
4.08407  6.28319  3.14159  -1.31772e-07  -0.224642
7.22566  6.28319  3.14159  -4.69852e-08  -0.132399
14.7655  6.28319  3.14159  -8.98285e-09  -0.0667226
-16.6504  6.28319  3.76991  0.00133783  0.0593041
-7.22566  6.28319  3.76991  0.00658967  0.132067
-5.34071  6.28319  3.76991  0.011516  0.174787
-4.08407  6.28319  3.76991  0.0187358  0.223064
-2.82743  6.28319  3.76991  0.0360611  0.309241
-2.19911  6.28319  3.76991  0.0559623  0.384403
-1.5708  6.28319  3.76991  0.099634  0.509611
-0.942478  6.28319  3.76991  0.230608  0.757246
-0.314159  6.28319  3.76991  1.01322  1.31693
0.314159  6.28319  3.76991  1.01318  -1.31691
0.942478  6.28319  3.76991  0.230603  -0.757238
1.5708  6.28319  3.76991  0.0996326  -0.509607
2.19911  6.28319  3.76991  0.0559618  -0.384401
2.82743  6.28319  3.76991  0.0360609  -0.30924
4.08407  6.28319  3.76991  0.0187357  -0.223063
7.22566  6.28319  3.76991  0.00658966  -0.132067
14.7655  6.28319  3.76991  0.00168995  -0.0666796
-16.6504  6.28319  4.39823  0.00481052  0.0589414
-7.22566  6.28319  4.39823  0.0231431  0.12821
-5.34071  6.28319  4.39823  0.0395938  0.166091
-4.08407  6.28319  4.39823  0.0625142  0.205626
-2.82743  6.28319  4.39823  0.112451  0.26607
-2.19911  6.28319  4.39823  0.162403  0.307271
-1.5708  6.28319  4.39823  0.251059  0.352366
-0.942478  6.28319  4.39823  0.416457  0.371202
-0.314159  6.28319  4.39823  0.671202  0.227664
0.314159  6.28319  4.39823  0.671197  -0.22767
0.942478  6.28319  4.39823  0.416453  -0.371202
1.5708  6.28319  4.39823  0.251057  -0.352366
2.19911  6.28319  4.39823  0.162401  -0.30727
2.82743  6.28319  4.39823  0.112451  -0.266069
4.08407  6.28319  4.39823  0.0625139  -0.205625
7.22566  6.28319  4.39823  0.0231431  -0.12821
14.7655  6.28319  4.39823  0.00606685  -0.0661657
-16.6504  6.28319  5.02655  0.00895918  0.0579486
-7.22566  6.28319  5.02655  0.0405255  0.118522
-5.34071  6.28319  5.02655  0.0658393  0.145779
-4.08407  6.28319  5.02655  0.0971801  0.168635
-2.82743  6.28319  5.02655  0.153194  0.190918
-2.19911  6.28319  5.02655  0.196946  0.195884
-1.5708  6.28319  5.02655  0.254752  0.187231
-0.942478  6.28319  5.02655  0.323498  0.149739
-0.314159  6.28319  5.02655  0.38207  0.0647819
0.314159  6.28319  5.02655  0.382069  -0.0647837
0.942478  6.28319  5.02655  0.323497  -0.14974
1.5708  6.28319  5.02655  0.254751  -0.187232
2.19911  6.28319  5.02655  0.196946  -0.195884
2.82743  6.28319  5.02655  0.153193  -0.190918
4.08407  6.28319  5.02655  0.0971798  -0.168635
7.22566  6.28319  5.02655  0.0405254  -0.118521
14.7655  6.28319  5.02655  0.0112496  -0.0647675
-16.6504  6.28319  5.65487  0.0121232  0.0567435
-7.22566  6.28319  5.65487  0.051129  0.108214
-5.34071  6.28319  5.65487  0.0788329  0.126299
-4.08407  6.28319  5.65487  0.109487  0.137419
-2.82743  6.28319  5.65487  0.156173  0.140601
-2.19911  6.28319  5.65487  0.186897  0.134093
-1.5708  6.28319  5.65487  0.22148  0.117096
-0.942478  6.28319  5.65487  0.255568  0.0846152
-0.314159  6.28319  5.65487  0.279545  0.0339963
0.314159  6.28319  5.65487  0.279545  -0.0339972
0.942478  6.28319  5.65487  0.255568  -0.0846157
1.5708  6.28319  5.65487  0.221479  -0.117096
2.19911  6.28319  5.65487  0.186897  -0.134093
2.82743  6.28319  5.65487  0.156173  -0.140601
4.08407  6.28319  5.65487  0.109487  -0.137419
7.22566  6.28319  5.65487  0.0511289  -0.108214
14.7655  6.28319  5.65487  0.0151421  -0.0630867
-16.6504  6.28319  6.28319  0.013274  0.0561982
-7.22566  6.28319  6.28319  0.0543207  0.103995
-5.34071  6.28319  6.28319  0.0820413  0.118887
-4.08407  6.28319  6.28319  0.111434  0.126488
-2.82743  6.28319  6.28319  0.153806  0.125174
-2.19911  6.28319  6.28319  0.180222  0.116834
-1.5708  6.28319  6.28319  0.208642  0.0995979
-0.942478  6.28319  6.28319  0.235345  0.0702874
-0.314159  6.28319  6.28319  0.253448  0.027399
0.314159  6.28319  6.28319  0.253448  -0.0273997
0.942478  6.28319  6.28319  0.235345  -0.0702878
1.5708  6.28319  6.28319  0.208642  -0.0995982
2.19911  6.28319  6.28319  0.180222  -0.116834
2.82743  6.28319  6.28319  0.153806  -0.125174
4.08407  6.28319  6.28319  0.111434  -0.126488
7.22566  6.28319  6.28319  0.0543206  -0.103995
14.7655  6.28319  6.28319  0.0165401  -0.0623321
