-16.6504  0  0  0.0191232  0.203435
-7.22566  0  0  0.0539257  0.328974
-5.34071  0  0  0.0679877  0.357233
-4.08407  0  0  0.0785714  0.367106
-2.82743  0  0  0.0888326  0.355643
-2.19911  0  0  0.0931809  0.333581
-1.5708  0  0  0.0965972  0.292539
-0.942478  0  0  0.0988816  0.222618
-0.314159  0  0  0.0999981  0.107451
0.314159  0  0  0.099998  -0.107461
0.942478  0  0  0.0988817  -0.222627
1.5708  0  0  0.0965974  -0.292547
2.19911  0  0  0.0931812  -0.333588
2.82743  0  0  0.088833  -0.35565
4.08407  0  0  0.078573  -0.367112
7.22566  0  0  0.053925  -0.328983
14.7655  0  0  0.0229382  -0.222283
-16.6504  0  0.628319  0.0172238  0.203423
-7.22566  0  0.628319  0.048676  0.32884
-5.34071  0  0.628319  0.0615766  0.35714
-4.08407  0  0.628319  0.0714824  0.367257
-2.82743  0  0.628319  0.0814015  0.356557
-2.19911  0  0.628319  0.0857676  0.335173
-1.5708  0  0.628319  0.0893036  0.294832
-0.942478  0  0.628319  0.0917292  0.225035
-0.314159  0  0.628319  0.0929277  0.11454
0.314159  0  0.628319  0.0929277  -0.114551
0.942478  0  0.628319  0.0917293  -0.225044
1.5708  0  0.628319  0.0893038  -0.294841
2.19911  0  0.628319  0.0857678  -0.335181
2.82743  0  0.628319  0.0814018  -0.356565
4.08407  0  0.628319  0.0714837  -0.367264
7.22566  0  0.628319  0.0486752  -0.328849
14.7655  0  0.628319  0.0206596  -0.222264
-16.6504  0  1.25664  0.01234  0.203377
-7.22566  0  1.25664  0.0350952  0.328446
-5.34071  0  1.25664  0.0448143  0.356823
-4.08407  0  1.25664  0.0526885  0.367542
-2.82743  0  1.25664  0.0613056  0.358887
-2.19911  0  1.25664  0.0655426  0.339612
-1.5708  0  1.25664  0.0693447  0.30238
-0.942478  0  1.25664  0.0722648  0.235898
-0.314159  0  1.25664  0.0738529  0.11722
0.314159  0  1.25664  0.0738527  -0.117233
0.942478  0  1.25664  0.0722647  -0.23591
1.5708  0  1.25664  0.0693447  -0.30239
2.19911  0  1.25664  0.0655427  -0.339621
2.82743  0  1.25664  0.0613057  -0.358896
4.08407  0  1.25664  0.0526894  -0.36755
7.22566  0  1.25664  0.0350944  -0.328457
14.7655  0  1.25664  0.0148015  -0.222196
-16.6504  0  1.88496  0.0064428  0.203303
-7.22566  0  1.88496  0.0184753  0.327908
-5.34071  0  1.88496  0.0238775  0.356322
-4.08407  0  1.88496  0.0285506  0.367671
-2.82743  0  1.88496  0.0342499  0.361382
-2.19911  0  1.88496  0.0374646  0.344727
-1.5708  0  1.88496  0.040787  0.311577
-0.942478  0  1.88496  0.0438529  0.250225
-0.314159  0  1.88496  0.0458237  0.139046
0.314159  0  1.88496  0.0458234  -0.139061
0.942478  0  1.88496  0.0438526  -0.250239
1.5708  0  1.88496  0.0407868  -0.31159
2.19911  0  1.88496  0.0374644  -0.344739
2.82743  0  1.88496  0.0342496  -0.361393
4.08407  0  1.88496  0.0285511  -0.367682
7.22566  0  1.88496  0.0184742  -0.327922
14.7655  0  1.88496  0.00772807  -0.22209
-16.6504  0  2.51327  0.00176574  0.20323
-7.22566  0  2.51327  0.00509419  0.327435
-5.34071  0  2.51327  0.00664587  0.355821
-4.08407  0  2.51327  0.00806109  0.367552
-2.82743  0  2.51327  0.00993538  0.362906
-2.19911  0  2.51327  0.0111036  0.348328
-1.5708  0  2.51327  0.0124453  0.31924
-0.942478  0  2.51327  0.0139357  0.266019
-0.314159  0  2.51327  0.0149783  0.162829
0.314159  0  2.51327  0.0149777  -0.162847
0.942478  0  2.51327  0.0139353  -0.266035
1.5708  0  2.51327  0.0124449  -0.319254
2.19911  0  2.51327  0.0111032  -0.348341
2.82743  0  2.51327  0.00993482  -0.362919
4.08407  0  2.51327  0.00806127  -0.367564
7.22566  0  2.51327  0.00509288  -0.327451
14.7655  0  2.51327  0.00211729  -0.221989
-16.6504  0  3.14159  2.5852e-06  0.203199
-7.22566  0  3.14159  4.06872e-06  0.327245
-5.34071  0  3.14159  7.33572e-07  0.355604
-4.08407  0  3.14159  2.54085e-06  0.367442
-2.82743  0  3.14159  3.635e-06  0.363304
-2.19911  0  3.14159  3.75558e-06  0.349362
-1.5708  0  3.14159  3.98008e-06  0.321462
-0.942478  0  3.14159  4.33652e-06  0.270884
-0.314159  0  3.14159  5.10725e-06  0.184728
0.314159  0  3.14159  4.71245e-06  -0.184748
0.942478  0  3.14159  3.90621e-06  -0.270901
1.5708  0  3.14159  3.53963e-06  -0.321477
2.19911  0  3.14159  3.25753e-06  -0.349376
2.82743  0  3.14159  2.98713e-06  -0.363318
4.08407  0  3.14159  2.61121e-06  -0.367455
7.22566  0  3.14159  2.68035e-06  -0.327261
14.7655  0  3.14159  2.01776e-06  -0.221947
-16.6504  0  3.76991  0.00176574  0.20323
-7.22566  0  3.76991  0.00509419  0.327435
-5.34071  0  3.76991  0.00664587  0.355821
-4.08407  0  3.76991  0.00806109  0.367552
-2.82743  0  3.76991  0.00993538  0.362906
-2.19911  0  3.76991  0.0111036  0.348328
-1.5708  0  3.76991  0.0124453  0.31924
-0.942478  0  3.76991  0.0139357  0.266019
-0.314159  0  3.76991  0.0149783  0.162829
0.314159  0  3.76991  0.0149777  -0.162847
0.942478  0  3.76991  0.0139353  -0.266035
1.5708  0  3.76991  0.0124449  -0.319254
2.19911  0  3.76991  0.0111032  -0.348341
2.82743  0  3.76991  0.00993482  -0.362919
4.08407  0  3.76991  0.00806127  -0.367564
7.22566  0  3.76991  0.00509288  -0.327451
14.7655  0  3.76991  0.00211729  -0.221989
-16.6504  0  4.39823  0.0064428  0.203303
-7.22566  0  4.39823  0.0184753  0.327908
-5.34071  0  4.39823  0.0238775  0.356322
-4.08407  0  4.39823  0.0285506  0.367671
-2.82743  0  4.39823  0.0342499  0.361382
-2.19911  0  4.39823  0.0374646  0.344727
-1.5708  0  4.39823  0.040787  0.311577
-0.942478  0  4.39823  0.0438529  0.250225
-0.314159  0  4.39823  0.0458237  0.139046
0.314159  0  4.39823  0.0458234  -0.139061
0.942478  0  4.39823  0.0438526  -0.250239
1.5708  0  4.39823  0.0407868  -0.31159
2.19911  0  4.39823  0.0374644  -0.344739
2.82743  0  4.39823  0.0342496  -0.361393
4.08407  0  4.39823  0.0285511  -0.367682
7.22566  0  4.39823  0.0184742  -0.327922
14.7655  0  4.39823  0.00772807  -0.22209
-16.6504  0  5.02655  0.01234  0.203377
-7.22566  0  5.02655  0.0350952  0.328446
-5.34071  0  5.02655  0.0448143  0.356823
-4.08407  0  5.02655  0.0526885  0.367542
-2.82743  0  5.02655  0.0613056  0.358887
-2.19911  0  5.02655  0.0655426  0.339612
-1.5708  0  5.02655  0.0693447  0.30238
-0.942478  0  5.02655  0.0722648  0.235898
-0.314159  0  5.02655  0.0738529  0.11722
0.314159  0  5.02655  0.0738527  -0.117233
0.942478  0  5.02655  0.0722647  -0.23591
1.5708  0  5.02655  0.0693447  -0.30239
2.19911  0  5.02655  0.0655427  -0.339621
2.82743  0  5.02655  0.0613057  -0.358896
4.08407  0  5.02655  0.0526894  -0.36755
7.22566  0  5.02655  0.0350944  -0.328457
14.7655  0  5.02655  0.0148015  -0.222196
-16.6504  0  5.65487  0.0172238  0.203423
-7.22566  0  5.65487  0.048676  0.32884
-5.34071  0  5.65487  0.0615766  0.35714
-4.08407  0  5.65487  0.0714824  0.367257
-2.82743  0  5.65487  0.0814015  0.356557
-2.19911  0  5.65487  0.0857676  0.335173
-1.5708  0  5.65487  0.0893036  0.294832
-0.942478  0  5.65487  0.0917292  0.225035
-0.314159  0  5.65487  0.0929277  0.11454
0.314159  0  5.65487  0.0929277  -0.114551
0.942478  0  5.65487  0.0917293  -0.225044
1.5708  0  5.65487  0.0893038  -0.294841
2.19911  0  5.65487  0.0857678  -0.335181
2.82743  0  5.65487  0.0814018  -0.356565
4.08407  0  5.65487  0.0714837  -0.367264
7.22566  0  5.65487  0.0486752  -0.328849
14.7655  0  5.65487  0.0206596  -0.222264
-16.6504  0  6.28319  0.0191232  0.203435
-7.22566  0  6.28319  0.0539257  0.328974
-5.34071  0  6.28319  0.0679877  0.357233
-4.08407  0  6.28319  0.0785714  0.367106
-2.82743  0  6.28319  0.0888326  0.355643
-2.19911  0  6.28319  0.0931809  0.333581
-1.5708  0  6.28319  0.0965972  0.292539
-0.942478  0  6.28319  0.0988816  0.222618
-0.314159  0  6.28319  0.0999981  0.107451
0.314159  0  6.28319  0.099998  -0.107461
0.942478  0  6.28319  0.0988817  -0.222627
1.5708  0  6.28319  0.0965974  -0.292547
2.19911  0  6.28319  0.0931812  -0.333588
2.82743  0  6.28319  0.088833  -0.35565
4.08407  0  6.28319  0.078573  -0.367112
7.22566  0  6.28319  0.053925  -0.328983
14.7655  0  6.28319  0.0229382  -0.222283
-16.6504  0.628319  0  0.0172238  0.203423
-7.22566  0.628319  0  0.048676  0.32884
-5.34071  0.628319  0  0.0615766  0.35714
-4.08407  0.628319  0  0.0714824  0.367257
-2.82743  0.628319  0  0.0814015  0.356557
-2.19911  0.628319  0  0.0857676  0.335173
-1.5708  0.628319  0  0.0893036  0.294832
-0.942478  0.628319  0  0.0917292  0.225035
-0.314159  0.628319  0  0.0929277  0.11454
0.314159  0.628319  0  0.0929277  -0.114551
0.942478  0.628319  0  0.0917293  -0.225044
1.5708  0.628319  0  0.0893038  -0.294841
2.19911  0.628319  0  0.0857678  -0.335181
2.82743  0.628319  0  0.0814018  -0.356565
4.08407  0.628319  0  0.0714837  -0.367264
7.22566  0.628319  0  0.0486752  -0.328849
14.7655  0.628319  0  0.0206596  -0.222264
-16.6504  0.628319  0.628319  0.0153672  0.203414
-7.22566  0.628319  0.628319  0.0435233  0.328729
-5.34071  0.628319  0.628319  0.0552279  0.357049
-4.08407  0.628319  0.628319  0.0643818  0.367347
-2.82743  0.628319  0.628319  0.0738414  0.357292
-2.19911  0.628319  0.628319  0.0781748  0.336628
-1.5708  0.628319  0.628319  0.081809  0.2975
-0.942478  0.628319  0.628319  0.0843861  0.229296
-0.314159  0.628319  0.628319  0.0856862  0.112278
0.314159  0.628319  0.628319  0.0856861  -0.11229
0.942478  0.628319  0.628319  0.0843862  -0.229306
1.5708  0.628319  0.628319  0.0818091  -0.29751
2.19911  0.628319  0.628319  0.078175  -0.336637
2.82743  0.628319  0.628319  0.0738417  -0.3573
4.08407  0.628319  0.628319  0.0643829  -0.367354
7.22566  0.628319  0.628319  0.0435225  -0.328739
14.7655  0.628319  0.628319  0.018433  -0.22225
-16.6504  0.628319  1.25664  0.0105406  0.203379
-7.22566  0.628319  1.25664  0.0300134  0.328403
-5.34071  0.628319  1.25664  0.0383854  0.356755
-4.08407  0.628319  1.25664  0.0452389  0.367482
-2.82743  0.628319  1.25664  0.0528981  0.358979
-2.19911  0.628319  1.25664  0.0567808  0.339956
-1.5708  0.628319  1.25664  0.0603791  0.303213
-0.942478  0.628319  1.25664  0.0632567  0.237687
-0.314159  0.628319  1.25664  0.0648923  0.1271
0.314159  0.628319  1.25664  0.0648922  -0.127113
0.942478  0.628319  1.25664  0.0632566  -0.237699
1.5708  0.628319  1.25664  0.0603791  -0.303225
2.19911  0.628319  1.25664  0.0567808  -0.339967
2.82743  0.628319  1.25664  0.0528981  -0.358989
4.08407  0.628319  1.25664  0.0452397  -0.367491
7.22566  0.628319  1.25664  0.0300124  -0.328415
14.7655  0.628319  1.25664  0.0126435  -0.222197
-16.6504  0.628319  1.88496  0.00467108  0.203318
-7.22566  0.628319  1.88496  0.0133862  0.327965
-5.34071  0.628319  1.88496  0.0172847  0.356343
-4.08407  0.628319  1.88496  0.0206502  0.367565
-2.82743  0.628319  1.88496  0.024756  0.360921
-2.19911  0.628319  1.88496  0.0270845  0.344011
-1.5708  0.628319  1.88496  0.0295137  0.310879
-0.942478  0.628319  1.88496  0.0317825  0.250993
-0.314159  0.628319  1.88496  0.0332889  0.139642
0.314159  0.628319  1.88496  0.0332885  -0.139658
0.942478  0.628319  1.88496  0.0317823  -0.251008
1.5708  0.628319  1.88496  0.0295135  -0.310893
2.19911  0.628319  1.88496  0.0270842  -0.344024
2.82743  0.628319  1.88496  0.0247557  -0.360933
4.08407  0.628319  1.88496  0.0206506  -0.367576
7.22566  0.628319  1.88496  0.013385  -0.327979
14.7655  0.628319  1.88496  0.00560267  -0.222111
-16.6504  0.628319  2.51327  2.58453e-06  0.203255
-7.22566  0.628319  2.51327  4.10319e-06  0.327586
-5.34071  0.628319  2.51327  7.71927e-07  0.355974
-4.08407  0.628319  2.51327  2.55822e-06  0.367569
-2.82743  0.628319  2.51327  3.66117e-06  0.36236
-2.19911  0.628319  2.51327  3.78693e-06  0.347067
-1.5708  0.628319  2.51327  4.01025e-06  0.316549
-0.942478  0.628319  2.51327  4.3397e-06  0.260611
-0.314159  0.628319  2.51327  4.93731e-06  0.162128
0.314159  0.628319  2.51327  4.57154e-06  -0.162147
0.942478  0.628319  2.51327  3.9232e-06  -0.260627
1.5708  0.628319  2.51327  3.5747e-06  -0.316564
2.19911  0.628319  2.51327  3.29632e-06  -0.347082
2.82743  0.628319  2.51327  3.03581e-06  -0.362374
4.08407  0.628319  2.51327  2.6134e-06  -0.367582
7.22566  0.628319  2.51327  2.67866e-06  -0.327603
14.7655  0.628319  2.51327  2.02453e-06  -0.222026
-16.6504  0.628319  3.14159  -0.00176057  0.203228
-7.22566  0.628319  3.14159  -0.00508602  0.327435
-5.34071  0.628319  3.14159  -0.00664436  0.35582
-4.08407  0.628319  3.14159  -0.00805598  0.367551
-2.82743  0.628319  3.14159  -0.00992807  0.362905
-2.19911  0.628319  3.14159  -0.011096  0.348327
-1.5708  0.628319  3.14159  -0.0124373  0.319239
-0.942478  0.628319  3.14159  -0.0139269  0.266018
-0.314159  0.628319  3.14159  -0.0149681  0.162828
0.314159  0.628319  3.14159  -0.0149688  -0.162848
0.942478  0.628319  3.14159  -0.0139274  -0.266035
1.5708  0.628319  3.14159  -0.0124378  -0.319255
2.19911  0.628319  3.14159  -0.0110966  -0.348342
2.82743  0.628319  3.14159  -0.00992881  -0.36292
4.08407  0.628319  3.14159  -0.00805605  -0.367565
7.22566  0.628319  3.14159  -0.00508752  -0.327452
14.7655  0.628319  3.14159  -0.00211325  -0.22199
-16.6504  0.628319  3.76991  2.58453e-06  0.203255
-7.22566  0.628319  3.76991  4.10319e-06  0.327586
-5.34071  0.628319  3.76991  7.71927e-07  0.355974
-4.08407  0.628319  3.76991  2.55822e-06  0.367569
-2.82743  0.628319  3.76991  3.66117e-06  0.36236
-2.19911  0.628319  3.76991  3.78693e-06  0.347067
-1.5708  0.628319  3.76991  4.01025e-06  0.316549
-0.942478  0.628319  3.76991  4.3397e-06  0.260611
-0.314159  0.628319  3.76991  4.93731e-06  0.162128
0.314159  0.628319  3.76991  4.57154e-06  -0.162147
0.942478  0.628319  3.76991  3.9232e-06  -0.260627
1.5708  0.628319  3.76991  3.5747e-06  -0.316564
2.19911  0.628319  3.76991  3.29632e-06  -0.347082
2.82743  0.628319  3.76991  3.03581e-06  -0.362374
4.08407  0.628319  3.76991  2.6134e-06  -0.367582
7.22566  0.628319  3.76991  2.67866e-06  -0.327603
14.7655  0.628319  3.76991  2.02453e-06  -0.222026
-16.6504  0.628319  4.39823  0.00467108  0.203318
-7.22566  0.628319  4.39823  0.0133862  0.327965
-5.34071  0.628319  4.39823  0.0172847  0.356343
-4.08407  0.628319  4.39823  0.0206502  0.367565
-2.82743  0.628319  4.39823  0.024756  0.360921
-2.19911  0.628319  4.39823  0.0270845  0.344011
-1.5708  0.628319  4.39823  0.0295137  0.310879
-0.942478  0.628319  4.39823  0.0317825  0.250993
-0.314159  0.628319  4.39823  0.0332889  0.139642
0.314159  0.628319  4.39823  0.0332885  -0.139658
0.942478  0.628319  4.39823  0.0317823  -0.251008
1.5708  0.628319  4.39823  0.0295135  -0.310893
2.19911  0.628319  4.39823  0.0270842  -0.344024
2.82743  0.628319  4.39823  0.0247557  -0.360933
4.08407  0.628319  4.39823  0.0206506  -0.367576
7.22566  0.628319  4.39823  0.013385  -0.327979
14.7655  0.628319  4.39823  0.00560267  -0.222111
-16.6504  0.628319  5.02655  0.0105406  0.203379
-7.22566  0.628319  5.02655  0.0300134  0.328403
-5.34071  0.628319  5.02655  0.0383854  0.356755
-4.08407  0.628319  5.02655  0.0452389  0.367482
-2.82743  0.628319  5.02655  0.0528981  0.358979
-2.19911  0.628319  5.02655  0.0567808  0.339956
-1.5708  0.628319  5.02655  0.0603791  0.303213
-0.942478  0.628319  5.02655  0.0632567  0.237687
-0.314159  0.628319  5.02655  0.0648923  0.1271
0.314159  0.628319  5.02655  0.0648922  -0.127113
0.942478  0.628319  5.02655  0.0632566  -0.237699
1.5708  0.628319  5.02655  0.0603791  -0.303225
2.19911  0.628319  5.02655  0.0567808  -0.339967
2.82743  0.628319  5.02655  0.0528981  -0.358989
4.08407  0.628319  5.02655  0.0452397  -0.367491
7.22566  0.628319  5.02655  0.0300124  -0.328415
14.7655  0.628319  5.02655  0.0126435  -0.222197
-16.6504  0.628319  5.65487  0.0153672  0.203414
-7.22566  0.628319  5.65487  0.0435233  0.328729
-5.34071  0.628319  5.65487  0.0552279  0.357049
-4.08407  0.628319  5.65487  0.0643818  0.367347
-2.82743  0.628319  5.65487  0.0738414  0.357292
-2.19911  0.628319  5.65487  0.0781748  0.336628
-1.5708  0.628319  5.65487  0.081809  0.2975
-0.942478  0.628319  5.65487  0.0843861  0.229296
-0.314159  0.628319  5.65487  0.0856862  0.112278
0.314159  0.628319  5.65487  0.0856861  -0.11229
0.942478  0.628319  5.65487  0.0843862  -0.229306
1.5708  0.628319  5.65487  0.0818091  -0.29751
2.19911  0.628319  5.65487  0.078175  -0.336637
2.82743  0.628319  5.65487  0.0738417  -0.3573
4.08407  0.628319  5.65487  0.0643829  -0.367354
7.22566  0.628319  5.65487  0.0435225  -0.328739
14.7655  0.628319  5.65487  0.018433  -0.22225
-16.6504  0.628319  6.28319  0.0172238  0.203423
-7.22566  0.628319  6.28319  0.048676  0.32884
-5.34071  0.628319  6.28319  0.0615766  0.35714
-4.08407  0.628319  6.28319  0.0714824  0.367257
-2.82743  0.628319  6.28319  0.0814015  0.356557
-2.19911  0.628319  6.28319  0.0857676  0.335173
-1.5708  0.628319  6.28319  0.0893036  0.294832
-0.942478  0.628319  6.28319  0.0917292  0.225035
-0.314159  0.628319  6.28319  0.0929277  0.11454
0.314159  0.628319  6.28319  0.0929277  -0.114551
0.942478  0.628319  6.28319  0.0917293  -0.225044
1.5708  0.628319  6.28319  0.0893038  -0.294841
2.19911  0.628319  6.28319  0.0857678  -0.335181
2.82743  0.628319  6.28319  0.0814018  -0.356565
4.08407  0.628319  6.28319  0.0714837  -0.367264
7.22566  0.628319  6.28319  0.0486752  -0.328849
14.7655  0.628319  6.28319  0.0206596  -0.222264
-16.6504  1.25664  0  0.01234  0.203377
-7.22566  1.25664  0  0.0350952  0.328446
-5.34071  1.25664  0  0.0448143  0.356823
-4.08407  1.25664  0  0.0526885  0.367542
-2.82743  1.25664  0  0.0613056  0.358887
-2.19911  1.25664  0  0.0655426  0.339612
-1.5708  1.25664  0  0.0693447  0.30238
-0.942478  1.25664  0  0.0722648  0.235898
-0.314159  1.25664  0  0.0738529  0.11722
0.314159  1.25664  0  0.0738527  -0.117233
0.942478  1.25664  0  0.0722647  -0.23591
1.5708  1.25664  0  0.0693447  -0.30239
2.19911  1.25664  0  0.0655427  -0.339621
2.82743  1.25664  0  0.0613057  -0.358896
4.08407  1.25664  0  0.0526894  -0.36755
7.22566  1.25664  0  0.0350944  -0.328457
14.7655  1.25664  0  0.0148015  -0.222196
-16.6504  1.25664  0.628319  0.0105406  0.203379
-7.22566  1.25664  0.628319  0.0300134  0.328403
-5.34071  1.25664  0.628319  0.0383854  0.356755
-4.08407  1.25664  0.628319  0.0452389  0.367482
-2.82743  1.25664  0.628319  0.0528981  0.358979
-2.19911  1.25664  0.628319  0.0567808  0.339956
-1.5708  1.25664  0.628319  0.0603791  0.303213
-0.942478  1.25664  0.628319  0.0632567  0.237687
-0.314159  1.25664  0.628319  0.0648923  0.1271
0.314159  1.25664  0.628319  0.0648922  -0.127113
0.942478  1.25664  0.628319  0.0632566  -0.237699
1.5708  1.25664  0.628319  0.0603791  -0.303225
2.19911  1.25664  0.628319  0.0567808  -0.339967
2.82743  1.25664  0.628319  0.0528981  -0.358989
4.08407  1.25664  0.628319  0.0452397  -0.367491
7.22566  1.25664  0.628319  0.0300124  -0.328415
14.7655  1.25664  0.628319  0.0126435  -0.222197
-16.6504  1.25664  1.25664  0.00581879  0.203373
-7.22566  1.25664  1.25664  0.0166095  0.328275
-5.34071  1.25664  1.25664  0.0213177  0.356582
-4.08407  1.25664  1.25664  0.0252613  0.367365
-2.82743  1.25664  1.25664  0.0298677  0.359304
-2.19911  1.25664  1.25664  0.0323575  0.341011
-1.5708  1.25664  1.25664  0.0348324  0.306009
-0.942478  1.25664  1.25664  0.0369807  0.244369
-0.314159  1.25664  1.25664  0.0382988  0.134315
0.314159  1.25664  1.25664  0.0382985  -0.134331
0.942478  1.25664  1.25664  0.0369805  -0.244383
1.5708  1.25664  1.25664  0.0348322  -0.306022
2.19911  1.25664  1.25664  0.0323573  -0.341024
2.82743  1.25664  1.25664  0.0298674  -0.359315
4.08407  1.25664  1.25664  0.0252617  -0.367376
7.22566  1.25664  1.25664  0.0166083  -0.328289
14.7655  1.25664  1.25664  0.00697964  -0.222188
-16.6504  1.25664  1.88496  2.58127e-06  0.203347
-7.22566  1.25664  1.88496  4.16497e-06  0.328104
-5.34071  1.25664  1.88496  8.29878e-07  0.356415
-4.08407  1.25664  1.88496  2.56159e-06  0.367368
-2.82743  1.25664  1.88496  3.65675e-06  0.359906
-2.19911  1.25664  1.88496  3.76725e-06  0.342214
-1.5708  1.25664  1.88496  3.95534e-06  0.308077
-0.942478  1.25664  1.88496  4.22709e-06  0.248042
-0.314159  1.25664  1.88496  4.77846e-06  0.150673
0.314159  1.25664  1.88496  4.53127e-06  -0.150692
0.942478  1.25664  1.88496  3.92886e-06  -0.248058
1.5708  1.25664  1.88496  3.60982e-06  -0.308092
2.19911  1.25664  1.88496  3.34694e-06  -0.342228
2.82743  1.25664  1.88496  3.11373e-06  -0.35992
4.08407  1.25664  1.88496  2.63155e-06  -0.367381
7.22566  1.25664  1.88496  2.67946e-06  -0.32812
14.7655  1.25664  1.88496  2.02989e-06  -0.222155
-16.6504  1.25664  2.51327  -0.00466591  0.203313
-7.22566  1.25664  2.51327  -0.0133779  0.327963
-5.34071  1.25664  2.51327  -0.0172831  0.356341
-4.08407  1.25664  2.51327  -0.0206451  0.367563
-2.82743  1.25664  2.51327  -0.0247487  0.360919
-2.19911  1.25664  2.51327  -0.0270769  0.344009
-1.5708  1.25664  2.51327  -0.0295057  0.310877
-0.942478  1.25664  2.51327  -0.0317739  0.250991
-0.314159  1.25664  2.51327  -0.0332793  0.13964
0.314159  1.25664  2.51327  -0.0332798  -0.13966
0.942478  1.25664  2.51327  -0.0317744  -0.25101
1.5708  1.25664  2.51327  -0.0295062  -0.310895
2.19911  1.25664  2.51327  -0.0270776  -0.344026
2.82743  1.25664  2.51327  -0.0247495  -0.360935
4.08407  1.25664  2.51327  -0.0206453  -0.367578
7.22566  1.25664  2.51327  -0.0133796  -0.327981
14.7655  1.25664  2.51327  -0.00559862  -0.222112
-16.6504  1.25664  3.14159  -0.00643763  0.203296
-7.22566  1.25664  3.14159  -0.018467  0.327906
-5.34071  1.25664  3.14159  -0.0238759  0.35632
-4.08407  1.25664  3.14159  -0.0285454  0.367669
-2.82743  1.25664  3.14159  -0.0342426  0.36138
-2.19911  1.25664  3.14159  -0.037457  0.344725
-1.5708  1.25664  3.14159  -0.040779  0.311575
-0.942478  1.25664  3.14159  -0.0438442  0.250222
-0.314159  1.25664  3.14159  -0.0458142  0.139043
0.314159  1.25664  3.14159  -0.0458146  -0.139064
0.942478  1.25664  3.14159  -0.0438448  -0.250242
1.5708  1.25664  3.14159  -0.0407796  -0.311593
2.19911  1.25664  3.14159  -0.0374578  -0.344742
2.82743  1.25664  3.14159  -0.0342435  -0.361396
4.08407  1.25664  3.14159  -0.0285459  -0.367684
7.22566  1.25664  3.14159  -0.0184688  -0.327925
14.7655  1.25664  3.14159  -0.00772402  -0.222092
-16.6504  1.25664  3.76991  -0.00466591  0.203313
-7.22566  1.25664  3.76991  -0.0133779  0.327963
-5.34071  1.25664  3.76991  -0.0172831  0.356341
-4.08407  1.25664  3.76991  -0.0206451  0.367563
-2.82743  1.25664  3.76991  -0.0247487  0.360919
-2.19911  1.25664  3.76991  -0.0270769  0.344009
-1.5708  1.25664  3.76991  -0.0295057  0.310877
-0.942478  1.25664  3.76991  -0.0317739  0.250991
-0.314159  1.25664  3.76991  -0.0332793  0.13964
0.314159  1.25664  3.76991  -0.0332798  -0.13966
0.942478  1.25664  3.76991  -0.0317744  -0.25101
1.5708  1.25664  3.76991  -0.0295062  -0.310895
2.19911  1.25664  3.76991  -0.0270776  -0.344026
2.82743  1.25664  3.76991  -0.0247495  -0.360935
4.08407  1.25664  3.76991  -0.0206453  -0.367578
7.22566  1.25664  3.76991  -0.0133796  -0.327981
14.7655  1.25664  3.76991  -0.00559862  -0.222112
-16.6504  1.25664  4.39823  2.58127e-06  0.203347
-7.22566  1.25664  4.39823  4.16497e-06  0.328104
-5.34071  1.25664  4.39823  8.29878e-07  0.356415
-4.08407  1.25664  4.39823  2.56159e-06  0.367368
-2.82743  1.25664  4.39823  3.65675e-06  0.359906
-2.19911  1.25664  4.39823  3.76725e-06  0.342214
-1.5708  1.25664  4.39823  3.95534e-06  0.308077
-0.942478  1.25664  4.39823  4.22709e-06  0.248042
-0.314159  1.25664  4.39823  4.77846e-06  0.150673
0.314159  1.25664  4.39823  4.53127e-06  -0.150692
0.942478  1.25664  4.39823  3.92886e-06  -0.248058
1.5708  1.25664  4.39823  3.60982e-06  -0.308092
2.19911  1.25664  4.39823  3.34694e-06  -0.342228
2.82743  1.25664  4.39823  3.11373e-06  -0.35992
4.08407  1.25664  4.39823  2.63155e-06  -0.367381
7.22566  1.25664  4.39823  2.67946e-06  -0.32812
14.7655  1.25664  4.39823  2.02989e-06  -0.222155
-16.6504  1.25664  5.02655  0.00581879  0.203373
-7.22566  1.25664  5.02655  0.0166095  0.328275
-5.34071  1.25664  5.02655  0.0213177  0.356582
-4.08407  1.25664  5.02655  0.0252613  0.367365
-2.82743  1.25664  5.02655  0.0298677  0.359304
-2.19911  1.25664  5.02655  0.0323575  0.341011
-1.5708  1.25664  5.02655  0.0348324  0.306009
-0.942478  1.25664  5.02655  0.0369807  0.244369
-0.314159  1.25664  5.02655  0.0382988  0.134315
0.314159  1.25664  5.02655  0.0382985  -0.134331
0.942478  1.25664  5.02655  0.0369805  -0.244383
1.5708  1.25664  5.02655  0.0348322  -0.306022
2.19911  1.25664  5.02655  0.0323573  -0.341024
2.82743  1.25664  5.02655  0.0298674  -0.359315
4.08407  1.25664  5.02655  0.0252617  -0.367376
7.22566  1.25664  5.02655  0.0166083  -0.328289
14.7655  1.25664  5.02655  0.00697964  -0.222188
-16.6504  1.25664  5.65487  0.0105406  0.203379
-7.22566  1.25664  5.65487  0.0300134  0.328403
-5.34071  1.25664  5.65487  0.0383854  0.356755
-4.08407  1.25664  5.65487  0.0452389  0.367482
-2.82743  1.25664  5.65487  0.0528981  0.358979
-2.19911  1.25664  5.65487  0.0567808  0.339956
-1.5708  1.25664  5.65487  0.0603791  0.303213
-0.942478  1.25664  5.65487  0.0632567  0.237687
-0.314159  1.25664  5.65487  0.0648923  0.1271
0.314159  1.25664  5.65487  0.0648922  -0.127113
0.942478  1.25664  5.65487  0.0632566  -0.237699
1.5708  1.25664  5.65487  0.0603791  -0.303225
2.19911  1.25664  5.65487  0.0567808  -0.339967
2.82743  1.25664  5.65487  0.0528981  -0.358989
4.08407  1.25664  5.65487  0.0452397  -0.367491
7.22566  1.25664  5.65487  0.0300124  -0.328415
14.7655  1.25664  5.65487  0.0126435  -0.222197
-16.6504  1.25664  6.28319  0.01234  0.203377
-7.22566  1.25664  6.28319  0.0350952  0.328446
-5.34071  1.25664  6.28319  0.0448143  0.356823
-4.08407  1.25664  6.28319  0.0526885  0.367542
-2.82743  1.25664  6.28319  0.0613056  0.358887
-2.19911  1.25664  6.28319  0.0655426  0.339612
-1.5708  1.25664  6.28319  0.0693447  0.30238
-0.942478  1.25664  6.28319  0.0722648  0.235898
-0.314159  1.25664  6.28319  0.0738529  0.11722
0.314159  1.25664  6.28319  0.0738527  -0.117233
0.942478  1.25664  6.28319  0.0722647  -0.23591
1.5708  1.25664  6.28319  0.0693447  -0.30239
2.19911  1.25664  6.28319  0.0655427  -0.339621
2.82743  1.25664  6.28319  0.0613057  -0.358896
4.08407  1.25664  6.28319  0.0526894  -0.36755
7.22566  1.25664  6.28319  0.0350944  -0.328457
14.7655  1.25664  6.28319  0.0148015  -0.222196
-16.6504  1.88496  0  0.0064428  0.203303
-7.22566  1.88496  0  0.0184753  0.327908
-5.34071  1.88496  0  0.0238775  0.356322
-4.08407  1.88496  0  0.0285506  0.367671
-2.82743  1.88496  0  0.0342499  0.361382
-2.19911  1.88496  0  0.0374646  0.344727
-1.5708  1.88496  0  0.040787  0.311577
-0.942478  1.88496  0  0.0438529  0.250225
-0.314159  1.88496  0  0.0458237  0.139046
0.314159  1.88496  0  0.0458234  -0.139061
0.942478  1.88496  0  0.0438526  -0.250239
1.5708  1.88496  0  0.0407868  -0.31159
2.19911  1.88496  0  0.0374644  -0.344739
2.82743  1.88496  0  0.0342496  -0.361393
4.08407  1.88496  0  0.0285511  -0.367682
7.22566  1.88496  0  0.0184742  -0.327922
14.7655  1.88496  0  0.00772807  -0.22209
-16.6504  1.88496  0.628319  0.00467108  0.203318
-7.22566  1.88496  0.628319  0.0133862  0.327965
-5.34071  1.88496  0.628319  0.0172847  0.356343
-4.08407  1.88496  0.628319  0.0206502  0.367565
-2.82743  1.88496  0.628319  0.024756  0.360921
-2.19911  1.88496  0.628319  0.0270845  0.344011
-1.5708  1.88496  0.628319  0.0295137  0.310879
-0.942478  1.88496  0.628319  0.0317825  0.250993
-0.314159  1.88496  0.628319  0.0332889  0.139642
0.314159  1.88496  0.628319  0.0332885  -0.139658
0.942478  1.88496  0.628319  0.0317823  -0.251008
1.5708  1.88496  0.628319  0.0295135  -0.310893
2.19911  1.88496  0.628319  0.0270842  -0.344024
2.82743  1.88496  0.628319  0.0247557  -0.360933
4.08407  1.88496  0.628319  0.0206506  -0.367576
7.22566  1.88496  0.628319  0.013385  -0.327979
14.7655  1.88496  0.628319  0.00560267  -0.222111
-16.6504  1.88496  1.25664  2.58127e-06  0.203347
-7.22566  1.88496  1.25664  4.16497e-06  0.328104
-5.34071  1.88496  1.25664  8.29878e-07  0.356415
-4.08407  1.88496  1.25664  2.56159e-06  0.367368
-2.82743  1.88496  1.25664  3.65675e-06  0.359906
-2.19911  1.88496  1.25664  3.76725e-06  0.342214
-1.5708  1.88496  1.25664  3.95534e-06  0.308077
-0.942478  1.88496  1.25664  4.22709e-06  0.248042
-0.314159  1.88496  1.25664  4.77846e-06  0.150673
0.314159  1.88496  1.25664  4.53127e-06  -0.150692
0.942478  1.88496  1.25664  3.92886e-06  -0.248058
1.5708  1.88496  1.25664  3.60982e-06  -0.308092
2.19911  1.88496  1.25664  3.34694e-06  -0.342228
2.82743  1.88496  1.25664  3.11373e-06  -0.35992
4.08407  1.88496  1.25664  2.63155e-06  -0.367381
7.22566  1.88496  1.25664  2.67946e-06  -0.32812
14.7655  1.88496  1.25664  2.02989e-06  -0.222155
-16.6504  1.88496  1.88496  -0.00581363  0.203367
-7.22566  1.88496  1.88496  -0.0166012  0.328274
-5.34071  1.88496  1.88496  -0.021316  0.35658
-4.08407  1.88496  1.88496  -0.0252561  0.367363
-2.82743  1.88496  1.88496  -0.0298604  0.359301
-2.19911  1.88496  1.88496  -0.0323499  0.341009
-1.5708  1.88496  1.88496  -0.0348244  0.306007
-0.942478  1.88496  1.88496  -0.0369722  0.244367
-0.314159  1.88496  1.88496  -0.0382893  0.134313
0.314159  1.88496  1.88496  -0.0382897  -0.134334
0.942478  1.88496  1.88496  -0.0369726  -0.244386
1.5708  1.88496  1.88496  -0.034825  -0.306024
2.19911  1.88496  1.88496  -0.0323506  -0.341026
2.82743  1.88496  1.88496  -0.0298612  -0.359318
4.08407  1.88496  1.88496  -0.0252565  -0.367379
7.22566  1.88496  1.88496  -0.016603  -0.328292
14.7655  1.88496  1.88496  -0.00697558  -0.22219
-16.6504  1.88496  2.51327  -0.0105354  0.203368
-7.22566  1.88496  2.51327  -0.030005  0.3284
-5.34071  1.88496  2.51327  -0.0383836  0.356752
-4.08407  1.88496  2.51327  -0.0452338  0.367479
-2.82743  1.88496  2.51327  -0.0528908  0.358976
-2.19911  1.88496  2.51327  -0.0567732  0.339953
-1.5708  1.88496  2.51327  -0.0603712  0.303209
-0.942478  1.88496  2.51327  -0.0632483  0.237683
-0.314159  1.88496  2.51327  -0.0648831  0.127095
0.314159  1.88496  2.51327  -0.0648834  -0.127118
0.942478  1.88496  2.51327  -0.0632487  -0.237704
1.5708  1.88496  2.51327  -0.0603718  -0.303229
2.19911  1.88496  2.51327  -0.056774  -0.339971
2.82743  1.88496  2.51327  -0.0528918  -0.358994
4.08407  1.88496  2.51327  -0.0452344  -0.367496
7.22566  1.88496  2.51327  -0.0300071  -0.32842
14.7655  1.88496  2.51327  -0.0126395  -0.2222
-16.6504  1.88496  3.14159  -0.0123348  0.203364
-7.22566  1.88496  3.14159  -0.0350868  0.328443
-5.34071  1.88496  3.14159  -0.0448125  0.356819
-4.08407  1.88496  3.14159  -0.0526834  0.367537
-2.82743  1.88496  3.14159  -0.0612983  0.358882
-2.19911  1.88496  3.14159  -0.065535  0.339607
-1.5708  1.88496  3.14159  -0.0693368  0.302375
-0.942478  1.88496  3.14159  -0.0722563  0.235893
-0.314159  1.88496  3.14159  -0.0738438  0.117215
0.314159  1.88496  3.14159  -0.0738441  -0.117238
0.942478  1.88496  3.14159  -0.0722568  -0.235915
1.5708  1.88496  3.14159  -0.0693374  -0.302395
2.19911  1.88496  3.14159  -0.0655359  -0.339627
2.82743  1.88496  3.14159  -0.0612993  -0.358901
4.08407  1.88496  3.14159  -0.0526842  -0.367555
7.22566  1.88496  3.14159  -0.035089  -0.328464
14.7655  1.88496  3.14159  -0.0147975  -0.222199
-16.6504  1.88496  3.76991  -0.0105354  0.203368
-7.22566  1.88496  3.76991  -0.030005  0.3284
-5.34071  1.88496  3.76991  -0.0383836  0.356752
-4.08407  1.88496  3.76991  -0.0452338  0.367479
-2.82743  1.88496  3.76991  -0.0528908  0.358976
-2.19911  1.88496  3.76991  -0.0567732  0.339953
-1.5708  1.88496  3.76991  -0.0603712  0.303209
-0.942478  1.88496  3.76991  -0.0632483  0.237683
-0.314159  1.88496  3.76991  -0.0648831  0.127095
0.314159  1.88496  3.76991  -0.0648834  -0.127118
0.942478  1.88496  3.76991  -0.0632487  -0.237704
1.5708  1.88496  3.76991  -0.0603718  -0.303229
2.19911  1.88496  3.76991  -0.056774  -0.339971
2.82743  1.88496  3.76991  -0.0528918  -0.358994
4.08407  1.88496  3.76991  -0.0452344  -0.367496
7.22566  1.88496  3.76991  -0.0300071  -0.32842
14.7655  1.88496  3.76991  -0.0126395  -0.2222
-16.6504  1.88496  4.39823  -0.00581363  0.203367
-7.22566  1.88496  4.39823  -0.0166012  0.328274
-5.34071  1.88496  4.39823  -0.021316  0.35658
-4.08407  1.88496  4.39823  -0.0252561  0.367363
-2.82743  1.88496  4.39823  -0.0298604  0.359301
-2.19911  1.88496  4.39823  -0.0323499  0.341009
-1.5708  1.88496  4.39823  -0.0348244  0.306007
-0.942478  1.88496  4.39823  -0.0369722  0.244367
-0.314159  1.88496  4.39823  -0.0382893  0.134313
0.314159  1.88496  4.39823  -0.0382897  -0.134334
0.942478  1.88496  4.39823  -0.0369726  -0.244386
1.5708  1.88496  4.39823  -0.034825  -0.306024
2.19911  1.88496  4.39823  -0.0323506  -0.341026
2.82743  1.88496  4.39823  -0.0298612  -0.359318
4.08407  1.88496  4.39823  -0.0252565  -0.367379
7.22566  1.88496  4.39823  -0.016603  -0.328292
14.7655  1.88496  4.39823  -0.00697558  -0.22219
-16.6504  1.88496  5.02655  2.58127e-06  0.203347
-7.22566  1.88496  5.02655  4.16497e-06  0.328104
-5.34071  1.88496  5.02655  8.29878e-07  0.356415
-4.08407  1.88496  5.02655  2.56159e-06  0.367368
-2.82743  1.88496  5.02655  3.65675e-06  0.359906
-2.19911  1.88496  5.02655  3.76725e-06  0.342214
-1.5708  1.88496  5.02655  3.95534e-06  0.308077
-0.942478  1.88496  5.02655  4.22709e-06  0.248042
-0.314159  1.88496  5.02655  4.77846e-06  0.150673
0.314159  1.88496  5.02655  4.53127e-06  -0.150692
0.942478  1.88496  5.02655  3.92886e-06  -0.248058
1.5708  1.88496  5.02655  3.60982e-06  -0.308092
2.19911  1.88496  5.02655  3.34694e-06  -0.342228
2.82743  1.88496  5.02655  3.11373e-06  -0.35992
4.08407  1.88496  5.02655  2.63155e-06  -0.367381
7.22566  1.88496  5.02655  2.67946e-06  -0.32812
14.7655  1.88496  5.02655  2.02989e-06  -0.222155
-16.6504  1.88496  5.65487  0.00467108  0.203318
-7.22566  1.88496  5.65487  0.0133862  0.327965
-5.34071  1.88496  5.65487  0.0172847  0.356343
-4.08407  1.88496  5.65487  0.0206502  0.367565
-2.82743  1.88496  5.65487  0.024756  0.360921
-2.19911  1.88496  5.65487  0.0270845  0.344011
-1.5708  1.88496  5.65487  0.0295137  0.310879
-0.942478  1.88496  5.65487  0.0317825  0.250993
-0.314159  1.88496  5.65487  0.0332889  0.139642
0.314159  1.88496  5.65487  0.0332885  -0.139658
0.942478  1.88496  5.65487  0.0317823  -0.251008
1.5708  1.88496  5.65487  0.0295135  -0.310893
2.19911  1.88496  5.65487  0.0270842  -0.344024
2.82743  1.88496  5.65487  0.0247557  -0.360933
4.08407  1.88496  5.65487  0.0206506  -0.367576
7.22566  1.88496  5.65487  0.013385  -0.327979
14.7655  1.88496  5.65487  0.00560267  -0.222111
-16.6504  1.88496  6.28319  0.0064428  0.203303
-7.22566  1.88496  6.28319  0.0184753  0.327908
-5.34071  1.88496  6.28319  0.0238775  0.356322
-4.08407  1.88496  6.28319  0.0285506  0.367671
-2.82743  1.88496  6.28319  0.0342499  0.361382
-2.19911  1.88496  6.28319  0.0374646  0.344727
-1.5708  1.88496  6.28319  0.040787  0.311577
-0.942478  1.88496  6.28319  0.0438529  0.250225
-0.314159  1.88496  6.28319  0.0458237  0.139046
0.314159  1.88496  6.28319  0.0458234  -0.139061
0.942478  1.88496  6.28319  0.0438526  -0.250239
1.5708  1.88496  6.28319  0.0407868  -0.31159
2.19911  1.88496  6.28319  0.0374644  -0.344739
2.82743  1.88496  6.28319  0.0342496  -0.361393
4.08407  1.88496  6.28319  0.0285511  -0.367682
7.22566  1.88496  6.28319  0.0184742  -0.327922
14.7655  1.88496  6.28319  0.00772807  -0.22209
-16.6504  2.51327  0  0.00176574  0.20323
-7.22566  2.51327  0  0.00509419  0.327435
-5.34071  2.51327  0  0.00664587  0.355821
-4.08407  2.51327  0  0.00806109  0.367552
-2.82743  2.51327  0  0.00993538  0.362906
-2.19911  2.51327  0  0.0111036  0.348328
-1.5708  2.51327  0  0.0124453  0.31924
-0.942478  2.51327  0  0.0139357  0.266019
-0.314159  2.51327  0  0.0149783  0.162829
0.314159  2.51327  0  0.0149777  -0.162847
0.942478  2.51327  0  0.0139353  -0.266035
1.5708  2.51327  0  0.0124449  -0.319254
2.19911  2.51327  0  0.0111032  -0.348341
2.82743  2.51327  0  0.00993482  -0.362919
4.08407  2.51327  0  0.00806127  -0.367564
7.22566  2.51327  0  0.00509288  -0.327451
14.7655  2.51327  0  0.00211729  -0.221989
-16.6504  2.51327  0.628319  2.58453e-06  0.203255
-7.22566  2.51327  0.628319  4.10319e-06  0.327586
-5.34071  2.51327  0.628319  7.71927e-07  0.355974
-4.08407  2.51327  0.628319  2.55822e-06  0.367569
-2.82743  2.51327  0.628319  3.66117e-06  0.36236
-2.19911  2.51327  0.628319  3.78693e-06  0.347067
-1.5708  2.51327  0.628319  4.01025e-06  0.316549
-0.942478  2.51327  0.628319  4.3397e-06  0.260611
-0.314159  2.51327  0.628319  4.93731e-06  0.162128
0.314159  2.51327  0.628319  4.57154e-06  -0.162147
0.942478  2.51327  0.628319  3.9232e-06  -0.260627
1.5708  2.51327  0.628319  3.5747e-06  -0.316564
2.19911  2.51327  0.628319  3.29632e-06  -0.347082
2.82743  2.51327  0.628319  3.03581e-06  -0.362374
4.08407  2.51327  0.628319  2.6134e-06  -0.367582
7.22566  2.51327  0.628319  2.67866e-06  -0.327603
14.7655  2.51327  0.628319  2.02453e-06  -0.222026
-16.6504  2.51327  1.25664  -0.00466591  0.203313
-7.22566  2.51327  1.25664  -0.0133779  0.327963
-5.34071  2.51327  1.25664  -0.0172831  0.356341
-4.08407  2.51327  1.25664  -0.0206451  0.367563
-2.82743  2.51327  1.25664  -0.0247487  0.360919
-2.19911  2.51327  1.25664  -0.0270769  0.344009
-1.5708  2.51327  1.25664  -0.0295057  0.310877
-0.942478  2.51327  1.25664  -0.0317739  0.250991
-0.314159  2.51327  1.25664  -0.0332793  0.13964
0.314159  2.51327  1.25664  -0.0332798  -0.13966
0.942478  2.51327  1.25664  -0.0317744  -0.25101
1.5708  2.51327  1.25664  -0.0295062  -0.310895
2.19911  2.51327  1.25664  -0.0270776  -0.344026
2.82743  2.51327  1.25664  -0.0247495  -0.360935
4.08407  2.51327  1.25664  -0.0206453  -0.367578
7.22566  2.51327  1.25664  -0.0133796  -0.327981
14.7655  2.51327  1.25664  -0.00559862  -0.222112
-16.6504  2.51327  1.88496  -0.0105354  0.203368
-7.22566  2.51327  1.88496  -0.030005  0.3284
-5.34071  2.51327  1.88496  -0.0383836  0.356752
-4.08407  2.51327  1.88496  -0.0452338  0.367479
-2.82743  2.51327  1.88496  -0.0528908  0.358976
-2.19911  2.51327  1.88496  -0.0567732  0.339953
-1.5708  2.51327  1.88496  -0.0603712  0.303209
-0.942478  2.51327  1.88496  -0.0632483  0.237683
-0.314159  2.51327  1.88496  -0.0648831  0.127095
0.314159  2.51327  1.88496  -0.0648834  -0.127118
0.942478  2.51327  1.88496  -0.0632487  -0.237704
1.5708  2.51327  1.88496  -0.0603718  -0.303229
2.19911  2.51327  1.88496  -0.056774  -0.339971
2.82743  2.51327  1.88496  -0.0528918  -0.358994
4.08407  2.51327  1.88496  -0.0452344  -0.367496
7.22566  2.51327  1.88496  -0.0300071  -0.32842
14.7655  2.51327  1.88496  -0.0126395  -0.2222
-16.6504  2.51327  2.51327  -0.0153621  0.203397
-7.22566  2.51327  2.51327  -0.0435148  0.328725
-5.34071  2.51327  2.51327  -0.0552261  0.357044
-4.08407  2.51327  2.51327  -0.0643766  0.367341
-2.82743  2.51327  2.51327  -0.0738341  0.357286
-2.19911  2.51327  2.51327  -0.0781673  0.336623
-1.5708  2.51327  2.51327  -0.0818011  0.297495
-0.942478  2.51327  2.51327  -0.0843778  0.22929
-0.314159  2.51327  2.51327  -0.0856772  0.112272
0.314159  2.51327  2.51327  -0.0856775  -0.112296
0.942478  2.51327  2.51327  -0.0843782  -0.229313
1.5708  2.51327  2.51327  -0.0818018  -0.297516
2.19911  2.51327  2.51327  -0.0781681  -0.336643
2.82743  2.51327  2.51327  -0.0738352  -0.357307
4.08407  2.51327  2.51327  -0.0643776  -0.36736
7.22566  2.51327  2.51327  -0.0435172  -0.328747
14.7655  2.51327  2.51327  -0.018429  -0.222254
-16.6504  2.51327  3.14159  -0.0172187  0.203404
-7.22566  2.51327  3.14159  -0.0486675  0.328835
-5.34071  2.51327  3.14159  -0.0615747  0.357133
-4.08407  2.51327  3.14159  -0.0714772  0.367251
-2.82743  2.51327  3.14159  -0.0813942  0.356551
-2.19911  2.51327  3.14159  -0.0857601  0.335167
-1.5708  2.51327  3.14159  -0.0892958  0.294826
-0.942478  2.51327  3.14159  -0.091721  0.225029
-0.314159  2.51327  3.14159  -0.0929189  0.114533
0.314159  2.51327  3.14159  -0.092919  -0.114557
0.942478  2.51327  3.14159  -0.0917213  -0.225052
1.5708  2.51327  3.14159  -0.0892964  -0.294848
2.19911  2.51327  3.14159  -0.0857609  -0.335188
2.82743  2.51327  3.14159  -0.0813954  -0.356572
4.08407  2.51327  3.14159  -0.0714784  -0.367271
7.22566  2.51327  3.14159  -0.0486699  -0.328858
14.7655  2.51327  3.14159  -0.0206556  -0.222268
-16.6504  2.51327  3.76991  -0.0153621  0.203397
-7.22566  2.51327  3.76991  -0.0435148  0.328725
-5.34071  2.51327  3.76991  -0.0552261  0.357044
-4.08407  2.51327  3.76991  -0.0643766  0.367341
-2.82743  2.51327  3.76991  -0.0738341  0.357286
-2.19911  2.51327  3.76991  -0.0781673  0.336623
-1.5708  2.51327  3.76991  -0.0818011  0.297495
-0.942478  2.51327  3.76991  -0.0843778  0.22929
-0.314159  2.51327  3.76991  -0.0856772  0.112272
0.314159  2.51327  3.76991  -0.0856775  -0.112296
0.942478  2.51327  3.76991  -0.0843782  -0.229313
1.5708  2.51327  3.76991  -0.0818018  -0.297516
2.19911  2.51327  3.76991  -0.0781681  -0.336643
2.82743  2.51327  3.76991  -0.0738352  -0.357307
4.08407  2.51327  3.76991  -0.0643776  -0.36736
7.22566  2.51327  3.76991  -0.0435172  -0.328747
14.7655  2.51327  3.76991  -0.018429  -0.222254
-16.6504  2.51327  4.39823  -0.0105354  0.203368
-7.22566  2.51327  4.39823  -0.030005  0.3284
-5.34071  2.51327  4.39823  -0.0383836  0.356752
-4.08407  2.51327  4.39823  -0.0452338  0.367479
-2.82743  2.51327  4.39823  -0.0528908  0.358976
-2.19911  2.51327  4.39823  -0.0567732  0.339953
-1.5708  2.51327  4.39823  -0.0603712  0.303209
-0.942478  2.51327  4.39823  -0.0632483  0.237683
-0.314159  2.51327  4.39823  -0.0648831  0.127095
0.314159  2.51327  4.39823  -0.0648834  -0.127118
0.942478  2.51327  4.39823  -0.0632487  -0.237704
1.5708  2.51327  4.39823  -0.0603718  -0.303229
2.19911  2.51327  4.39823  -0.056774  -0.339971
2.82743  2.51327  4.39823  -0.0528918  -0.358994
4.08407  2.51327  4.39823  -0.0452344  -0.367496
7.22566  2.51327  4.39823  -0.0300071  -0.32842
14.7655  2.51327  4.39823  -0.0126395  -0.2222
-16.6504  2.51327  5.02655  -0.00466591  0.203313
-7.22566  2.51327  5.02655  -0.0133779  0.327963
-5.34071  2.51327  5.02655  -0.0172831  0.356341
-4.08407  2.51327  5.02655  -0.0206451  0.367563
-2.82743  2.51327  5.02655  -0.0247487  0.360919
-2.19911  2.51327  5.02655  -0.0270769  0.344009
-1.5708  2.51327  5.02655  -0.0295057  0.310877
-0.942478  2.51327  5.02655  -0.0317739  0.250991
-0.314159  2.51327  5.02655  -0.0332793  0.13964
0.314159  2.51327  5.02655  -0.0332798  -0.13966
0.942478  2.51327  5.02655  -0.0317744  -0.25101
1.5708  2.51327  5.02655  -0.0295062  -0.310895
2.19911  2.51327  5.02655  -0.0270776  -0.344026
2.82743  2.51327  5.02655  -0.0247495  -0.360935
4.08407  2.51327  5.02655  -0.0206453  -0.367578
7.22566  2.51327  5.02655  -0.0133796  -0.327981
14.7655  2.51327  5.02655  -0.00559862  -0.222112
-16.6504  2.51327  5.65487  2.58453e-06  0.203255
-7.22566  2.51327  5.65487  4.10319e-06  0.327586
-5.34071  2.51327  5.65487  7.71927e-07  0.355974
-4.08407  2.51327  5.65487  2.55822e-06  0.367569
-2.82743  2.51327  5.65487  3.66117e-06  0.36236
-2.19911  2.51327  5.65487  3.78693e-06  0.347067
-1.5708  2.51327  5.65487  4.01025e-06  0.316549
-0.942478  2.51327  5.65487  4.3397e-06  0.260611
-0.314159  2.51327  5.65487  4.93731e-06  0.162128
0.314159  2.51327  5.65487  4.57154e-06  -0.162147
0.942478  2.51327  5.65487  3.9232e-06  -0.260627
1.5708  2.51327  5.65487  3.5747e-06  -0.316564
2.19911  2.51327  5.65487  3.29632e-06  -0.347082
2.82743  2.51327  5.65487  3.03581e-06  -0.362374
4.08407  2.51327  5.65487  2.6134e-06  -0.367582
7.22566  2.51327  5.65487  2.67866e-06  -0.327603
14.7655  2.51327  5.65487  2.02453e-06  -0.222026
-16.6504  2.51327  6.28319  0.00176574  0.20323
-7.22566  2.51327  6.28319  0.00509419  0.327435
-5.34071  2.51327  6.28319  0.00664587  0.355821
-4.08407  2.51327  6.28319  0.00806109  0.367552
-2.82743  2.51327  6.28319  0.00993538  0.362906
-2.19911  2.51327  6.28319  0.0111036  0.348328
-1.5708  2.51327  6.28319  0.0124453  0.31924
-0.942478  2.51327  6.28319  0.0139357  0.266019
-0.314159  2.51327  6.28319  0.0149783  0.162829
0.314159  2.51327  6.28319  0.0149777  -0.162847
0.942478  2.51327  6.28319  0.0139353  -0.266035
1.5708  2.51327  6.28319  0.0124449  -0.319254
2.19911  2.51327  6.28319  0.0111032  -0.348341
2.82743  2.51327  6.28319  0.00993482  -0.362919
4.08407  2.51327  6.28319  0.00806127  -0.367564
7.22566  2.51327  6.28319  0.00509288  -0.327451
14.7655  2.51327  6.28319  0.00211729  -0.221989
-16.6504  3.14159  0  2.5852e-06  0.203199
-7.22566  3.14159  0  4.06872e-06  0.327245
-5.34071  3.14159  0  7.33572e-07  0.355604
-4.08407  3.14159  0  2.54085e-06  0.367442
-2.82743  3.14159  0  3.635e-06  0.363304
-2.19911  3.14159  0  3.75558e-06  0.349362
-1.5708  3.14159  0  3.98008e-06  0.321462
-0.942478  3.14159  0  4.33652e-06  0.270884
-0.314159  3.14159  0  5.10725e-06  0.184728
0.314159  3.14159  0  4.71245e-06  -0.184748
0.942478  3.14159  0  3.90621e-06  -0.270901
1.5708  3.14159  0  3.53963e-06  -0.321477
2.19911  3.14159  0  3.25753e-06  -0.349376
2.82743  3.14159  0  2.98713e-06  -0.363318
4.08407  3.14159  0  2.61121e-06  -0.367455
7.22566  3.14159  0  2.68035e-06  -0.327261
14.7655  3.14159  0  2.01776e-06  -0.221947
-16.6504  3.14159  0.628319  -0.00176057  0.203228
-7.22566  3.14159  0.628319  -0.00508602  0.327435
-5.34071  3.14159  0.628319  -0.00664436  0.35582
-4.08407  3.14159  0.628319  -0.00805598  0.367551
-2.82743  3.14159  0.628319  -0.00992807  0.362905
-2.19911  3.14159  0.628319  -0.011096  0.348327
-1.5708  3.14159  0.628319  -0.0124373  0.319239
-0.942478  3.14159  0.628319  -0.0139269  0.266018
-0.314159  3.14159  0.628319  -0.0149681  0.162828
0.314159  3.14159  0.628319  -0.0149688  -0.162848
0.942478  3.14159  0.628319  -0.0139274  -0.266035
1.5708  3.14159  0.628319  -0.0124378  -0.319255
2.19911  3.14159  0.628319  -0.0110966  -0.348342
2.82743  3.14159  0.628319  -0.00992881  -0.36292
4.08407  3.14159  0.628319  -0.00805605  -0.367565
7.22566  3.14159  0.628319  -0.00508752  -0.327452
14.7655  3.14159  0.628319  -0.00211325  -0.22199
-16.6504  3.14159  1.25664  -0.00643763  0.203296
-7.22566  3.14159  1.25664  -0.018467  0.327906
-5.34071  3.14159  1.25664  -0.0238759  0.35632
-4.08407  3.14159  1.25664  -0.0285454  0.367669
-2.82743  3.14159  1.25664  -0.0342426  0.36138
-2.19911  3.14159  1.25664  -0.037457  0.344725
-1.5708  3.14159  1.25664  -0.040779  0.311575
-0.942478  3.14159  1.25664  -0.0438442  0.250222
-0.314159  3.14159  1.25664  -0.0458142  0.139043
0.314159  3.14159  1.25664  -0.0458146  -0.139064
0.942478  3.14159  1.25664  -0.0438448  -0.250242
1.5708  3.14159  1.25664  -0.0407796  -0.311593
2.19911  3.14159  1.25664  -0.0374578  -0.344742
2.82743  3.14159  1.25664  -0.0342435  -0.361396
4.08407  3.14159  1.25664  -0.0285459  -0.367684
7.22566  3.14159  1.25664  -0.0184688  -0.327925
14.7655  3.14159  1.25664  -0.00772402  -0.222092
-16.6504  3.14159  1.88496  -0.0123348  0.203364
-7.22566  3.14159  1.88496  -0.0350868  0.328443
-5.34071  3.14159  1.88496  -0.0448125  0.356819
-4.08407  3.14159  1.88496  -0.0526834  0.367537
-2.82743  3.14159  1.88496  -0.0612983  0.358882
-2.19911  3.14159  1.88496  -0.065535  0.339607
-1.5708  3.14159  1.88496  -0.0693368  0.302375
-0.942478  3.14159  1.88496  -0.0722563  0.235893
-0.314159  3.14159  1.88496  -0.0738438  0.117215
0.314159  3.14159  1.88496  -0.0738441  -0.117238
0.942478  3.14159  1.88496  -0.0722568  -0.235915
1.5708  3.14159  1.88496  -0.0693374  -0.302395
2.19911  3.14159  1.88496  -0.0655359  -0.339627
2.82743  3.14159  1.88496  -0.0612993  -0.358901
4.08407  3.14159  1.88496  -0.0526842  -0.367555
7.22566  3.14159  1.88496  -0.035089  -0.328464
14.7655  3.14159  1.88496  -0.0147975  -0.222199
-16.6504  3.14159  2.51327  -0.0172187  0.203404
-7.22566  3.14159  2.51327  -0.0486675  0.328835
-5.34071  3.14159  2.51327  -0.0615747  0.357133
-4.08407  3.14159  2.51327  -0.0714772  0.367251
-2.82743  3.14159  2.51327  -0.0813942  0.356551
-2.19911  3.14159  2.51327  -0.0857601  0.335167
-1.5708  3.14159  2.51327  -0.0892958  0.294826
-0.942478  3.14159  2.51327  -0.091721  0.225029
-0.314159  3.14159  2.51327  -0.0929189  0.114533
0.314159  3.14159  2.51327  -0.092919  -0.114557
0.942478  3.14159  2.51327  -0.0917213  -0.225052
1.5708  3.14159  2.51327  -0.0892964  -0.294848
2.19911  3.14159  2.51327  -0.0857609  -0.335188
2.82743  3.14159  2.51327  -0.0813954  -0.356572
4.08407  3.14159  2.51327  -0.0714784  -0.367271
7.22566  3.14159  2.51327  -0.0486699  -0.328858
14.7655  3.14159  2.51327  -0.0206556  -0.222268
-16.6504  3.14159  3.14159  -0.0191181  0.203414
-7.22566  3.14159  3.14159  -0.0539171  0.328969
-5.34071  3.14159  3.14159  -0.0679858  0.357226
-4.08407  3.14159  3.14159  -0.0785663  0.367099
-2.82743  3.14159  3.14159  -0.0888253  0.355636
-2.19911  3.14159  3.14159  -0.0931734  0.333574
-1.5708  3.14159  3.14159  -0.0965894  0.292532
-0.942478  3.14159  3.14159  -0.0988734  0.222611
-0.314159  3.14159  3.14159  -0.0999893  0.107443
0.314159  3.14159  3.14159  -0.0999895  -0.107468
0.942478  3.14159  3.14159  -0.0988738  -0.222635
1.5708  3.14159  3.14159  -0.09659  -0.292555
2.19911  3.14159  3.14159  -0.0931743  -0.333596
2.82743  3.14159  3.14159  -0.0888265  -0.355658
4.08407  3.14159  3.14159  -0.0785676  -0.36712
7.22566  3.14159  3.14159  -0.0539197  -0.328992
14.7655  3.14159  3.14159  -0.0229342  -0.222289
-16.6504  3.14159  3.76991  -0.0172187  0.203404
-7.22566  3.14159  3.76991  -0.0486675  0.328835
-5.34071  3.14159  3.76991  -0.0615747  0.357133
-4.08407  3.14159  3.76991  -0.0714772  0.367251
-2.82743  3.14159  3.76991  -0.0813942  0.356551
-2.19911  3.14159  3.76991  -0.0857601  0.335167
-1.5708  3.14159  3.76991  -0.0892958  0.294826
-0.942478  3.14159  3.76991  -0.091721  0.225029
-0.314159  3.14159  3.76991  -0.0929189  0.114533
0.314159  3.14159  3.76991  -0.092919  -0.114557
0.942478  3.14159  3.76991  -0.0917213  -0.225052
1.5708  3.14159  3.76991  -0.0892964  -0.294848
2.19911  3.14159  3.76991  -0.0857609  -0.335188
2.82743  3.14159  3.76991  -0.0813954  -0.356572
4.08407  3.14159  3.76991  -0.0714784  -0.367271
7.22566  3.14159  3.76991  -0.0486699  -0.328858
14.7655  3.14159  3.76991  -0.0206556  -0.222268
-16.6504  3.14159  4.39823  -0.0123348  0.203364
-7.22566  3.14159  4.39823  -0.0350868  0.328443
-5.34071  3.14159  4.39823  -0.0448125  0.356819
-4.08407  3.14159  4.39823  -0.0526834  0.367537
-2.82743  3.14159  4.39823  -0.0612983  0.358882
-2.19911  3.14159  4.39823  -0.065535  0.339607
-1.5708  3.14159  4.39823  -0.0693368  0.302375
-0.942478  3.14159  4.39823  -0.0722563  0.235893
-0.314159  3.14159  4.39823  -0.0738438  0.117215
0.314159  3.14159  4.39823  -0.0738441  -0.117238
0.942478  3.14159  4.39823  -0.0722568  -0.235915
1.5708  3.14159  4.39823  -0.0693374  -0.302395
2.19911  3.14159  4.39823  -0.0655359  -0.339627
2.82743  3.14159  4.39823  -0.0612993  -0.358901
4.08407  3.14159  4.39823  -0.0526842  -0.367555
7.22566  3.14159  4.39823  -0.035089  -0.328464
14.7655  3.14159  4.39823  -0.0147975  -0.222199
-16.6504  3.14159  5.02655  -0.00643763  0.203296
-7.22566  3.14159  5.02655  -0.018467  0.327906
-5.34071  3.14159  5.02655  -0.0238759  0.35632
-4.08407  3.14159  5.02655  -0.0285454  0.367669
-2.82743  3.14159  5.02655  -0.0342426  0.36138
-2.19911  3.14159  5.02655  -0.037457  0.344725
-1.5708  3.14159  5.02655  -0.040779  0.311575
-0.942478  3.14159  5.02655  -0.0438442  0.250222
-0.314159  3.14159  5.02655  -0.0458142  0.139043
0.314159  3.14159  5.02655  -0.0458146  -0.139064
0.942478  3.14159  5.02655  -0.0438448  -0.250242
1.5708  3.14159  5.02655  -0.0407796  -0.311593
2.19911  3.14159  5.02655  -0.0374578  -0.344742
2.82743  3.14159  5.02655  -0.0342435  -0.361396
4.08407  3.14159  5.02655  -0.0285459  -0.367684
7.22566  3.14159  5.02655  -0.0184688  -0.327925
14.7655  3.14159  5.02655  -0.00772402  -0.222092
-16.6504  3.14159  5.65487  -0.00176057  0.203228
-7.22566  3.14159  5.65487  -0.00508602  0.327435
-5.34071  3.14159  5.65487  -0.00664436  0.35582
-4.08407  3.14159  5.65487  -0.00805598  0.367551
-2.82743  3.14159  5.65487  -0.00992807  0.362905
-2.19911  3.14159  5.65487  -0.011096  0.348327
-1.5708  3.14159  5.65487  -0.0124373  0.319239
-0.942478  3.14159  5.65487  -0.0139269  0.266018
-0.314159  3.14159  5.65487  -0.0149681  0.162828
0.314159  3.14159  5.65487  -0.0149688  -0.162848
0.942478  3.14159  5.65487  -0.0139274  -0.266035
1.5708  3.14159  5.65487  -0.0124378  -0.319255
2.19911  3.14159  5.65487  -0.0110966  -0.348342
2.82743  3.14159  5.65487  -0.00992881  -0.36292
4.08407  3.14159  5.65487  -0.00805605  -0.367565
7.22566  3.14159  5.65487  -0.00508752  -0.327452
14.7655  3.14159  5.65487  -0.00211325  -0.22199
-16.6504  3.14159  6.28319  2.5852e-06  0.203199
-7.22566  3.14159  6.28319  4.06872e-06  0.327245
-5.34071  3.14159  6.28319  7.33572e-07  0.355604
-4.08407  3.14159  6.28319  2.54085e-06  0.367442
-2.82743  3.14159  6.28319  3.635e-06  0.363304
-2.19911  3.14159  6.28319  3.75558e-06  0.349362
-1.5708  3.14159  6.28319  3.98008e-06  0.321462
-0.942478  3.14159  6.28319  4.33652e-06  0.270884
-0.314159  3.14159  6.28319  5.10725e-06  0.184728
0.314159  3.14159  6.28319  4.71245e-06  -0.184748
0.942478  3.14159  6.28319  3.90621e-06  -0.270901
1.5708  3.14159  6.28319  3.53963e-06  -0.321477
2.19911  3.14159  6.28319  3.25753e-06  -0.349376
2.82743  3.14159  6.28319  2.98713e-06  -0.363318
4.08407  3.14159  6.28319  2.61121e-06  -0.367455
7.22566  3.14159  6.28319  2.68035e-06  -0.327261
14.7655  3.14159  6.28319  2.01776e-06  -0.221947
-16.6504  3.76991  0  0.00176574  0.20323
-7.22566  3.76991  0  0.00509419  0.327435
-5.34071  3.76991  0  0.00664587  0.355821
-4.08407  3.76991  0  0.00806109  0.367552
-2.82743  3.76991  0  0.00993538  0.362906
-2.19911  3.76991  0  0.0111036  0.348328
-1.5708  3.76991  0  0.0124453  0.31924
-0.942478  3.76991  0  0.0139357  0.266019
-0.314159  3.76991  0  0.0149783  0.162829
0.314159  3.76991  0  0.0149777  -0.162847
0.942478  3.76991  0  0.0139353  -0.266035
1.5708  3.76991  0  0.0124449  -0.319254
2.19911  3.76991  0  0.0111032  -0.348341
2.82743  3.76991  0  0.00993482  -0.362919
4.08407  3.76991  0  0.00806127  -0.367564
7.22566  3.76991  0  0.00509288  -0.327451
14.7655  3.76991  0  0.00211729  -0.221989
-16.6504  3.76991  0.628319  2.58453e-06  0.203255
-7.22566  3.76991  0.628319  4.10319e-06  0.327586
-5.34071  3.76991  0.628319  7.71927e-07  0.355974
-4.08407  3.76991  0.628319  2.55822e-06  0.367569
-2.82743  3.76991  0.628319  3.66117e-06  0.36236
-2.19911  3.76991  0.628319  3.78693e-06  0.347067
-1.5708  3.76991  0.628319  4.01025e-06  0.316549
-0.942478  3.76991  0.628319  4.3397e-06  0.260611
-0.314159  3.76991  0.628319  4.93731e-06  0.162128
0.314159  3.76991  0.628319  4.57154e-06  -0.162147
0.942478  3.76991  0.628319  3.9232e-06  -0.260627
1.5708  3.76991  0.628319  3.5747e-06  -0.316564
2.19911  3.76991  0.628319  3.29632e-06  -0.347082
2.82743  3.76991  0.628319  3.03581e-06  -0.362374
4.08407  3.76991  0.628319  2.6134e-06  -0.367582
7.22566  3.76991  0.628319  2.67866e-06  -0.327603
14.7655  3.76991  0.628319  2.02453e-06  -0.222026
-16.6504  3.76991  1.25664  -0.00466591  0.203313
-7.22566  3.76991  1.25664  -0.0133779  0.327963
-5.34071  3.76991  1.25664  -0.0172831  0.356341
-4.08407  3.76991  1.25664  -0.0206451  0.367563
-2.82743  3.76991  1.25664  -0.0247487  0.360919
-2.19911  3.76991  1.25664  -0.0270769  0.344009
-1.5708  3.76991  1.25664  -0.0295057  0.310877
-0.942478  3.76991  1.25664  -0.0317739  0.250991
-0.314159  3.76991  1.25664  -0.0332793  0.13964
0.314159  3.76991  1.25664  -0.0332798  -0.13966
0.942478  3.76991  1.25664  -0.0317744  -0.25101
1.5708  3.76991  1.25664  -0.0295062  -0.310895
2.19911  3.76991  1.25664  -0.0270776  -0.344026
2.82743  3.76991  1.25664  -0.0247495  -0.360935
4.08407  3.76991  1.25664  -0.0206453  -0.367578
7.22566  3.76991  1.25664  -0.0133796  -0.327981
14.7655  3.76991  1.25664  -0.00559862  -0.222112
-16.6504  3.76991  1.88496  -0.0105354  0.203368
-7.22566  3.76991  1.88496  -0.030005  0.3284
-5.34071  3.76991  1.88496  -0.0383836  0.356752
-4.08407  3.76991  1.88496  -0.0452338  0.367479
-2.82743  3.76991  1.88496  -0.0528908  0.358976
-2.19911  3.76991  1.88496  -0.0567732  0.339953
-1.5708  3.76991  1.88496  -0.0603712  0.303209
-0.942478  3.76991  1.88496  -0.0632483  0.237683
-0.314159  3.76991  1.88496  -0.0648831  0.127095
0.314159  3.76991  1.88496  -0.0648834  -0.127118
0.942478  3.76991  1.88496  -0.0632487  -0.237704
1.5708  3.76991  1.88496  -0.0603718  -0.303229
2.19911  3.76991  1.88496  -0.056774  -0.339971
2.82743  3.76991  1.88496  -0.0528918  -0.358994
4.08407  3.76991  1.88496  -0.0452344  -0.367496
7.22566  3.76991  1.88496  -0.0300071  -0.32842
14.7655  3.76991  1.88496  -0.0126395  -0.2222
-16.6504  3.76991  2.51327  -0.0153621  0.203397
-7.22566  3.76991  2.51327  -0.0435148  0.328725
-5.34071  3.76991  2.51327  -0.0552261  0.357044
-4.08407  3.76991  2.51327  -0.0643766  0.367341
-2.82743  3.76991  2.51327  -0.0738341  0.357286
-2.19911  3.76991  2.51327  -0.0781673  0.336623
-1.5708  3.76991  2.51327  -0.0818011  0.297495
-0.942478  3.76991  2.51327  -0.0843778  0.22929
-0.314159  3.76991  2.51327  -0.0856772  0.112272
0.314159  3.76991  2.51327  -0.0856775  -0.112296
0.942478  3.76991  2.51327  -0.0843782  -0.229313
1.5708  3.76991  2.51327  -0.0818018  -0.297516
2.19911  3.76991  2.51327  -0.0781681  -0.336643
2.82743  3.76991  2.51327  -0.0738352  -0.357307
4.08407  3.76991  2.51327  -0.0643776  -0.36736
7.22566  3.76991  2.51327  -0.0435172  -0.328747
14.7655  3.76991  2.51327  -0.018429  -0.222254
-16.6504  3.76991  3.14159  -0.0172187  0.203404
-7.22566  3.76991  3.14159  -0.0486675  0.328835
-5.34071  3.76991  3.14159  -0.0615747  0.357133
-4.08407  3.76991  3.14159  -0.0714772  0.367251
-2.82743  3.76991  3.14159  -0.0813942  0.356551
-2.19911  3.76991  3.14159  -0.0857601  0.335167
-1.5708  3.76991  3.14159  -0.0892958  0.294826
-0.942478  3.76991  3.14159  -0.091721  0.225029
-0.314159  3.76991  3.14159  -0.0929189  0.114533
0.314159  3.76991  3.14159  -0.092919  -0.114557
0.942478  3.76991  3.14159  -0.0917213  -0.225052
1.5708  3.76991  3.14159  -0.0892964  -0.294848
2.19911  3.76991  3.14159  -0.0857609  -0.335188
2.82743  3.76991  3.14159  -0.0813954  -0.356572
4.08407  3.76991  3.14159  -0.0714784  -0.367271
7.22566  3.76991  3.14159  -0.0486699  -0.328858
14.7655  3.76991  3.14159  -0.0206556  -0.222268
-16.6504  3.76991  3.76991  -0.0153621  0.203397
-7.22566  3.76991  3.76991  -0.0435148  0.328725
-5.34071  3.76991  3.76991  -0.0552261  0.357044
-4.08407  3.76991  3.76991  -0.0643766  0.367341
-2.82743  3.76991  3.76991  -0.0738341  0.357286
-2.19911  3.76991  3.76991  -0.0781673  0.336623
-1.5708  3.76991  3.76991  -0.0818011  0.297495
-0.942478  3.76991  3.76991  -0.0843778  0.22929
-0.314159  3.76991  3.76991  -0.0856772  0.112272
0.314159  3.76991  3.76991  -0.0856775  -0.112296
0.942478  3.76991  3.76991  -0.0843782  -0.229313
1.5708  3.76991  3.76991  -0.0818018  -0.297516
2.19911  3.76991  3.76991  -0.0781681  -0.336643
2.82743  3.76991  3.76991  -0.0738352  -0.357307
4.08407  3.76991  3.76991  -0.0643776  -0.36736
7.22566  3.76991  3.76991  -0.0435172  -0.328747
14.7655  3.76991  3.76991  -0.018429  -0.222254
-16.6504  3.76991  4.39823  -0.0105354  0.203368
-7.22566  3.76991  4.39823  -0.030005  0.3284
-5.34071  3.76991  4.39823  -0.0383836  0.356752
-4.08407  3.76991  4.39823  -0.0452338  0.367479
-2.82743  3.76991  4.39823  -0.0528908  0.358976
-2.19911  3.76991  4.39823  -0.0567732  0.339953
-1.5708  3.76991  4.39823  -0.0603712  0.303209
-0.942478  3.76991  4.39823  -0.0632483  0.237683
-0.314159  3.76991  4.39823  -0.0648831  0.127095
0.314159  3.76991  4.39823  -0.0648834  -0.127118
0.942478  3.76991  4.39823  -0.0632487  -0.237704
1.5708  3.76991  4.39823  -0.0603718  -0.303229
2.19911  3.76991  4.39823  -0.056774  -0.339971
2.82743  3.76991  4.39823  -0.0528918  -0.358994
4.08407  3.76991  4.39823  -0.0452344  -0.367496
7.22566  3.76991  4.39823  -0.0300071  -0.32842
14.7655  3.76991  4.39823  -0.0126395  -0.2222
-16.6504  3.76991  5.02655  -0.00466591  0.203313
-7.22566  3.76991  5.02655  -0.0133779  0.327963
-5.34071  3.76991  5.02655  -0.0172831  0.356341
-4.08407  3.76991  5.02655  -0.0206451  0.367563
-2.82743  3.76991  5.02655  -0.0247487  0.360919
-2.19911  3.76991  5.02655  -0.0270769  0.344009
-1.5708  3.76991  5.02655  -0.0295057  0.310877
-0.942478  3.76991  5.02655  -0.0317739  0.250991
-0.314159  3.76991  5.02655  -0.0332793  0.13964
0.314159  3.76991  5.02655  -0.0332798  -0.13966
0.942478  3.76991  5.02655  -0.0317744  -0.25101
1.5708  3.76991  5.02655  -0.0295062  -0.310895
2.19911  3.76991  5.02655  -0.0270776  -0.344026
2.82743  3.76991  5.02655  -0.0247495  -0.360935
4.08407  3.76991  5.02655  -0.0206453  -0.367578
7.22566  3.76991  5.02655  -0.0133796  -0.327981
14.7655  3.76991  5.02655  -0.00559862  -0.222112
-16.6504  3.76991  5.65487  2.58453e-06  0.203255
-7.22566  3.76991  5.65487  4.10319e-06  0.327586
-5.34071  3.76991  5.65487  7.71927e-07  0.355974
-4.08407  3.76991  5.65487  2.55822e-06  0.367569
-2.82743  3.76991  5.65487  3.66117e-06  0.36236
-2.19911  3.76991  5.65487  3.78693e-06  0.347067
-1.5708  3.76991  5.65487  4.01025e-06  0.316549
-0.942478  3.76991  5.65487  4.3397e-06  0.260611
-0.314159  3.76991  5.65487  4.93731e-06  0.162128
0.314159  3.76991  5.65487  4.57154e-06  -0.162147
0.942478  3.76991  5.65487  3.9232e-06  -0.260627
1.5708  3.76991  5.65487  3.5747e-06  -0.316564
2.19911  3.76991  5.65487  3.29632e-06  -0.347082
2.82743  3.76991  5.65487  3.03581e-06  -0.362374
4.08407  3.76991  5.65487  2.6134e-06  -0.367582
7.22566  3.76991  5.65487  2.67866e-06  -0.327603
14.7655  3.76991  5.65487  2.02453e-06  -0.222026
-16.6504  3.76991  6.28319  0.00176574  0.20323
-7.22566  3.76991  6.28319  0.00509419  0.327435
-5.34071  3.76991  6.28319  0.00664587  0.355821
-4.08407  3.76991  6.28319  0.00806109  0.367552
-2.82743  3.76991  6.28319  0.00993538  0.362906
-2.19911  3.76991  6.28319  0.0111036  0.348328
-1.5708  3.76991  6.28319  0.0124453  0.31924
-0.942478  3.76991  6.28319  0.0139357  0.266019
-0.314159  3.76991  6.28319  0.0149783  0.162829
0.314159  3.76991  6.28319  0.0149777  -0.162847
0.942478  3.76991  6.28319  0.0139353  -0.266035
1.5708  3.76991  6.28319  0.0124449  -0.319254
2.19911  3.76991  6.28319  0.0111032  -0.348341
2.82743  3.76991  6.28319  0.00993482  -0.362919
4.08407  3.76991  6.28319  0.00806127  -0.367564
7.22566  3.76991  6.28319  0.00509288  -0.327451
14.7655  3.76991  6.28319  0.00211729  -0.221989
-16.6504  4.39823  0  0.0064428  0.203303
-7.22566  4.39823  0  0.0184753  0.327908
-5.34071  4.39823  0  0.0238775  0.356322
-4.08407  4.39823  0  0.0285506  0.367671
-2.82743  4.39823  0  0.0342499  0.361382
-2.19911  4.39823  0  0.0374646  0.344727
-1.5708  4.39823  0  0.040787  0.311577
-0.942478  4.39823  0  0.0438529  0.250225
-0.314159  4.39823  0  0.0458237  0.139046
0.314159  4.39823  0  0.0458234  -0.139061
0.942478  4.39823  0  0.0438526  -0.250239
1.5708  4.39823  0  0.0407868  -0.31159
2.19911  4.39823  0  0.0374644  -0.344739
2.82743  4.39823  0  0.0342496  -0.361393
4.08407  4.39823  0  0.0285511  -0.367682
7.22566  4.39823  0  0.0184742  -0.327922
14.7655  4.39823  0  0.00772807  -0.22209
-16.6504  4.39823  0.628319  0.00467108  0.203318
-7.22566  4.39823  0.628319  0.0133862  0.327965
-5.34071  4.39823  0.628319  0.0172847  0.356343
-4.08407  4.39823  0.628319  0.0206502  0.367565
-2.82743  4.39823  0.628319  0.024756  0.360921
-2.19911  4.39823  0.628319  0.0270845  0.344011
-1.5708  4.39823  0.628319  0.0295137  0.310879
-0.942478  4.39823  0.628319  0.0317825  0.250993
-0.314159  4.39823  0.628319  0.0332889  0.139642
0.314159  4.39823  0.628319  0.0332885  -0.139658
0.942478  4.39823  0.628319  0.0317823  -0.251008
1.5708  4.39823  0.628319  0.0295135  -0.310893
2.19911  4.39823  0.628319  0.0270842  -0.344024
2.82743  4.39823  0.628319  0.0247557  -0.360933
4.08407  4.39823  0.628319  0.0206506  -0.367576
7.22566  4.39823  0.628319  0.013385  -0.327979
14.7655  4.39823  0.628319  0.00560267  -0.222111
-16.6504  4.39823  1.25664  2.58127e-06  0.203347
-7.22566  4.39823  1.25664  4.16497e-06  0.328104
-5.34071  4.39823  1.25664  8.29878e-07  0.356415
-4.08407  4.39823  1.25664  2.56159e-06  0.367368
-2.82743  4.39823  1.25664  3.65675e-06  0.359906
-2.19911  4.39823  1.25664  3.76725e-06  0.342214
-1.5708  4.39823  1.25664  3.95534e-06  0.308077
-0.942478  4.39823  1.25664  4.22709e-06  0.248042
-0.314159  4.39823  1.25664  4.77846e-06  0.150673
0.314159  4.39823  1.25664  4.53127e-06  -0.150692
0.942478  4.39823  1.25664  3.92886e-06  -0.248058
1.5708  4.39823  1.25664  3.60982e-06  -0.308092
2.19911  4.39823  1.25664  3.34694e-06  -0.342228
2.82743  4.39823  1.25664  3.11373e-06  -0.35992
4.08407  4.39823  1.25664  2.63155e-06  -0.367381
7.22566  4.39823  1.25664  2.67946e-06  -0.32812
14.7655  4.39823  1.25664  2.02989e-06  -0.222155
-16.6504  4.39823  1.88496  -0.00581363  0.203367
-7.22566  4.39823  1.88496  -0.0166012  0.328274
-5.34071  4.39823  1.88496  -0.021316  0.35658
-4.08407  4.39823  1.88496  -0.0252561  0.367363
-2.82743  4.39823  1.88496  -0.0298604  0.359301
-2.19911  4.39823  1.88496  -0.0323499  0.341009
-1.5708  4.39823  1.88496  -0.0348244  0.306007
-0.942478  4.39823  1.88496  -0.0369722  0.244367
-0.314159  4.39823  1.88496  -0.0382893  0.134313
0.314159  4.39823  1.88496  -0.0382897  -0.134334
0.942478  4.39823  1.88496  -0.0369726  -0.244386
1.5708  4.39823  1.88496  -0.034825  -0.306024
2.19911  4.39823  1.88496  -0.0323506  -0.341026
2.82743  4.39823  1.88496  -0.0298612  -0.359318
4.08407  4.39823  1.88496  -0.0252565  -0.367379
7.22566  4.39823  1.88496  -0.016603  -0.328292
14.7655  4.39823  1.88496  -0.00697558  -0.22219
-16.6504  4.39823  2.51327  -0.0105354  0.203368
-7.22566  4.39823  2.51327  -0.030005  0.3284
-5.34071  4.39823  2.51327  -0.0383836  0.356752
-4.08407  4.39823  2.51327  -0.0452338  0.367479
-2.82743  4.39823  2.51327  -0.0528908  0.358976
-2.19911  4.39823  2.51327  -0.0567732  0.339953
-1.5708  4.39823  2.51327  -0.0603712  0.303209
-0.942478  4.39823  2.51327  -0.0632483  0.237683
-0.314159  4.39823  2.51327  -0.0648831  0.127095
0.314159  4.39823  2.51327  -0.0648834  -0.127118
0.942478  4.39823  2.51327  -0.0632487  -0.237704
1.5708  4.39823  2.51327  -0.0603718  -0.303229
2.19911  4.39823  2.51327  -0.056774  -0.339971
2.82743  4.39823  2.51327  -0.0528918  -0.358994
4.08407  4.39823  2.51327  -0.0452344  -0.367496
7.22566  4.39823  2.51327  -0.0300071  -0.32842
14.7655  4.39823  2.51327  -0.0126395  -0.2222
-16.6504  4.39823  3.14159  -0.0123348  0.203364
-7.22566  4.39823  3.14159  -0.0350868  0.328443
-5.34071  4.39823  3.14159  -0.0448125  0.356819
-4.08407  4.39823  3.14159  -0.0526834  0.367537
-2.82743  4.39823  3.14159  -0.0612983  0.358882
-2.19911  4.39823  3.14159  -0.065535  0.339607
-1.5708  4.39823  3.14159  -0.0693368  0.302375
-0.942478  4.39823  3.14159  -0.0722563  0.235893
-0.314159  4.39823  3.14159  -0.0738438  0.117215
0.314159  4.39823  3.14159  -0.0738441  -0.117238
0.942478  4.39823  3.14159  -0.0722568  -0.235915
1.5708  4.39823  3.14159  -0.0693374  -0.302395
2.19911  4.39823  3.14159  -0.0655359  -0.339627
2.82743  4.39823  3.14159  -0.0612993  -0.358901
4.08407  4.39823  3.14159  -0.0526842  -0.367555
7.22566  4.39823  3.14159  -0.035089  -0.328464
14.7655  4.39823  3.14159  -0.0147975  -0.222199
-16.6504  4.39823  3.76991  -0.0105354  0.203368
-7.22566  4.39823  3.76991  -0.030005  0.3284
-5.34071  4.39823  3.76991  -0.0383836  0.356752
-4.08407  4.39823  3.76991  -0.0452338  0.367479
-2.82743  4.39823  3.76991  -0.0528908  0.358976
-2.19911  4.39823  3.76991  -0.0567732  0.339953
-1.5708  4.39823  3.76991  -0.0603712  0.303209
-0.942478  4.39823  3.76991  -0.0632483  0.237683
-0.314159  4.39823  3.76991  -0.0648831  0.127095
0.314159  4.39823  3.76991  -0.0648834  -0.127118
0.942478  4.39823  3.76991  -0.0632487  -0.237704
1.5708  4.39823  3.76991  -0.0603718  -0.303229
2.19911  4.39823  3.76991  -0.056774  -0.339971
2.82743  4.39823  3.76991  -0.0528918  -0.358994
4.08407  4.39823  3.76991  -0.0452344  -0.367496
7.22566  4.39823  3.76991  -0.0300071  -0.32842
14.7655  4.39823  3.76991  -0.0126395  -0.2222
-16.6504  4.39823  4.39823  -0.00581363  0.203367
-7.22566  4.39823  4.39823  -0.0166012  0.328274
-5.34071  4.39823  4.39823  -0.021316  0.35658
-4.08407  4.39823  4.39823  -0.0252561  0.367363
-2.82743  4.39823  4.39823  -0.0298604  0.359301
-2.19911  4.39823  4.39823  -0.0323499  0.341009
-1.5708  4.39823  4.39823  -0.0348244  0.306007
-0.942478  4.39823  4.39823  -0.0369722  0.244367
-0.314159  4.39823  4.39823  -0.0382893  0.134313
0.314159  4.39823  4.39823  -0.0382897  -0.134334
0.942478  4.39823  4.39823  -0.0369726  -0.244386
1.5708  4.39823  4.39823  -0.034825  -0.306024
2.19911  4.39823  4.39823  -0.0323506  -0.341026
2.82743  4.39823  4.39823  -0.0298612  -0.359318
4.08407  4.39823  4.39823  -0.0252565  -0.367379
7.22566  4.39823  4.39823  -0.016603  -0.328292
14.7655  4.39823  4.39823  -0.00697558  -0.22219
-16.6504  4.39823  5.02655  2.58127e-06  0.203347
-7.22566  4.39823  5.02655  4.16497e-06  0.328104
-5.34071  4.39823  5.02655  8.29878e-07  0.356415
-4.08407  4.39823  5.02655  2.56159e-06  0.367368
-2.82743  4.39823  5.02655  3.65675e-06  0.359906
-2.19911  4.39823  5.02655  3.76725e-06  0.342214
-1.5708  4.39823  5.02655  3.95534e-06  0.308077
-0.942478  4.39823  5.02655  4.22709e-06  0.248042
-0.314159  4.39823  5.02655  4.77846e-06  0.150673
0.314159  4.39823  5.02655  4.53127e-06  -0.150692
0.942478  4.39823  5.02655  3.92886e-06  -0.248058
1.5708  4.39823  5.02655  3.60982e-06  -0.308092
2.19911  4.39823  5.02655  3.34694e-06  -0.342228
2.82743  4.39823  5.02655  3.11373e-06  -0.35992
4.08407  4.39823  5.02655  2.63155e-06  -0.367381
7.22566  4.39823  5.02655  2.67946e-06  -0.32812
14.7655  4.39823  5.02655  2.02989e-06  -0.222155
-16.6504  4.39823  5.65487  0.00467108  0.203318
-7.22566  4.39823  5.65487  0.0133862  0.327965
-5.34071  4.39823  5.65487  0.0172847  0.356343
-4.08407  4.39823  5.65487  0.0206502  0.367565
-2.82743  4.39823  5.65487  0.024756  0.360921
-2.19911  4.39823  5.65487  0.0270845  0.344011
-1.5708  4.39823  5.65487  0.0295137  0.310879
-0.942478  4.39823  5.65487  0.0317825  0.250993
-0.314159  4.39823  5.65487  0.0332889  0.139642
0.314159  4.39823  5.65487  0.0332885  -0.139658
0.942478  4.39823  5.65487  0.0317823  -0.251008
1.5708  4.39823  5.65487  0.0295135  -0.310893
2.19911  4.39823  5.65487  0.0270842  -0.344024
2.82743  4.39823  5.65487  0.0247557  -0.360933
4.08407  4.39823  5.65487  0.0206506  -0.367576
7.22566  4.39823  5.65487  0.013385  -0.327979
14.7655  4.39823  5.65487  0.00560267  -0.222111
-16.6504  4.39823  6.28319  0.0064428  0.203303
-7.22566  4.39823  6.28319  0.0184753  0.327908
-5.34071  4.39823  6.28319  0.0238775  0.356322
-4.08407  4.39823  6.28319  0.0285506  0.367671
-2.82743  4.39823  6.28319  0.0342499  0.361382
-2.19911  4.39823  6.28319  0.0374646  0.344727
-1.5708  4.39823  6.28319  0.040787  0.311577
-0.942478  4.39823  6.28319  0.0438529  0.250225
-0.314159  4.39823  6.28319  0.0458237  0.139046
0.314159  4.39823  6.28319  0.0458234  -0.139061
0.942478  4.39823  6.28319  0.0438526  -0.250239
1.5708  4.39823  6.28319  0.0407868  -0.31159
2.19911  4.39823  6.28319  0.0374644  -0.344739
2.82743  4.39823  6.28319  0.0342496  -0.361393
4.08407  4.39823  6.28319  0.0285511  -0.367682
7.22566  4.39823  6.28319  0.0184742  -0.327922
14.7655  4.39823  6.28319  0.00772807  -0.22209
-16.6504  5.02655  0  0.01234  0.203377
-7.22566  5.02655  0  0.0350952  0.328446
-5.34071  5.02655  0  0.0448143  0.356823
-4.08407  5.02655  0  0.0526885  0.367542
-2.82743  5.02655  0  0.0613056  0.358887
-2.19911  5.02655  0  0.0655426  0.339612
-1.5708  5.02655  0  0.0693447  0.30238
-0.942478  5.02655  0  0.0722648  0.235898
-0.314159  5.02655  0  0.0738529  0.11722
0.314159  5.02655  0  0.0738527  -0.117233
0.942478  5.02655  0  0.0722647  -0.23591
1.5708  5.02655  0  0.0693447  -0.30239
2.19911  5.02655  0  0.0655427  -0.339621
2.82743  5.02655  0  0.0613057  -0.358896
4.08407  5.02655  0  0.0526894  -0.36755
7.22566  5.02655  0  0.0350944  -0.328457
14.7655  5.02655  0  0.0148015  -0.222196
-16.6504  5.02655  0.628319  0.0105406  0.203379
-7.22566  5.02655  0.628319  0.0300134  0.328403
-5.34071  5.02655  0.628319  0.0383854  0.356755
-4.08407  5.02655  0.628319  0.0452389  0.367482
-2.82743  5.02655  0.628319  0.0528981  0.358979
-2.19911  5.02655  0.628319  0.0567808  0.339956
-1.5708  5.02655  0.628319  0.0603791  0.303213
-0.942478  5.02655  0.628319  0.0632567  0.237687
-0.314159  5.02655  0.628319  0.0648923  0.1271
0.314159  5.02655  0.628319  0.0648922  -0.127113
0.942478  5.02655  0.628319  0.0632566  -0.237699
1.5708  5.02655  0.628319  0.0603791  -0.303225
2.19911  5.02655  0.628319  0.0567808  -0.339967
2.82743  5.02655  0.628319  0.0528981  -0.358989
4.08407  5.02655  0.628319  0.0452397  -0.367491
7.22566  5.02655  0.628319  0.0300124  -0.328415
14.7655  5.02655  0.628319  0.0126435  -0.222197
-16.6504  5.02655  1.25664  0.00581879  0.203373
-7.22566  5.02655  1.25664  0.0166095  0.328275
-5.34071  5.02655  1.25664  0.0213177  0.356582
-4.08407  5.02655  1.25664  0.0252613  0.367365
-2.82743  5.02655  1.25664  0.0298677  0.359304
-2.19911  5.02655  1.25664  0.0323575  0.341011
-1.5708  5.02655  1.25664  0.0348324  0.306009
-0.942478  5.02655  1.25664  0.0369807  0.244369
-0.314159  5.02655  1.25664  0.0382988  0.134315
0.314159  5.02655  1.25664  0.0382985  -0.134331
0.942478  5.02655  1.25664  0.0369805  -0.244383
1.5708  5.02655  1.25664  0.0348322  -0.306022
2.19911  5.02655  1.25664  0.0323573  -0.341024
2.82743  5.02655  1.25664  0.0298674  -0.359315
4.08407  5.02655  1.25664  0.0252617  -0.367376
7.22566  5.02655  1.25664  0.0166083  -0.328289
14.7655  5.02655  1.25664  0.00697964  -0.222188
-16.6504  5.02655  1.88496  2.58127e-06  0.203347
-7.22566  5.02655  1.88496  4.16497e-06  0.328104
-5.34071  5.02655  1.88496  8.29878e-07  0.356415
-4.08407  5.02655  1.88496  2.56159e-06  0.367368
-2.82743  5.02655  1.88496  3.65675e-06  0.359906
-2.19911  5.02655  1.88496  3.76725e-06  0.342214
-1.5708  5.02655  1.88496  3.95534e-06  0.308077
-0.942478  5.02655  1.88496  4.22709e-06  0.248042
-0.314159  5.02655  1.88496  4.77846e-06  0.150673
0.314159  5.02655  1.88496  4.53127e-06  -0.150692
0.942478  5.02655  1.88496  3.92886e-06  -0.248058
1.5708  5.02655  1.88496  3.60982e-06  -0.308092
2.19911  5.02655  1.88496  3.34694e-06  -0.342228
2.82743  5.02655  1.88496  3.11373e-06  -0.35992
4.08407  5.02655  1.88496  2.63155e-06  -0.367381
7.22566  5.02655  1.88496  2.67946e-06  -0.32812
14.7655  5.02655  1.88496  2.02989e-06  -0.222155
-16.6504  5.02655  2.51327  -0.00466591  0.203313
-7.22566  5.02655  2.51327  -0.0133779  0.327963
-5.34071  5.02655  2.51327  -0.0172831  0.356341
-4.08407  5.02655  2.51327  -0.0206451  0.367563
-2.82743  5.02655  2.51327  -0.0247487  0.360919
-2.19911  5.02655  2.51327  -0.0270769  0.344009
-1.5708  5.02655  2.51327  -0.0295057  0.310877
-0.942478  5.02655  2.51327  -0.0317739  0.250991
-0.314159  5.02655  2.51327  -0.0332793  0.13964
0.314159  5.02655  2.51327  -0.0332798  -0.13966
0.942478  5.02655  2.51327  -0.0317744  -0.25101
1.5708  5.02655  2.51327  -0.0295062  -0.310895
2.19911  5.02655  2.51327  -0.0270776  -0.344026
2.82743  5.02655  2.51327  -0.0247495  -0.360935
4.08407  5.02655  2.51327  -0.0206453  -0.367578
7.22566  5.02655  2.51327  -0.0133796  -0.327981
14.7655  5.02655  2.51327  -0.00559862  -0.222112
-16.6504  5.02655  3.14159  -0.00643763  0.203296
-7.22566  5.02655  3.14159  -0.018467  0.327906
-5.34071  5.02655  3.14159  -0.0238759  0.35632
-4.08407  5.02655  3.14159  -0.0285454  0.367669
-2.82743  5.02655  3.14159  -0.0342426  0.36138
-2.19911  5.02655  3.14159  -0.037457  0.344725
-1.5708  5.02655  3.14159  -0.040779  0.311575
-0.942478  5.02655  3.14159  -0.0438442  0.250222
-0.314159  5.02655  3.14159  -0.0458142  0.139043
0.314159  5.02655  3.14159  -0.0458146  -0.139064
0.942478  5.02655  3.14159  -0.0438448  -0.250242
1.5708  5.02655  3.14159  -0.0407796  -0.311593
2.19911  5.02655  3.14159  -0.0374578  -0.344742
2.82743  5.02655  3.14159  -0.0342435  -0.361396
4.08407  5.02655  3.14159  -0.0285459  -0.367684
7.22566  5.02655  3.14159  -0.0184688  -0.327925
14.7655  5.02655  3.14159  -0.00772402  -0.222092
-16.6504  5.02655  3.76991  -0.00466591  0.203313
-7.22566  5.02655  3.76991  -0.0133779  0.327963
-5.34071  5.02655  3.76991  -0.0172831  0.356341
-4.08407  5.02655  3.76991  -0.0206451  0.367563
-2.82743  5.02655  3.76991  -0.0247487  0.360919
-2.19911  5.02655  3.76991  -0.0270769  0.344009
-1.5708  5.02655  3.76991  -0.0295057  0.310877
-0.942478  5.02655  3.76991  -0.0317739  0.250991
-0.314159  5.02655  3.76991  -0.0332793  0.13964
0.314159  5.02655  3.76991  -0.0332798  -0.13966
0.942478  5.02655  3.76991  -0.0317744  -0.25101
1.5708  5.02655  3.76991  -0.0295062  -0.310895
2.19911  5.02655  3.76991  -0.0270776  -0.344026
2.82743  5.02655  3.76991  -0.0247495  -0.360935
4.08407  5.02655  3.76991  -0.0206453  -0.367578
7.22566  5.02655  3.76991  -0.0133796  -0.327981
14.7655  5.02655  3.76991  -0.00559862  -0.222112
-16.6504  5.02655  4.39823  2.58127e-06  0.203347
-7.22566  5.02655  4.39823  4.16497e-06  0.328104
-5.34071  5.02655  4.39823  8.29878e-07  0.356415
-4.08407  5.02655  4.39823  2.56159e-06  0.367368
-2.82743  5.02655  4.39823  3.65675e-06  0.359906
-2.19911  5.02655  4.39823  3.76725e-06  0.342214
-1.5708  5.02655  4.39823  3.95534e-06  0.308077
-0.942478  5.02655  4.39823  4.22709e-06  0.248042
-0.314159  5.02655  4.39823  4.77846e-06  0.150673
0.314159  5.02655  4.39823  4.53127e-06  -0.150692
0.942478  5.02655  4.39823  3.92886e-06  -0.248058
1.5708  5.02655  4.39823  3.60982e-06  -0.308092
2.19911  5.02655  4.39823  3.34694e-06  -0.342228
2.82743  5.02655  4.39823  3.11373e-06  -0.35992
4.08407  5.02655  4.39823  2.63155e-06  -0.367381
7.22566  5.02655  4.39823  2.67946e-06  -0.32812
14.7655  5.02655  4.39823  2.02989e-06  -0.222155
-16.6504  5.02655  5.02655  0.00581879  0.203373
-7.22566  5.02655  5.02655  0.0166095  0.328275
-5.34071  5.02655  5.02655  0.0213177  0.356582
-4.08407  5.02655  5.02655  0.0252613  0.367365
-2.82743  5.02655  5.02655  0.0298677  0.359304
-2.19911  5.02655  5.02655  0.0323575  0.341011
-1.5708  5.02655  5.02655  0.0348324  0.306009
-0.942478  5.02655  5.02655  0.0369807  0.244369
-0.314159  5.02655  5.02655  0.0382988  0.134315
0.314159  5.02655  5.02655  0.0382985  -0.134331
0.942478  5.02655  5.02655  0.0369805  -0.244383
1.5708  5.02655  5.02655  0.0348322  -0.306022
2.19911  5.02655  5.02655  0.0323573  -0.341024
2.82743  5.02655  5.02655  0.0298674  -0.359315
4.08407  5.02655  5.02655  0.0252617  -0.367376
7.22566  5.02655  5.02655  0.0166083  -0.328289
14.7655  5.02655  5.02655  0.00697964  -0.222188
-16.6504  5.02655  5.65487  0.0105406  0.203379
-7.22566  5.02655  5.65487  0.0300134  0.328403
-5.34071  5.02655  5.65487  0.0383854  0.356755
-4.08407  5.02655  5.65487  0.0452389  0.367482
-2.82743  5.02655  5.65487  0.0528981  0.358979
-2.19911  5.02655  5.65487  0.0567808  0.339956
-1.5708  5.02655  5.65487  0.0603791  0.303213
-0.942478  5.02655  5.65487  0.0632567  0.237687
-0.314159  5.02655  5.65487  0.0648923  0.1271
0.314159  5.02655  5.65487  0.0648922  -0.127113
0.942478  5.02655  5.65487  0.0632566  -0.237699
1.5708  5.02655  5.65487  0.0603791  -0.303225
2.19911  5.02655  5.65487  0.0567808  -0.339967
2.82743  5.02655  5.65487  0.0528981  -0.358989
4.08407  5.02655  5.65487  0.0452397  -0.367491
7.22566  5.02655  5.65487  0.0300124  -0.328415
14.7655  5.02655  5.65487  0.0126435  -0.222197
-16.6504  5.02655  6.28319  0.01234  0.203377
-7.22566  5.02655  6.28319  0.0350952  0.328446
-5.34071  5.02655  6.28319  0.0448143  0.356823
-4.08407  5.02655  6.28319  0.0526885  0.367542
-2.82743  5.02655  6.28319  0.0613056  0.358887
-2.19911  5.02655  6.28319  0.0655426  0.339612
-1.5708  5.02655  6.28319  0.0693447  0.30238
-0.942478  5.02655  6.28319  0.0722648  0.235898
-0.314159  5.02655  6.28319  0.0738529  0.11722
0.314159  5.02655  6.28319  0.0738527  -0.117233
0.942478  5.02655  6.28319  0.0722647  -0.23591
1.5708  5.02655  6.28319  0.0693447  -0.30239
2.19911  5.02655  6.28319  0.0655427  -0.339621
2.82743  5.02655  6.28319  0.0613057  -0.358896
4.08407  5.02655  6.28319  0.0526894  -0.36755
7.22566  5.02655  6.28319  0.0350944  -0.328457
14.7655  5.02655  6.28319  0.0148015  -0.222196
-16.6504  5.65487  0  0.0172238  0.203423
-7.22566  5.65487  0  0.048676  0.32884
-5.34071  5.65487  0  0.0615766  0.35714
-4.08407  5.65487  0  0.0714824  0.367257
-2.82743  5.65487  0  0.0814015  0.356557
-2.19911  5.65487  0  0.0857676  0.335173
-1.5708  5.65487  0  0.0893036  0.294832
-0.942478  5.65487  0  0.0917292  0.225035
-0.314159  5.65487  0  0.0929277  0.11454
0.314159  5.65487  0  0.0929277  -0.114551
0.942478  5.65487  0  0.0917293  -0.225044
1.5708  5.65487  0  0.0893038  -0.294841
2.19911  5.65487  0  0.0857678  -0.335181
2.82743  5.65487  0  0.0814018  -0.356565
4.08407  5.65487  0  0.0714837  -0.367264
7.22566  5.65487  0  0.0486752  -0.328849
14.7655  5.65487  0  0.0206596  -0.222264
-16.6504  5.65487  0.628319  0.0153672  0.203414
-7.22566  5.65487  0.628319  0.0435233  0.328729
-5.34071  5.65487  0.628319  0.0552279  0.357049
-4.08407  5.65487  0.628319  0.0643818  0.367347
-2.82743  5.65487  0.628319  0.0738414  0.357292
-2.19911  5.65487  0.628319  0.0781748  0.336628
-1.5708  5.65487  0.628319  0.081809  0.2975
-0.942478  5.65487  0.628319  0.0843861  0.229296
-0.314159  5.65487  0.628319  0.0856862  0.112278
0.314159  5.65487  0.628319  0.0856861  -0.11229
0.942478  5.65487  0.628319  0.0843862  -0.229306
1.5708  5.65487  0.628319  0.0818091  -0.29751
2.19911  5.65487  0.628319  0.078175  -0.336637
2.82743  5.65487  0.628319  0.0738417  -0.3573
4.08407  5.65487  0.628319  0.0643829  -0.367354
7.22566  5.65487  0.628319  0.0435225  -0.328739
14.7655  5.65487  0.628319  0.018433  -0.22225
-16.6504  5.65487  1.25664  0.0105406  0.203379
-7.22566  5.65487  1.25664  0.0300134  0.328403
-5.34071  5.65487  1.25664  0.0383854  0.356755
-4.08407  5.65487  1.25664  0.0452389  0.367482
-2.82743  5.65487  1.25664  0.0528981  0.358979
-2.19911  5.65487  1.25664  0.0567808  0.339956
-1.5708  5.65487  1.25664  0.0603791  0.303213
-0.942478  5.65487  1.25664  0.0632567  0.237687
-0.314159  5.65487  1.25664  0.0648923  0.1271
0.314159  5.65487  1.25664  0.0648922  -0.127113
0.942478  5.65487  1.25664  0.0632566  -0.237699
1.5708  5.65487  1.25664  0.0603791  -0.303225
2.19911  5.65487  1.25664  0.0567808  -0.339967
2.82743  5.65487  1.25664  0.0528981  -0.358989
4.08407  5.65487  1.25664  0.0452397  -0.367491
7.22566  5.65487  1.25664  0.0300124  -0.328415
14.7655  5.65487  1.25664  0.0126435  -0.222197
-16.6504  5.65487  1.88496  0.00467108  0.203318
-7.22566  5.65487  1.88496  0.0133862  0.327965
-5.34071  5.65487  1.88496  0.0172847  0.356343
-4.08407  5.65487  1.88496  0.0206502  0.367565
-2.82743  5.65487  1.88496  0.024756  0.360921
-2.19911  5.65487  1.88496  0.0270845  0.344011
-1.5708  5.65487  1.88496  0.0295137  0.310879
-0.942478  5.65487  1.88496  0.0317825  0.250993
-0.314159  5.65487  1.88496  0.0332889  0.139642
0.314159  5.65487  1.88496  0.0332885  -0.139658
0.942478  5.65487  1.88496  0.0317823  -0.251008
1.5708  5.65487  1.88496  0.0295135  -0.310893
2.19911  5.65487  1.88496  0.0270842  -0.344024
2.82743  5.65487  1.88496  0.0247557  -0.360933
4.08407  5.65487  1.88496  0.0206506  -0.367576
7.22566  5.65487  1.88496  0.013385  -0.327979
14.7655  5.65487  1.88496  0.00560267  -0.222111
-16.6504  5.65487  2.51327  2.58453e-06  0.203255
-7.22566  5.65487  2.51327  4.10319e-06  0.327586
-5.34071  5.65487  2.51327  7.71927e-07  0.355974
-4.08407  5.65487  2.51327  2.55822e-06  0.367569
-2.82743  5.65487  2.51327  3.66117e-06  0.36236
-2.19911  5.65487  2.51327  3.78693e-06  0.347067
-1.5708  5.65487  2.51327  4.01025e-06  0.316549
-0.942478  5.65487  2.51327  4.3397e-06  0.260611
-0.314159  5.65487  2.51327  4.93731e-06  0.162128
0.314159  5.65487  2.51327  4.57154e-06  -0.162147
0.942478  5.65487  2.51327  3.9232e-06  -0.260627
1.5708  5.65487  2.51327  3.5747e-06  -0.316564
2.19911  5.65487  2.51327  3.29632e-06  -0.347082
2.82743  5.65487  2.51327  3.03581e-06  -0.362374
4.08407  5.65487  2.51327  2.6134e-06  -0.367582
7.22566  5.65487  2.51327  2.67866e-06  -0.327603
14.7655  5.65487  2.51327  2.02453e-06  -0.222026
-16.6504  5.65487  3.14159  -0.00176057  0.203228
-7.22566  5.65487  3.14159  -0.00508602  0.327435
-5.34071  5.65487  3.14159  -0.00664436  0.35582
-4.08407  5.65487  3.14159  -0.00805598  0.367551
-2.82743  5.65487  3.14159  -0.00992807  0.362905
-2.19911  5.65487  3.14159  -0.011096  0.348327
-1.5708  5.65487  3.14159  -0.0124373  0.319239
-0.942478  5.65487  3.14159  -0.0139269  0.266018
-0.314159  5.65487  3.14159  -0.0149681  0.162828
0.314159  5.65487  3.14159  -0.0149688  -0.162848
0.942478  5.65487  3.14159  -0.0139274  -0.266035
1.5708  5.65487  3.14159  -0.0124378  -0.319255
2.19911  5.65487  3.14159  -0.0110966  -0.348342
2.82743  5.65487  3.14159  -0.00992881  -0.36292
4.08407  5.65487  3.14159  -0.00805605  -0.367565
7.22566  5.65487  3.14159  -0.00508752  -0.327452
14.7655  5.65487  3.14159  -0.00211325  -0.22199
-16.6504  5.65487  3.76991  2.58453e-06  0.203255
-7.22566  5.65487  3.76991  4.10319e-06  0.327586
-5.34071  5.65487  3.76991  7.71927e-07  0.355974
-4.08407  5.65487  3.76991  2.55822e-06  0.367569
-2.82743  5.65487  3.76991  3.66117e-06  0.36236
-2.19911  5.65487  3.76991  3.78693e-06  0.347067
-1.5708  5.65487  3.76991  4.01025e-06  0.316549
-0.942478  5.65487  3.76991  4.3397e-06  0.260611
-0.314159  5.65487  3.76991  4.93731e-06  0.162128
0.314159  5.65487  3.76991  4.57154e-06  -0.162147
0.942478  5.65487  3.76991  3.9232e-06  -0.260627
1.5708  5.65487  3.76991  3.5747e-06  -0.316564
2.19911  5.65487  3.76991  3.29632e-06  -0.347082
2.82743  5.65487  3.76991  3.03581e-06  -0.362374
4.08407  5.65487  3.76991  2.6134e-06  -0.367582
7.22566  5.65487  3.76991  2.67866e-06  -0.327603
14.7655  5.65487  3.76991  2.02453e-06  -0.222026
-16.6504  5.65487  4.39823  0.00467108  0.203318
-7.22566  5.65487  4.39823  0.0133862  0.327965
-5.34071  5.65487  4.39823  0.0172847  0.356343
-4.08407  5.65487  4.39823  0.0206502  0.367565
-2.82743  5.65487  4.39823  0.024756  0.360921
-2.19911  5.65487  4.39823  0.0270845  0.344011
-1.5708  5.65487  4.39823  0.0295137  0.310879
-0.942478  5.65487  4.39823  0.0317825  0.250993
-0.314159  5.65487  4.39823  0.0332889  0.139642
0.314159  5.65487  4.39823  0.0332885  -0.139658
0.942478  5.65487  4.39823  0.0317823  -0.251008
1.5708  5.65487  4.39823  0.0295135  -0.310893
2.19911  5.65487  4.39823  0.0270842  -0.344024
2.82743  5.65487  4.39823  0.0247557  -0.360933
4.08407  5.65487  4.39823  0.0206506  -0.367576
7.22566  5.65487  4.39823  0.013385  -0.327979
14.7655  5.65487  4.39823  0.00560267  -0.222111
-16.6504  5.65487  5.02655  0.0105406  0.203379
-7.22566  5.65487  5.02655  0.0300134  0.328403
-5.34071  5.65487  5.02655  0.0383854  0.356755
-4.08407  5.65487  5.02655  0.0452389  0.367482
-2.82743  5.65487  5.02655  0.0528981  0.358979
-2.19911  5.65487  5.02655  0.0567808  0.339956
-1.5708  5.65487  5.02655  0.0603791  0.303213
-0.942478  5.65487  5.02655  0.0632567  0.237687
-0.314159  5.65487  5.02655  0.0648923  0.1271
0.314159  5.65487  5.02655  0.0648922  -0.127113
0.942478  5.65487  5.02655  0.0632566  -0.237699
1.5708  5.65487  5.02655  0.0603791  -0.303225
2.19911  5.65487  5.02655  0.0567808  -0.339967
2.82743  5.65487  5.02655  0.0528981  -0.358989
4.08407  5.65487  5.02655  0.0452397  -0.367491
7.22566  5.65487  5.02655  0.0300124  -0.328415
14.7655  5.65487  5.02655  0.0126435  -0.222197
-16.6504  5.65487  5.65487  0.0153672  0.203414
-7.22566  5.65487  5.65487  0.0435233  0.328729
-5.34071  5.65487  5.65487  0.0552279  0.357049
-4.08407  5.65487  5.65487  0.0643818  0.367347
-2.82743  5.65487  5.65487  0.0738414  0.357292
-2.19911  5.65487  5.65487  0.0781748  0.336628
-1.5708  5.65487  5.65487  0.081809  0.2975
-0.942478  5.65487  5.65487  0.0843861  0.229296
-0.314159  5.65487  5.65487  0.0856862  0.112278
0.314159  5.65487  5.65487  0.0856861  -0.11229
0.942478  5.65487  5.65487  0.0843862  -0.229306
1.5708  5.65487  5.65487  0.0818091  -0.29751
2.19911  5.65487  5.65487  0.078175  -0.336637
2.82743  5.65487  5.65487  0.0738417  -0.3573
4.08407  5.65487  5.65487  0.0643829  -0.367354
7.22566  5.65487  5.65487  0.0435225  -0.328739
14.7655  5.65487  5.65487  0.018433  -0.22225
-16.6504  5.65487  6.28319  0.0172238  0.203423
-7.22566  5.65487  6.28319  0.048676  0.32884
-5.34071  5.65487  6.28319  0.0615766  0.35714
-4.08407  5.65487  6.28319  0.0714824  0.367257
-2.82743  5.65487  6.28319  0.0814015  0.356557
-2.19911  5.65487  6.28319  0.0857676  0.335173
-1.5708  5.65487  6.28319  0.0893036  0.294832
-0.942478  5.65487  6.28319  0.0917292  0.225035
-0.314159  5.65487  6.28319  0.0929277  0.11454
0.314159  5.65487  6.28319  0.0929277  -0.114551
0.942478  5.65487  6.28319  0.0917293  -0.225044
1.5708  5.65487  6.28319  0.0893038  -0.294841
2.19911  5.65487  6.28319  0.0857678  -0.335181
2.82743  5.65487  6.28319  0.0814018  -0.356565
4.08407  5.65487  6.28319  0.0714837  -0.367264
7.22566  5.65487  6.28319  0.0486752  -0.328849
14.7655  5.65487  6.28319  0.0206596  -0.222264
-16.6504  6.28319  0  0.0191232  0.203435
-7.22566  6.28319  0  0.0539257  0.328974
-5.34071  6.28319  0  0.0679877  0.357233
-4.08407  6.28319  0  0.0785714  0.367106
-2.82743  6.28319  0  0.0888326  0.355643
-2.19911  6.28319  0  0.0931809  0.333581
-1.5708  6.28319  0  0.0965972  0.292539
-0.942478  6.28319  0  0.0988816  0.222618
-0.314159  6.28319  0  0.0999981  0.107451
0.314159  6.28319  0  0.099998  -0.107461
0.942478  6.28319  0  0.0988817  -0.222627
1.5708  6.28319  0  0.0965974  -0.292547
2.19911  6.28319  0  0.0931812  -0.333588
2.82743  6.28319  0  0.088833  -0.35565
4.08407  6.28319  0  0.078573  -0.367112
7.22566  6.28319  0  0.053925  -0.328983
14.7655  6.28319  0  0.0229382  -0.222283
-16.6504  6.28319  0.628319  0.0172238  0.203423
-7.22566  6.28319  0.628319  0.048676  0.32884
-5.34071  6.28319  0.628319  0.0615766  0.35714
-4.08407  6.28319  0.628319  0.0714824  0.367257
-2.82743  6.28319  0.628319  0.0814015  0.356557
-2.19911  6.28319  0.628319  0.0857676  0.335173
-1.5708  6.28319  0.628319  0.0893036  0.294832
-0.942478  6.28319  0.628319  0.0917292  0.225035
-0.314159  6.28319  0.628319  0.0929277  0.11454
0.314159  6.28319  0.628319  0.0929277  -0.114551
0.942478  6.28319  0.628319  0.0917293  -0.225044
1.5708  6.28319  0.628319  0.0893038  -0.294841
2.19911  6.28319  0.628319  0.0857678  -0.335181
2.82743  6.28319  0.628319  0.0814018  -0.356565
4.08407  6.28319  0.628319  0.0714837  -0.367264
7.22566  6.28319  0.628319  0.0486752  -0.328849
14.7655  6.28319  0.628319  0.0206596  -0.222264
-16.6504  6.28319  1.25664  0.01234  0.203377
-7.22566  6.28319  1.25664  0.0350952  0.328446
-5.34071  6.28319  1.25664  0.0448143  0.356823
-4.08407  6.28319  1.25664  0.0526885  0.367542
-2.82743  6.28319  1.25664  0.0613056  0.358887
-2.19911  6.28319  1.25664  0.0655426  0.339612
-1.5708  6.28319  1.25664  0.0693447  0.30238
-0.942478  6.28319  1.25664  0.0722648  0.235898
-0.314159  6.28319  1.25664  0.0738529  0.11722
0.314159  6.28319  1.25664  0.0738527  -0.117233
0.942478  6.28319  1.25664  0.0722647  -0.23591
1.5708  6.28319  1.25664  0.0693447  -0.30239
2.19911  6.28319  1.25664  0.0655427  -0.339621
2.82743  6.28319  1.25664  0.0613057  -0.358896
4.08407  6.28319  1.25664  0.0526894  -0.36755
7.22566  6.28319  1.25664  0.0350944  -0.328457
14.7655  6.28319  1.25664  0.0148015  -0.222196
-16.6504  6.28319  1.88496  0.0064428  0.203303
-7.22566  6.28319  1.88496  0.0184753  0.327908
-5.34071  6.28319  1.88496  0.0238775  0.356322
-4.08407  6.28319  1.88496  0.0285506  0.367671
-2.82743  6.28319  1.88496  0.0342499  0.361382
-2.19911  6.28319  1.88496  0.0374646  0.344727
-1.5708  6.28319  1.88496  0.040787  0.311577
-0.942478  6.28319  1.88496  0.0438529  0.250225
-0.314159  6.28319  1.88496  0.0458237  0.139046
0.314159  6.28319  1.88496  0.0458234  -0.139061
0.942478  6.28319  1.88496  0.0438526  -0.250239
1.5708  6.28319  1.88496  0.0407868  -0.31159
2.19911  6.28319  1.88496  0.0374644  -0.344739
2.82743  6.28319  1.88496  0.0342496  -0.361393
4.08407  6.28319  1.88496  0.0285511  -0.367682
7.22566  6.28319  1.88496  0.0184742  -0.327922
14.7655  6.28319  1.88496  0.00772807  -0.22209
-16.6504  6.28319  2.51327  0.00176574  0.20323
-7.22566  6.28319  2.51327  0.00509419  0.327435
-5.34071  6.28319  2.51327  0.00664587  0.355821
-4.08407  6.28319  2.51327  0.00806109  0.367552
-2.82743  6.28319  2.51327  0.00993538  0.362906
-2.19911  6.28319  2.51327  0.0111036  0.348328
-1.5708  6.28319  2.51327  0.0124453  0.31924
-0.942478  6.28319  2.51327  0.0139357  0.266019
-0.314159  6.28319  2.51327  0.0149783  0.162829
0.314159  6.28319  2.51327  0.0149777  -0.162847
0.942478  6.28319  2.51327  0.0139353  -0.266035
1.5708  6.28319  2.51327  0.0124449  -0.319254
2.19911  6.28319  2.51327  0.0111032  -0.348341
2.82743  6.28319  2.51327  0.00993482  -0.362919
4.08407  6.28319  2.51327  0.00806127  -0.367564
7.22566  6.28319  2.51327  0.00509288  -0.327451
14.7655  6.28319  2.51327  0.00211729  -0.221989
-16.6504  6.28319  3.14159  2.5852e-06  0.203199
-7.22566  6.28319  3.14159  4.06872e-06  0.327245
-5.34071  6.28319  3.14159  7.33572e-07  0.355604
-4.08407  6.28319  3.14159  2.54085e-06  0.367442
-2.82743  6.28319  3.14159  3.635e-06  0.363304
-2.19911  6.28319  3.14159  3.75558e-06  0.349362
-1.5708  6.28319  3.14159  3.98008e-06  0.321462
-0.942478  6.28319  3.14159  4.33652e-06  0.270884
-0.314159  6.28319  3.14159  5.10725e-06  0.184728
0.314159  6.28319  3.14159  4.71245e-06  -0.184748
0.942478  6.28319  3.14159  3.90621e-06  -0.270901
1.5708  6.28319  3.14159  3.53963e-06  -0.321477
2.19911  6.28319  3.14159  3.25753e-06  -0.349376
2.82743  6.28319  3.14159  2.98713e-06  -0.363318
4.08407  6.28319  3.14159  2.61121e-06  -0.367455
7.22566  6.28319  3.14159  2.68035e-06  -0.327261
14.7655  6.28319  3.14159  2.01776e-06  -0.221947
-16.6504  6.28319  3.76991  0.00176574  0.20323
-7.22566  6.28319  3.76991  0.00509419  0.327435
-5.34071  6.28319  3.76991  0.00664587  0.355821
-4.08407  6.28319  3.76991  0.00806109  0.367552
-2.82743  6.28319  3.76991  0.00993538  0.362906
-2.19911  6.28319  3.76991  0.0111036  0.348328
-1.5708  6.28319  3.76991  0.0124453  0.31924
-0.942478  6.28319  3.76991  0.0139357  0.266019
-0.314159  6.28319  3.76991  0.0149783  0.162829
0.314159  6.28319  3.76991  0.0149777  -0.162847
0.942478  6.28319  3.76991  0.0139353  -0.266035
1.5708  6.28319  3.76991  0.0124449  -0.319254
2.19911  6.28319  3.76991  0.0111032  -0.348341
2.82743  6.28319  3.76991  0.00993482  -0.362919
4.08407  6.28319  3.76991  0.00806127  -0.367564
7.22566  6.28319  3.76991  0.00509288  -0.327451
14.7655  6.28319  3.76991  0.00211729  -0.221989
-16.6504  6.28319  4.39823  0.0064428  0.203303
-7.22566  6.28319  4.39823  0.0184753  0.327908
-5.34071  6.28319  4.39823  0.0238775  0.356322
-4.08407  6.28319  4.39823  0.0285506  0.367671
-2.82743  6.28319  4.39823  0.0342499  0.361382
-2.19911  6.28319  4.39823  0.0374646  0.344727
-1.5708  6.28319  4.39823  0.040787  0.311577
-0.942478  6.28319  4.39823  0.0438529  0.250225
-0.314159  6.28319  4.39823  0.0458237  0.139046
0.314159  6.28319  4.39823  0.0458234  -0.139061
0.942478  6.28319  4.39823  0.0438526  -0.250239
1.5708  6.28319  4.39823  0.0407868  -0.31159
2.19911  6.28319  4.39823  0.0374644  -0.344739
2.82743  6.28319  4.39823  0.0342496  -0.361393
4.08407  6.28319  4.39823  0.0285511  -0.367682
7.22566  6.28319  4.39823  0.0184742  -0.327922
14.7655  6.28319  4.39823  0.00772807  -0.22209
-16.6504  6.28319  5.02655  0.01234  0.203377
-7.22566  6.28319  5.02655  0.0350952  0.328446
-5.34071  6.28319  5.02655  0.0448143  0.356823
-4.08407  6.28319  5.02655  0.0526885  0.367542
-2.82743  6.28319  5.02655  0.0613056  0.358887
-2.19911  6.28319  5.02655  0.0655426  0.339612
-1.5708  6.28319  5.02655  0.0693447  0.30238
-0.942478  6.28319  5.02655  0.0722648  0.235898
-0.314159  6.28319  5.02655  0.0738529  0.11722
0.314159  6.28319  5.02655  0.0738527  -0.117233
0.942478  6.28319  5.02655  0.0722647  -0.23591
1.5708  6.28319  5.02655  0.0693447  -0.30239
2.19911  6.28319  5.02655  0.0655427  -0.339621
2.82743  6.28319  5.02655  0.0613057  -0.358896
4.08407  6.28319  5.02655  0.0526894  -0.36755
7.22566  6.28319  5.02655  0.0350944  -0.328457
14.7655  6.28319  5.02655  0.0148015  -0.222196
-16.6504  6.28319  5.65487  0.0172238  0.203423
-7.22566  6.28319  5.65487  0.048676  0.32884
-5.34071  6.28319  5.65487  0.0615766  0.35714
-4.08407  6.28319  5.65487  0.0714824  0.367257
-2.82743  6.28319  5.65487  0.0814015  0.356557
-2.19911  6.28319  5.65487  0.0857676  0.335173
-1.5708  6.28319  5.65487  0.0893036  0.294832
-0.942478  6.28319  5.65487  0.0917292  0.225035
-0.314159  6.28319  5.65487  0.0929277  0.11454
0.314159  6.28319  5.65487  0.0929277  -0.114551
0.942478  6.28319  5.65487  0.0917293  -0.225044
1.5708  6.28319  5.65487  0.0893038  -0.294841
2.19911  6.28319  5.65487  0.0857678  -0.335181
2.82743  6.28319  5.65487  0.0814018  -0.356565
4.08407  6.28319  5.65487  0.0714837  -0.367264
7.22566  6.28319  5.65487  0.0486752  -0.328849
14.7655  6.28319  5.65487  0.0206596  -0.222264
-16.6504  6.28319  6.28319  0.0191232  0.203435
-7.22566  6.28319  6.28319  0.0539257  0.328974
-5.34071  6.28319  6.28319  0.0679877  0.357233
-4.08407  6.28319  6.28319  0.0785714  0.367106
-2.82743  6.28319  6.28319  0.0888326  0.355643
-2.19911  6.28319  6.28319  0.0931809  0.333581
-1.5708  6.28319  6.28319  0.0965972  0.292539
-0.942478  6.28319  6.28319  0.0988816  0.222618
-0.314159  6.28319  6.28319  0.0999981  0.107451
0.314159  6.28319  6.28319  0.099998  -0.107461
0.942478  6.28319  6.28319  0.0988817  -0.222627
1.5708  6.28319  6.28319  0.0965974  -0.292547
2.19911  6.28319  6.28319  0.0931812  -0.333588
2.82743  6.28319  6.28319  0.088833  -0.35565
4.08407  6.28319  6.28319  0.078573  -0.367112
7.22566  6.28319  6.28319  0.053925  -0.328983
14.7655  6.28319  6.28319  0.0229382  -0.222283
