-16.6504  0  0  0.0191458  0.203437
-7.22566  0  0  0.0540049  0.32905
-5.34071  0  0  0.0680942  0.357374
-4.08407  0  0  0.0786989  0.367321
-2.82743  0  0  0.0889787  0.355964
-2.19911  0  0  0.0933333  0.333967
-1.5708  0  0  0.0967533  0.292998
-0.942478  0  0  0.0990397  0.22316
-0.314159  0  0  0.100157  0.108033
0.314159  0  0  0.100157  -0.108044
0.942478  0  0  0.0990398  -0.223169
1.5708  0  0  0.0967535  -0.293006
2.19911  0  0  0.0933335  -0.333975
2.82743  0  0  0.0889791  -0.355971
4.08407  0  0  0.0787004  -0.367327
7.22566  0  0  0.0540041  -0.329059
14.7655  0  0  0.022966  -0.222289
-16.6504  0  0.628319  0.0172437  0.203424
-7.22566  0  0.628319  0.0487464  0.328915
-5.34071  0  0.628319  0.0616724  0.35728
-4.08407  0  0.628319  0.0715987  0.367471
-2.82743  0  0.628319  0.0815377  0.35688
-2.19911  0  0.628319  0.0859113  0.335564
-1.5708  0  0.628319  0.0894519  0.29529
-0.942478  0  0.628319  0.0918794  0.22554
-0.314159  0  0.628319  0.0930785  0.115421
0.314159  0  0.628319  0.0930785  -0.115432
0.942478  0  0.628319  0.0918795  -0.22555
1.5708  0  0.628319  0.0894521  -0.295299
2.19911  0  0.628319  0.0859115  -0.335572
2.82743  0  0.628319  0.081538  -0.356888
4.08407  0  0.628319  0.0716  -0.367478
7.22566  0  0.628319  0.0487457  -0.328925
14.7655  0  0.628319  0.0206841  -0.222269
-16.6504  0  1.25664  0.0123536  0.203379
-7.22566  0  1.25664  0.0351453  0.328519
-5.34071  0  1.25664  0.0448849  0.35696
-4.08407  0  1.25664  0.0527785  0.367753
-2.82743  0  1.25664  0.0614198  0.359216
-2.19911  0  1.25664  0.0656699  0.340025
-1.5708  0  1.25664  0.0694837  0.302896
-0.942478  0  1.25664  0.0724119  0.236539
-0.314159  0  1.25664  0.0740032  0.117875
0.314159  0  1.25664  0.074003  -0.117889
0.942478  0  1.25664  0.0724118  -0.236551
1.5708  0  1.25664  0.0694837  -0.302907
2.19911  0  1.25664  0.0656699  -0.340035
2.82743  0  1.25664  0.0614198  -0.359226
4.08407  0  1.25664  0.0527794  -0.367761
7.22566  0  1.25664  0.0351444  -0.328531
14.7655  0  1.25664  0.0148184  -0.222201
-16.6504  0  1.88496  0.00644983  0.203304
-7.22566  0  1.88496  0.0185021  0.327978
-5.34071  0  1.88496  0.0239171  0.356453
-4.08407  0  1.88496  0.0286042  0.367876
-2.82743  0  1.88496  0.0343261  0.361713
-2.19911  0  1.88496  0.0375574  0.345156
-1.5708  0  1.88496  0.0409011  0.312137
-0.942478  0  1.88496  0.0439919  0.250946
-0.314159  0  1.88496  0.0459822  0.140183
0.314159  0  1.88496  0.0459819  -0.140199
0.942478  0  1.88496  0.0439916  -0.25096
1.5708  0  1.88496  0.0409008  -0.31215
2.19911  0  1.88496  0.0375571  -0.345168
2.82743  0  1.88496  0.0343258  -0.361724
4.08407  0  1.88496  0.0286046  -0.367886
7.22566  0  1.88496  0.0185009  -0.327992
14.7655  0  1.88496  0.00773675  -0.222095
-16.6504  0  2.51327  0.00176758  0.203231
-7.22566  0  2.51327  0.00510142  0.327503
-5.34071  0  2.51327  0.00665692  0.355947
-4.08407  0  2.51327  0.0080768  0.367749
-2.82743  0  2.51327  0.00995968  0.363228
-2.19911  0  2.51327  0.0111352  0.348755
-1.5708  0  2.51327  0.0124881  0.319834
-0.942478  0  2.51327  0.0139992  0.266928
-0.314159  0  2.51327  0.0150622  0.164335
0.314159  0  2.51327  0.0150615  -0.164354
0.942478  0  2.51327  0.0139987  -0.266944
1.5708  0  2.51327  0.0124877  -0.319849
2.19911  0  2.51327  0.0111347  -0.348769
2.82743  0  2.51327  0.00995908  -0.363242
4.08407  0  2.51327  0.00807695  -0.367761
7.22566  0  2.51327  0.00510008  -0.327519
14.7655  0  2.51327  0.00211955  -0.221994
-16.6504  0  3.14159  2.60498e-06  0.2032
-7.22566  0  3.14159  4.10518e-06  0.327312
-5.34071  0  3.14159  7.66428e-07  0.355728
-4.08407  0  3.14159  2.59508e-06  0.367636
-2.82743  0  3.14159  3.70515e-06  0.363619
-2.19911  0  3.14159  3.83561e-06  0.349778
-1.5708  0  3.14159  4.07275e-06  0.322034
-0.942478  0  3.14159  4.4464e-06  0.271745
-0.314159  0  3.14159  5.26402e-06  0.187057
0.314159  0  3.14159  4.83451e-06  -0.187077
0.942478  0  3.14159  3.96982e-06  -0.271762
1.5708  0  3.14159  3.58575e-06  -0.32205
2.19911  0  3.14159  3.29263e-06  -0.349793
2.82743  0  3.14159  3.01455e-06  -0.363633
4.08407  0  3.14159  2.62838e-06  -0.367649
7.22566  0  3.14159  2.68805e-06  -0.327329
14.7655  0  3.14159  2.01919e-06  -0.221953
-16.6504  0  3.76991  0.00176758  0.203231
-7.22566  0  3.76991  0.00510142  0.327503
-5.34071  0  3.76991  0.00665692  0.355947
-4.08407  0  3.76991  0.0080768  0.367749
-2.82743  0  3.76991  0.00995968  0.363228
-2.19911  0  3.76991  0.0111352  0.348755
-1.5708  0  3.76991  0.0124881  0.319834
-0.942478  0  3.76991  0.0139992  0.266928
-0.314159  0  3.76991  0.0150622  0.164335
0.314159  0  3.76991  0.0150615  -0.164354
0.942478  0  3.76991  0.0139987  -0.266944
1.5708  0  3.76991  0.0124877  -0.319849
2.19911  0  3.76991  0.0111347  -0.348769
2.82743  0  3.76991  0.00995908  -0.363242
4.08407  0  3.76991  0.00807695  -0.367761
7.22566  0  3.76991  0.00510008  -0.327519
14.7655  0  3.76991  0.00211955  -0.221994
-16.6504  0  4.39823  0.00644983  0.203304
-7.22566  0  4.39823  0.0185021  0.327978
-5.34071  0  4.39823  0.0239171  0.356453
-4.08407  0  4.39823  0.0286042  0.367876
-2.82743  0  4.39823  0.0343261  0.361713
-2.19911  0  4.39823  0.0375574  0.345156
-1.5708  0  4.39823  0.0409011  0.312137
-0.942478  0  4.39823  0.0439919  0.250946
-0.314159  0  4.39823  0.0459822  0.140183
0.314159  0  4.39823  0.0459819  -0.140199
0.942478  0  4.39823  0.0439916  -0.25096
1.5708  0  4.39823  0.0409008  -0.31215
2.19911  0  4.39823  0.0375571  -0.345168
2.82743  0  4.39823  0.0343258  -0.361724
4.08407  0  4.39823  0.0286046  -0.367886
7.22566  0  4.39823  0.0185009  -0.327992
14.7655  0  4.39823  0.00773675  -0.222095
-16.6504  0  5.02655  0.0123536  0.203379
-7.22566  0  5.02655  0.0351453  0.328519
-5.34071  0  5.02655  0.0448849  0.35696
-4.08407  0  5.02655  0.0527785  0.367753
-2.82743  0  5.02655  0.0614198  0.359216
-2.19911  0  5.02655  0.0656699  0.340025
-1.5708  0  5.02655  0.0694837  0.302896
-0.942478  0  5.02655  0.0724119  0.236539
-0.314159  0  5.02655  0.0740032  0.117875
0.314159  0  5.02655  0.074003  -0.117889
0.942478  0  5.02655  0.0724118  -0.236551
1.5708  0  5.02655  0.0694837  -0.302907
2.19911  0  5.02655  0.0656699  -0.340035
2.82743  0  5.02655  0.0614198  -0.359226
4.08407  0  5.02655  0.0527794  -0.367761
7.22566  0  5.02655  0.0351444  -0.328531
14.7655  0  5.02655  0.0148184  -0.222201
-16.6504  0  5.65487  0.0172437  0.203424
-7.22566  0  5.65487  0.0487464  0.328915
-5.34071  0  5.65487  0.0616724  0.35728
-4.08407  0  5.65487  0.0715987  0.367471
-2.82743  0  5.65487  0.0815377  0.35688
-2.19911  0  5.65487  0.0859113  0.335564
-1.5708  0  5.65487  0.0894519  0.29529
-0.942478  0  5.65487  0.0918794  0.22554
-0.314159  0  5.65487  0.0930785  0.115421
0.314159  0  5.65487  0.0930785  -0.115432
0.942478  0  5.65487  0.0918795  -0.22555
1.5708  0  5.65487  0.0894521  -0.295299
2.19911  0  5.65487  0.0859115  -0.335572
2.82743  0  5.65487  0.081538  -0.356888
4.08407  0  5.65487  0.0716  -0.367478
7.22566  0  5.65487  0.0487457  -0.328925
14.7655  0  5.65487  0.0206841  -0.222269
-16.6504  0  6.28319  0.0191458  0.203437
-7.22566  0  6.28319  0.0540049  0.32905
-5.34071  0  6.28319  0.0680942  0.357374
-4.08407  0  6.28319  0.0786989  0.367321
-2.82743  0  6.28319  0.0889787  0.355964
-2.19911  0  6.28319  0.0933333  0.333967
-1.5708  0  6.28319  0.0967533  0.292998
-0.942478  0  6.28319  0.0990397  0.22316
-0.314159  0  6.28319  0.100157  0.108033
0.314159  0  6.28319  0.100157  -0.108044
0.942478  0  6.28319  0.0990398  -0.223169
1.5708  0  6.28319  0.0967535  -0.293006
2.19911  0  6.28319  0.0933335  -0.333975
2.82743  0  6.28319  0.0889791  -0.355971
4.08407  0  6.28319  0.0787004  -0.367327
7.22566  0  6.28319  0.0540041  -0.329059
14.7655  0  6.28319  0.022966  -0.222289
-16.6504  0.628319  0  0.0172437  0.203424
-7.22566  0.628319  0  0.0487464  0.328915
-5.34071  0.628319  0  0.0616724  0.35728
-4.08407  0.628319  0  0.0715987  0.367471
-2.82743  0.628319  0  0.0815377  0.35688
-2.19911  0.628319  0  0.0859113  0.335564
-1.5708  0.628319  0  0.0894519  0.29529
-0.942478  0.628319  0  0.0918794  0.22554
-0.314159  0.628319  0  0.0930785  0.115421
0.314159  0.628319  0  0.0930785  -0.115432
0.942478  0.628319  0  0.0918795  -0.22555
1.5708  0.628319  0  0.0894521  -0.295299
2.19911  0.628319  0  0.0859115  -0.335572
2.82743  0.628319  0  0.081538  -0.356888
4.08407  0.628319  0  0.0716  -0.367478
7.22566  0.628319  0  0.0487457  -0.328925
14.7655  0.628319  0  0.0206841  -0.222269
-16.6504  0.628319  0.628319  0.0153848  0.203416
-7.22566  0.628319  0.628319  0.0435861  0.328804
-5.34071  0.628319  0.628319  0.0553142  0.357188
-4.08407  0.628319  0.628319  0.0644881  0.36756
-2.82743  0.628319  0.628319  0.073969  0.357617
-2.19911  0.628319  0.628319  0.0783113  0.337028
-1.5708  0.628319  0.628319  0.0819516  0.297988
-0.942478  0.628319  0.628319  0.0845312  0.229888
-0.314159  0.628319  0.628319  0.0858315  0.112896
0.314159  0.628319  0.628319  0.0858314  -0.112908
0.942478  0.628319  0.628319  0.0845312  -0.229898
1.5708  0.628319  0.628319  0.0819517  -0.297998
2.19911  0.628319  0.628319  0.0783114  -0.337037
2.82743  0.628319  0.628319  0.0739692  -0.357626
4.08407  0.628319  0.628319  0.0644892  -0.367567
7.22566  0.628319  0.628319  0.0435853  -0.328814
14.7655  0.628319  0.628319  0.0184546  -0.222255
-16.6504  0.628319  1.25664  0.0105523  0.203381
-7.22566  0.628319  1.25664  0.0300563  0.328476
-5.34071  0.628319  1.25664  0.0384462  0.356891
-4.08407  0.628319  1.25664  0.0453171  0.367691
-2.82743  0.628319  1.25664  0.0529992  0.359306
-2.19911  0.628319  1.25664  0.056895  0.340365
-1.5708  0.628319  1.25664  0.0605061  0.303722
-0.942478  0.628319  1.25664  0.0633933  0.2383
-0.314159  0.628319  1.25664  0.0650335  0.128112
0.314159  0.628319  1.25664  0.0650333  -0.128126
0.942478  0.628319  1.25664  0.0633931  -0.238313
1.5708  0.628319  1.25664  0.060506  -0.303733
2.19911  0.628319  1.25664  0.0568949  -0.340376
2.82743  0.628319  1.25664  0.0529991  -0.359316
4.08407  0.628319  1.25664  0.0453179  -0.3677
7.22566  0.628319  1.25664  0.0300553  -0.328488
14.7655  0.628319  1.25664  0.012658  -0.222203
-16.6504  0.628319  1.88496  0.00467623  0.203319
-7.22566  0.628319  1.88496  0.0134057  0.328035
-5.34071  0.628319  1.88496  0.0173134  0.356474
-4.08407  0.628319  1.88496  0.020689  0.367769
-2.82743  0.628319  1.88496  0.0248111  0.361247
-2.19911  0.628319  1.88496  0.0271516  0.344431
-1.5708  0.628319  1.88496  0.0295964  0.311435
-0.942478  0.628319  1.88496  0.0318829  0.251768
-0.314159  0.628319  1.88496  0.0334029  0.14072
0.314159  0.628319  1.88496  0.0334025  -0.140737
0.942478  0.628319  1.88496  0.0318826  -0.251784
1.5708  0.628319  1.88496  0.0295961  -0.311449
2.19911  0.628319  1.88496  0.0271513  -0.344444
2.82743  0.628319  1.88496  0.0248107  -0.361259
4.08407  0.628319  1.88496  0.0206893  -0.36778
7.22566  0.628319  1.88496  0.0134044  -0.328049
14.7655  0.628319  1.88496  0.00560902  -0.222116
-16.6504  0.628319  2.51327  2.60443e-06  0.203256
-7.22566  0.628319  2.51327  4.14017e-06  0.327655
-5.34071  0.628319  2.51327  8.05681e-07  0.356101
-4.08407  0.628319  2.51327  2.6136e-06  0.367768
-2.82743  0.628319  2.51327  3.73316e-06  0.362683
-2.19911  0.628319  2.51327  3.86921e-06  0.347489
-1.5708  0.628319  2.51327  4.10553e-06  0.317115
-0.942478  0.628319  2.51327  4.45152e-06  0.261402
-0.314159  0.628319  2.51327  5.08373e-06  0.163864
0.314159  0.628319  2.51327  4.68386e-06  -0.163884
0.942478  0.628319  2.51327  3.98845e-06  -0.261419
1.5708  0.628319  2.51327  3.62254e-06  -0.31713
2.19911  0.628319  2.51327  3.3327e-06  -0.347504
2.82743  0.628319  2.51327  3.06417e-06  -0.362697
4.08407  0.628319  2.51327  2.63097e-06  -0.367781
7.22566  0.628319  2.51327  2.68644e-06  -0.327671
14.7655  0.628319  2.51327  2.02597e-06  -0.222031
-16.6504  0.628319  3.14159  -0.00176237  0.203229
-7.22566  0.628319  3.14159  -0.00509317  0.327503
-5.34071  0.628319  3.14159  -0.00665534  0.355947
-4.08407  0.628319  3.14159  -0.00807159  0.367748
-2.82743  0.628319  3.14159  -0.00995222  0.363227
-2.19911  0.628319  3.14159  -0.0111274  0.348754
-1.5708  0.628319  3.14159  -0.0124799  0.319834
-0.942478  0.628319  3.14159  -0.0139901  0.266927
-0.314159  0.628319  3.14159  -0.0150517  0.164334
0.314159  0.628319  3.14159  -0.0150524  -0.164354
0.942478  0.628319  3.14159  -0.0139907  -0.266945
1.5708  0.628319  3.14159  -0.0124805  -0.31985
2.19911  0.628319  3.14159  -0.0111281  -0.34877
2.82743  0.628319  3.14159  -0.00995301  -0.363242
4.08407  0.628319  3.14159  -0.00807169  -0.367762
7.22566  0.628319  3.14159  -0.0050947  -0.32752
14.7655  0.628319  3.14159  -0.00211551  -0.221995
-16.6504  0.628319  3.76991  2.60443e-06  0.203256
-7.22566  0.628319  3.76991  4.14017e-06  0.327655
-5.34071  0.628319  3.76991  8.05681e-07  0.356101
-4.08407  0.628319  3.76991  2.6136e-06  0.367768
-2.82743  0.628319  3.76991  3.73316e-06  0.362683
-2.19911  0.628319  3.76991  3.86921e-06  0.347489
-1.5708  0.628319  3.76991  4.10553e-06  0.317115
-0.942478  0.628319  3.76991  4.45152e-06  0.261402
-0.314159  0.628319  3.76991  5.08373e-06  0.163864
0.314159  0.628319  3.76991  4.68386e-06  -0.163884
0.942478  0.628319  3.76991  3.98845e-06  -0.261419
1.5708  0.628319  3.76991  3.62254e-06  -0.31713
2.19911  0.628319  3.76991  3.3327e-06  -0.347504
2.82743  0.628319  3.76991  3.06417e-06  -0.362697
4.08407  0.628319  3.76991  2.63097e-06  -0.367781
7.22566  0.628319  3.76991  2.68644e-06  -0.327671
14.7655  0.628319  3.76991  2.02597e-06  -0.222031
-16.6504  0.628319  4.39823  0.00467623  0.203319
-7.22566  0.628319  4.39823  0.0134057  0.328035
-5.34071  0.628319  4.39823  0.0173134  0.356474
-4.08407  0.628319  4.39823  0.020689  0.367769
-2.82743  0.628319  4.39823  0.0248111  0.361247
-2.19911  0.628319  4.39823  0.0271516  0.344431
-1.5708  0.628319  4.39823  0.0295964  0.311435
-0.942478  0.628319  4.39823  0.0318829  0.251768
-0.314159  0.628319  4.39823  0.0334029  0.14072
0.314159  0.628319  4.39823  0.0334025  -0.140737
0.942478  0.628319  4.39823  0.0318826  -0.251784
1.5708  0.628319  4.39823  0.0295961  -0.311449
2.19911  0.628319  4.39823  0.0271513  -0.344444
2.82743  0.628319  4.39823  0.0248107  -0.361259
4.08407  0.628319  4.39823  0.0206893  -0.36778
7.22566  0.628319  4.39823  0.0134044  -0.328049
14.7655  0.628319  4.39823  0.00560902  -0.222116
-16.6504  0.628319  5.02655  0.0105523  0.203381
-7.22566  0.628319  5.02655  0.0300563  0.328476
-5.34071  0.628319  5.02655  0.0384462  0.356891
-4.08407  0.628319  5.02655  0.0453171  0.367691
-2.82743  0.628319  5.02655  0.0529992  0.359306
-2.19911  0.628319  5.02655  0.056895  0.340365
-1.5708  0.628319  5.02655  0.0605061  0.303722
-0.942478  0.628319  5.02655  0.0633933  0.2383
-0.314159  0.628319  5.02655  0.0650335  0.128112
0.314159  0.628319  5.02655  0.0650333  -0.128126
0.942478  0.628319  5.02655  0.0633931  -0.238313
1.5708  0.628319  5.02655  0.060506  -0.303733
2.19911  0.628319  5.02655  0.0568949  -0.340376
2.82743  0.628319  5.02655  0.0529991  -0.359316
4.08407  0.628319  5.02655  0.0453179  -0.3677
7.22566  0.628319  5.02655  0.0300553  -0.328488
14.7655  0.628319  5.02655  0.012658  -0.222203
-16.6504  0.628319  5.65487  0.0153848  0.203416
-7.22566  0.628319  5.65487  0.0435861  0.328804
-5.34071  0.628319  5.65487  0.0553142  0.357188
-4.08407  0.628319  5.65487  0.0644881  0.36756
-2.82743  0.628319  5.65487  0.073969  0.357617
-2.19911  0.628319  5.65487  0.0783113  0.337028
-1.5708  0.628319  5.65487  0.0819516  0.297988
-0.942478  0.628319  5.65487  0.0845312  0.229888
-0.314159  0.628319  5.65487  0.0858315  0.112896
0.314159  0.628319  5.65487  0.0858314  -0.112908
0.942478  0.628319  5.65487  0.0845312  -0.229898
1.5708  0.628319  5.65487  0.0819517  -0.297998
2.19911  0.628319  5.65487  0.0783114  -0.337037
2.82743  0.628319  5.65487  0.0739692  -0.357626
4.08407  0.628319  5.65487  0.0644892  -0.367567
7.22566  0.628319  5.65487  0.0435853  -0.328814
14.7655  0.628319  5.65487  0.0184546  -0.222255
-16.6504  0.628319  6.28319  0.0172437  0.203424
-7.22566  0.628319  6.28319  0.0487464  0.328915
-5.34071  0.628319  6.28319  0.0616724  0.35728
-4.08407  0.628319  6.28319  0.0715987  0.367471
-2.82743  0.628319  6.28319  0.0815377  0.35688
-2.19911  0.628319  6.28319  0.0859113  0.335564
-1.5708  0.628319  6.28319  0.0894519  0.29529
-0.942478  0.628319  6.28319  0.0918794  0.22554
-0.314159  0.628319  6.28319  0.0930785  0.115421
0.314159  0.628319  6.28319  0.0930785  -0.115432
0.942478  0.628319  6.28319  0.0918795  -0.22555
1.5708  0.628319  6.28319  0.0894521  -0.295299
2.19911  0.628319  6.28319  0.0859115  -0.335572
2.82743  0.628319  6.28319  0.081538  -0.356888
4.08407  0.628319  6.28319  0.0716  -0.367478
7.22566  0.628319  6.28319  0.0487457  -0.328925
14.7655  0.628319  6.28319  0.0206841  -0.222269
-16.6504  1.25664  0  0.0123536  0.203379
-7.22566  1.25664  0  0.0351453  0.328519
-5.34071  1.25664  0  0.0448849  0.35696
-4.08407  1.25664  0  0.0527785  0.367753
-2.82743  1.25664  0  0.0614198  0.359216
-2.19911  1.25664  0  0.0656699  0.340025
-1.5708  1.25664  0  0.0694837  0.302896
-0.942478  1.25664  0  0.0724119  0.236539
-0.314159  1.25664  0  0.0740032  0.117875
0.314159  1.25664  0  0.074003  -0.117889
0.942478  1.25664  0  0.0724118  -0.236551
1.5708  1.25664  0  0.0694837  -0.302907
2.19911  1.25664  0  0.0656699  -0.340035
2.82743  1.25664  0  0.0614198  -0.359226
4.08407  1.25664  0  0.0527794  -0.367761
7.22566  1.25664  0  0.0351444  -0.328531
14.7655  1.25664  0  0.0148184  -0.222201
-16.6504  1.25664  0.628319  0.0105523  0.203381
-7.22566  1.25664  0.628319  0.0300563  0.328476
-5.34071  1.25664  0.628319  0.0384462  0.356891
-4.08407  1.25664  0.628319  0.0453171  0.367691
-2.82743  1.25664  0.628319  0.0529992  0.359306
-2.19911  1.25664  0.628319  0.056895  0.340365
-1.5708  1.25664  0.628319  0.0605061  0.303722
-0.942478  1.25664  0.628319  0.0633933  0.2383
-0.314159  1.25664  0.628319  0.0650335  0.128112
0.314159  1.25664  0.628319  0.0650333  -0.128126
0.942478  1.25664  0.628319  0.0633931  -0.238313
1.5708  1.25664  0.628319  0.060506  -0.303733
2.19911  1.25664  0.628319  0.0568949  -0.340376
2.82743  1.25664  0.628319  0.0529991  -0.359316
4.08407  1.25664  0.628319  0.0453179  -0.3677
7.22566  1.25664  0.628319  0.0300553  -0.328488
14.7655  1.25664  0.628319  0.012658  -0.222203
-16.6504  1.25664  1.25664  0.00582514  0.203375
-7.22566  1.25664  1.25664  0.0166331  0.328347
-5.34071  1.25664  1.25664  0.0213515  0.356716
-4.08407  1.25664  1.25664  0.0253057  0.36757
-2.82743  1.25664  1.25664  0.0299277  0.359625
-2.19911  1.25664  1.25664  0.032428  0.341418
-1.5708  1.25664  1.25664  0.0349149  0.306536
-0.942478  1.25664  1.25664  0.0370736  0.245095
-0.314159  1.25664  1.25664  0.0383969  0.135352
0.314159  1.25664  1.25664  0.0383966  -0.135368
0.942478  1.25664  1.25664  0.0370733  -0.24511
1.5708  1.25664  1.25664  0.0349147  -0.30655
2.19911  1.25664  1.25664  0.0324278  -0.341431
2.82743  1.25664  1.25664  0.0299274  -0.359637
4.08407  1.25664  1.25664  0.0253061  -0.367581
7.22566  1.25664  1.25664  0.0166319  -0.328361
14.7655  1.25664  1.25664  0.00698747  -0.222194
-16.6504  1.25664  1.88496  2.60136e-06  0.203349
-7.22566  1.25664  1.88496  4.2027e-06  0.328175
-5.34071  1.25664  1.88496  8.64829e-07  0.356547
-4.08407  1.25664  1.88496  2.61788e-06  0.367571
-2.82743  1.25664  1.88496  3.72938e-06  0.360224
-2.19911  1.25664  1.88496  3.84928e-06  0.342615
-1.5708  1.25664  1.88496  4.04834e-06  0.30859
-0.942478  1.25664  1.88496  4.33292e-06  0.248725
-0.314159  1.25664  1.88496  4.91548e-06  0.152287
0.314159  1.25664  1.88496  4.64276e-06  -0.152306
0.942478  1.25664  1.88496  3.99479e-06  -0.248742
1.5708  1.25664  1.88496  3.65913e-06  -0.308605
2.19911  1.25664  1.88496  3.38478e-06  -0.34263
2.82743  1.25664  1.88496  3.14332e-06  -0.360238
4.08407  1.25664  1.88496  2.6499e-06  -0.367584
7.22566  1.25664  1.88496  2.68741e-06  -0.328191
14.7655  1.25664  1.88496  2.03128e-06  -0.22216
-16.6504  1.25664  2.51327  -0.00467102  0.203314
-7.22566  1.25664  2.51327  -0.0133973  0.328034
-5.34071  1.25664  2.51327  -0.0173117  0.356472
-4.08407  1.25664  2.51327  -0.0206837  0.367767
-2.82743  1.25664  2.51327  -0.0248036  0.361245
-2.19911  1.25664  2.51327  -0.0271438  0.34443
-1.5708  1.25664  2.51327  -0.0295882  0.311433
-0.942478  1.25664  2.51327  -0.031874  0.251767
-0.314159  1.25664  2.51327  -0.033393  0.140718
0.314159  1.25664  2.51327  -0.0333935  -0.140739
0.942478  1.25664  2.51327  -0.0318745  -0.251786
1.5708  1.25664  2.51327  -0.0295888  -0.311451
2.19911  1.25664  2.51327  -0.0271445  -0.344446
2.82743  1.25664  2.51327  -0.0248045  -0.361261
4.08407  1.25664  2.51327  -0.020684  -0.367782
7.22566  1.25664  2.51327  -0.0133991  -0.328052
14.7655  1.25664  2.51327  -0.00560496  -0.222117
-16.6504  1.25664  3.14159  -0.00644463  0.203297
-7.22566  1.25664  3.14159  -0.0184937  0.327976
-5.34071  1.25664  3.14159  -0.0239154  0.356451
-4.08407  1.25664  3.14159  -0.0285989  0.367873
-2.82743  1.25664  3.14159  -0.0343186  0.36171
-2.19911  1.25664  3.14159  -0.0375496  0.345153
-1.5708  1.25664  3.14159  -0.0408929  0.312134
-0.942478  1.25664  3.14159  -0.043983  0.250943
-0.314159  1.25664  3.14159  -0.0459724  0.140181
0.314159  1.25664  3.14159  -0.0459728  -0.140202
0.942478  1.25664  3.14159  -0.0439836  -0.250963
1.5708  1.25664  3.14159  -0.0408935  -0.312153
2.19911  1.25664  3.14159  -0.0375504  -0.345171
2.82743  1.25664  3.14159  -0.0343196  -0.361727
4.08407  1.25664  3.14159  -0.0285994  -0.367889
7.22566  1.25664  3.14159  -0.0184956  -0.327995
14.7655  1.25664  3.14159  -0.0077327  -0.222097
-16.6504  1.25664  3.76991  -0.00467102  0.203314
-7.22566  1.25664  3.76991  -0.0133973  0.328034
-5.34071  1.25664  3.76991  -0.0173117  0.356472
-4.08407  1.25664  3.76991  -0.0206837  0.367767
-2.82743  1.25664  3.76991  -0.0248036  0.361245
-2.19911  1.25664  3.76991  -0.0271438  0.34443
-1.5708  1.25664  3.76991  -0.0295882  0.311433
-0.942478  1.25664  3.76991  -0.031874  0.251767
-0.314159  1.25664  3.76991  -0.033393  0.140718
0.314159  1.25664  3.76991  -0.0333935  -0.140739
0.942478  1.25664  3.76991  -0.0318745  -0.251786
1.5708  1.25664  3.76991  -0.0295888  -0.311451
2.19911  1.25664  3.76991  -0.0271445  -0.344446
2.82743  1.25664  3.76991  -0.0248045  -0.361261
4.08407  1.25664  3.76991  -0.020684  -0.367782
7.22566  1.25664  3.76991  -0.0133991  -0.328052
14.7655  1.25664  3.76991  -0.00560496  -0.222117
-16.6504  1.25664  4.39823  2.60136e-06  0.203349
-7.22566  1.25664  4.39823  4.2027e-06  0.328175
-5.34071  1.25664  4.39823  8.64829e-07  0.356547
-4.08407  1.25664  4.39823  2.61788e-06  0.367571
-2.82743  1.25664  4.39823  3.72938e-06  0.360224
-2.19911  1.25664  4.39823  3.84928e-06  0.342615
-1.5708  1.25664  4.39823  4.04834e-06  0.30859
-0.942478  1.25664  4.39823  4.33292e-06  0.248725
-0.314159  1.25664  4.39823  4.91548e-06  0.152287
0.314159  1.25664  4.39823  4.64276e-06  -0.152306
0.942478  1.25664  4.39823  3.99479e-06  -0.248742
1.5708  1.25664  4.39823  3.65913e-06  -0.308605
2.19911  1.25664  4.39823  3.38478e-06  -0.34263
2.82743  1.25664  4.39823  3.14332e-06  -0.360238
4.08407  1.25664  4.39823  2.6499e-06  -0.367584
7.22566  1.25664  4.39823  2.68741e-06  -0.328191
14.7655  1.25664  4.39823  2.03128e-06  -0.22216
-16.6504  1.25664  5.02655  0.00582514  0.203375
-7.22566  1.25664  5.02655  0.0166331  0.328347
-5.34071  1.25664  5.02655  0.0213515  0.356716
-4.08407  1.25664  5.02655  0.0253057  0.36757
-2.82743  1.25664  5.02655  0.0299277  0.359625
-2.19911  1.25664  5.02655  0.032428  0.341418
-1.5708  1.25664  5.02655  0.0349149  0.306536
-0.942478  1.25664  5.02655  0.0370736  0.245095
-0.314159  1.25664  5.02655  0.0383969  0.135352
0.314159  1.25664  5.02655  0.0383966  -0.135368
0.942478  1.25664  5.02655  0.0370733  -0.24511
1.5708  1.25664  5.02655  0.0349147  -0.30655
2.19911  1.25664  5.02655  0.0324278  -0.341431
2.82743  1.25664  5.02655  0.0299274  -0.359637
4.08407  1.25664  5.02655  0.0253061  -0.367581
7.22566  1.25664  5.02655  0.0166319  -0.328361
14.7655  1.25664  5.02655  0.00698747  -0.222194
-16.6504  1.25664  5.65487  0.0105523  0.203381
-7.22566  1.25664  5.65487  0.0300563  0.328476
-5.34071  1.25664  5.65487  0.0384462  0.356891
-4.08407  1.25664  5.65487  0.0453171  0.367691
-2.82743  1.25664  5.65487  0.0529992  0.359306
-2.19911  1.25664  5.65487  0.056895  0.340365
-1.5708  1.25664  5.65487  0.0605061  0.303722
-0.942478  1.25664  5.65487  0.0633933  0.2383
-0.314159  1.25664  5.65487  0.0650335  0.128112
0.314159  1.25664  5.65487  0.0650333  -0.128126
0.942478  1.25664  5.65487  0.0633931  -0.238313
1.5708  1.25664  5.65487  0.060506  -0.303733
2.19911  1.25664  5.65487  0.0568949  -0.340376
2.82743  1.25664  5.65487  0.0529991  -0.359316
4.08407  1.25664  5.65487  0.0453179  -0.3677
7.22566  1.25664  5.65487  0.0300553  -0.328488
14.7655  1.25664  5.65487  0.012658  -0.222203
-16.6504  1.25664  6.28319  0.0123536  0.203379
-7.22566  1.25664  6.28319  0.0351453  0.328519
-5.34071  1.25664  6.28319  0.0448849  0.35696
-4.08407  1.25664  6.28319  0.0527785  0.367753
-2.82743  1.25664  6.28319  0.0614198  0.359216
-2.19911  1.25664  6.28319  0.0656699  0.340025
-1.5708  1.25664  6.28319  0.0694837  0.302896
-0.942478  1.25664  6.28319  0.0724119  0.236539
-0.314159  1.25664  6.28319  0.0740032  0.117875
0.314159  1.25664  6.28319  0.074003  -0.117889
0.942478  1.25664  6.28319  0.0724118  -0.236551
1.5708  1.25664  6.28319  0.0694837  -0.302907
2.19911  1.25664  6.28319  0.0656699  -0.340035
2.82743  1.25664  6.28319  0.0614198  -0.359226
4.08407  1.25664  6.28319  0.0527794  -0.367761
7.22566  1.25664  6.28319  0.0351444  -0.328531
14.7655  1.25664  6.28319  0.0148184  -0.222201
-16.6504  1.88496  0  0.00644983  0.203304
-7.22566  1.88496  0  0.0185021  0.327978
-5.34071  1.88496  0  0.0239171  0.356453
-4.08407  1.88496  0  0.0286042  0.367876
-2.82743  1.88496  0  0.0343261  0.361713
-2.19911  1.88496  0  0.0375574  0.345156
-1.5708  1.88496  0  0.0409011  0.312137
-0.942478  1.88496  0  0.0439919  0.250946
-0.314159  1.88496  0  0.0459822  0.140183
0.314159  1.88496  0  0.0459819  -0.140199
0.942478  1.88496  0  0.0439916  -0.25096
1.5708  1.88496  0  0.0409008  -0.31215
2.19911  1.88496  0  0.0375571  -0.345168
2.82743  1.88496  0  0.0343258  -0.361724
4.08407  1.88496  0  0.0286046  -0.367886
7.22566  1.88496  0  0.0185009  -0.327992
14.7655  1.88496  0  0.00773675  -0.222095
-16.6504  1.88496  0.628319  0.00467623  0.203319
-7.22566  1.88496  0.628319  0.0134057  0.328035
-5.34071  1.88496  0.628319  0.0173134  0.356474
-4.08407  1.88496  0.628319  0.020689  0.367769
-2.82743  1.88496  0.628319  0.0248111  0.361247
-2.19911  1.88496  0.628319  0.0271516  0.344431
-1.5708  1.88496  0.628319  0.0295964  0.311435
-0.942478  1.88496  0.628319  0.0318829  0.251768
-0.314159  1.88496  0.628319  0.0334029  0.14072
0.314159  1.88496  0.628319  0.0334025  -0.140737
0.942478  1.88496  0.628319  0.0318826  -0.251784
1.5708  1.88496  0.628319  0.0295961  -0.311449
2.19911  1.88496  0.628319  0.0271513  -0.344444
2.82743  1.88496  0.628319  0.0248107  -0.361259
4.08407  1.88496  0.628319  0.0206893  -0.36778
7.22566  1.88496  0.628319  0.0134044  -0.328049
14.7655  1.88496  0.628319  0.00560902  -0.222116
-16.6504  1.88496  1.25664  2.60136e-06  0.203349
-7.22566  1.88496  1.25664  4.2027e-06  0.328175
-5.34071  1.88496  1.25664  8.64829e-07  0.356547
-4.08407  1.88496  1.25664  2.61788e-06  0.367571
-2.82743  1.88496  1.25664  3.72938e-06  0.360224
-2.19911  1.88496  1.25664  3.84928e-06  0.342615
-1.5708  1.88496  1.25664  4.04834e-06  0.30859
-0.942478  1.88496  1.25664  4.33292e-06  0.248725
-0.314159  1.88496  1.25664  4.91548e-06  0.152287
0.314159  1.88496  1.25664  4.64276e-06  -0.152306
0.942478  1.88496  1.25664  3.99479e-06  -0.248742
1.5708  1.88496  1.25664  3.65913e-06  -0.308605
2.19911  1.88496  1.25664  3.38478e-06  -0.34263
2.82743  1.88496  1.25664  3.14332e-06  -0.360238
4.08407  1.88496  1.25664  2.6499e-06  -0.367584
7.22566  1.88496  1.25664  2.68741e-06  -0.328191
14.7655  1.88496  1.25664  2.03128e-06  -0.22216
-16.6504  1.88496  1.88496  -0.00581995  0.203368
-7.22566  1.88496  1.88496  -0.0166246  0.328345
-5.34071  1.88496  1.88496  -0.0213497  0.356714
-4.08407  1.88496  1.88496  -0.0253004  0.367568
-2.82743  1.88496  1.88496  -0.0299203  0.359622
-2.19911  1.88496  1.88496  -0.0324203  0.341416
-1.5708  1.88496  1.88496  -0.0349068  0.306534
-0.942478  1.88496  1.88496  -0.0370648  0.245093
-0.314159  1.88496  1.88496  -0.0383872  0.13535
0.314159  1.88496  1.88496  -0.0383876  -0.135371
0.942478  1.88496  1.88496  -0.0370653  -0.245112
1.5708  1.88496  1.88496  -0.0349073  -0.306552
2.19911  1.88496  1.88496  -0.032421  -0.341433
2.82743  1.88496  1.88496  -0.0299211  -0.359639
4.08407  1.88496  1.88496  -0.0253008  -0.367584
7.22566  1.88496  1.88496  -0.0166265  -0.328364
14.7655  1.88496  1.88496  -0.00698342  -0.222195
-16.6504  1.88496  2.51327  -0.0105471  0.203369
-7.22566  1.88496  2.51327  -0.0300478  0.328473
-5.34071  1.88496  2.51327  -0.0384444  0.356887
-4.08407  1.88496  2.51327  -0.0453118  0.367687
-2.82743  1.88496  2.51327  -0.0529917  0.359302
-2.19911  1.88496  2.51327  -0.0568873  0.340361
-1.5708  1.88496  2.51327  -0.0604979  0.303718
-0.942478  1.88496  2.51327  -0.0633846  0.238296
-0.314159  1.88496  2.51327  -0.0650241  0.128107
0.314159  1.88496  2.51327  -0.0650243  -0.12813
0.942478  1.88496  2.51327  -0.0633851  -0.238317
1.5708  1.88496  2.51327  -0.0604986  -0.303738
2.19911  1.88496  2.51327  -0.0568881  -0.34038
2.82743  1.88496  2.51327  -0.0529927  -0.35932
4.08407  1.88496  2.51327  -0.0453126  -0.367705
7.22566  1.88496  2.51327  -0.03005  -0.328493
14.7655  1.88496  2.51327  -0.012654  -0.222205
-16.6504  1.88496  3.14159  -0.0123485  0.203366
-7.22566  1.88496  3.14159  -0.0351369  0.328516
-5.34071  1.88496  3.14159  -0.0448831  0.356955
-4.08407  1.88496  3.14159  -0.0527732  0.367748
-2.82743  1.88496  3.14159  -0.0614123  0.359212
-2.19911  1.88496  3.14159  -0.0656621  0.34002
-1.5708  1.88496  3.14159  -0.0694756  0.302891
-0.942478  1.88496  3.14159  -0.0724032  0.236534
-0.314159  1.88496  3.14159  -0.0739939  0.11787
0.314159  1.88496  3.14159  -0.0739942  -0.117894
0.942478  1.88496  3.14159  -0.0724037  -0.236556
1.5708  1.88496  3.14159  -0.0694763  -0.302912
2.19911  1.88496  3.14159  -0.065663  -0.34004
2.82743  1.88496  3.14159  -0.0614134  -0.359231
4.08407  1.88496  3.14159  -0.0527741  -0.367766
7.22566  1.88496  3.14159  -0.0351391  -0.328537
14.7655  1.88496  3.14159  -0.0148144  -0.222205
-16.6504  1.88496  3.76991  -0.0105471  0.203369
-7.22566  1.88496  3.76991  -0.0300478  0.328473
-5.34071  1.88496  3.76991  -0.0384444  0.356887
-4.08407  1.88496  3.76991  -0.0453118  0.367687
-2.82743  1.88496  3.76991  -0.0529917  0.359302
-2.19911  1.88496  3.76991  -0.0568873  0.340361
-1.5708  1.88496  3.76991  -0.0604979  0.303718
-0.942478  1.88496  3.76991  -0.0633846  0.238296
-0.314159  1.88496  3.76991  -0.0650241  0.128107
0.314159  1.88496  3.76991  -0.0650243  -0.12813
0.942478  1.88496  3.76991  -0.0633851  -0.238317
1.5708  1.88496  3.76991  -0.0604986  -0.303738
2.19911  1.88496  3.76991  -0.0568881  -0.34038
2.82743  1.88496  3.76991  -0.0529927  -0.35932
4.08407  1.88496  3.76991  -0.0453126  -0.367705
7.22566  1.88496  3.76991  -0.03005  -0.328493
14.7655  1.88496  3.76991  -0.012654  -0.222205
-16.6504  1.88496  4.39823  -0.00581995  0.203368
-7.22566  1.88496  4.39823  -0.0166246  0.328345
-5.34071  1.88496  4.39823  -0.0213497  0.356714
-4.08407  1.88496  4.39823  -0.0253004  0.367568
-2.82743  1.88496  4.39823  -0.0299203  0.359622
-2.19911  1.88496  4.39823  -0.0324203  0.341416
-1.5708  1.88496  4.39823  -0.0349068  0.306534
-0.942478  1.88496  4.39823  -0.0370648  0.245093
-0.314159  1.88496  4.39823  -0.0383872  0.13535
0.314159  1.88496  4.39823  -0.0383876  -0.135371
0.942478  1.88496  4.39823  -0.0370653  -0.245112
1.5708  1.88496  4.39823  -0.0349073  -0.306552
2.19911  1.88496  4.39823  -0.032421  -0.341433
2.82743  1.88496  4.39823  -0.0299211  -0.359639
4.08407  1.88496  4.39823  -0.0253008  -0.367584
7.22566  1.88496  4.39823  -0.0166265  -0.328364
14.7655  1.88496  4.39823  -0.00698342  -0.222195
-16.6504  1.88496  5.02655  2.60136e-06  0.203349
-7.22566  1.88496  5.02655  4.2027e-06  0.328175
-5.34071  1.88496  5.02655  8.64829e-07  0.356547
-4.08407  1.88496  5.02655  2.61788e-06  0.367571
-2.82743  1.88496  5.02655  3.72938e-06  0.360224
-2.19911  1.88496  5.02655  3.84928e-06  0.342615
-1.5708  1.88496  5.02655  4.04834e-06  0.30859
-0.942478  1.88496  5.02655  4.33292e-06  0.248725
-0.314159  1.88496  5.02655  4.91548e-06  0.152287
0.314159  1.88496  5.02655  4.64276e-06  -0.152306
0.942478  1.88496  5.02655  3.99479e-06  -0.248742
1.5708  1.88496  5.02655  3.65913e-06  -0.308605
2.19911  1.88496  5.02655  3.38478e-06  -0.34263
2.82743  1.88496  5.02655  3.14332e-06  -0.360238
4.08407  1.88496  5.02655  2.6499e-06  -0.367584
7.22566  1.88496  5.02655  2.68741e-06  -0.328191
14.7655  1.88496  5.02655  2.03128e-06  -0.22216
-16.6504  1.88496  5.65487  0.00467623  0.203319
-7.22566  1.88496  5.65487  0.0134057  0.328035
-5.34071  1.88496  5.65487  0.0173134  0.356474
-4.08407  1.88496  5.65487  0.020689  0.367769
-2.82743  1.88496  5.65487  0.0248111  0.361247
-2.19911  1.88496  5.65487  0.0271516  0.344431
-1.5708  1.88496  5.65487  0.0295964  0.311435
-0.942478  1.88496  5.65487  0.0318829  0.251768
-0.314159  1.88496  5.65487  0.0334029  0.14072
0.314159  1.88496  5.65487  0.0334025  -0.140737
0.942478  1.88496  5.65487  0.0318826  -0.251784
1.5708  1.88496  5.65487  0.0295961  -0.311449
2.19911  1.88496  5.65487  0.0271513  -0.344444
2.82743  1.88496  5.65487  0.0248107  -0.361259
4.08407  1.88496  5.65487  0.0206893  -0.36778
7.22566  1.88496  5.65487  0.0134044  -0.328049
14.7655  1.88496  5.65487  0.00560902  -0.222116
-16.6504  1.88496  6.28319  0.00644983  0.203304
-7.22566  1.88496  6.28319  0.0185021  0.327978
-5.34071  1.88496  6.28319  0.0239171  0.356453
-4.08407  1.88496  6.28319  0.0286042  0.367876
-2.82743  1.88496  6.28319  0.0343261  0.361713
-2.19911  1.88496  6.28319  0.0375574  0.345156
-1.5708  1.88496  6.28319  0.0409011  0.312137
-0.942478  1.88496  6.28319  0.0439919  0.250946
-0.314159  1.88496  6.28319  0.0459822  0.140183
0.314159  1.88496  6.28319  0.0459819  -0.140199
0.942478  1.88496  6.28319  0.0439916  -0.25096
1.5708  1.88496  6.28319  0.0409008  -0.31215
2.19911  1.88496  6.28319  0.0375571  -0.345168
2.82743  1.88496  6.28319  0.0343258  -0.361724
4.08407  1.88496  6.28319  0.0286046  -0.367886
7.22566  1.88496  6.28319  0.0185009  -0.327992
14.7655  1.88496  6.28319  0.00773675  -0.222095
-16.6504  2.51327  0  0.00176758  0.203231
-7.22566  2.51327  0  0.00510142  0.327503
-5.34071  2.51327  0  0.00665692  0.355947
-4.08407  2.51327  0  0.0080768  0.367749
-2.82743  2.51327  0  0.00995968  0.363228
-2.19911  2.51327  0  0.0111352  0.348755
-1.5708  2.51327  0  0.0124881  0.319834
-0.942478  2.51327  0  0.0139992  0.266928
-0.314159  2.51327  0  0.0150622  0.164335
0.314159  2.51327  0  0.0150615  -0.164354
0.942478  2.51327  0  0.0139987  -0.266944
1.5708  2.51327  0  0.0124877  -0.319849
2.19911  2.51327  0  0.0111347  -0.348769
2.82743  2.51327  0  0.00995908  -0.363242
4.08407  2.51327  0  0.00807695  -0.367761
7.22566  2.51327  0  0.00510008  -0.327519
14.7655  2.51327  0  0.00211955  -0.221994
-16.6504  2.51327  0.628319  2.60443e-06  0.203256
-7.22566  2.51327  0.628319  4.14017e-06  0.327655
-5.34071  2.51327  0.628319  8.05681e-07  0.356101
-4.08407  2.51327  0.628319  2.6136e-06  0.367768
-2.82743  2.51327  0.628319  3.73316e-06  0.362683
-2.19911  2.51327  0.628319  3.86921e-06  0.347489
-1.5708  2.51327  0.628319  4.10553e-06  0.317115
-0.942478  2.51327  0.628319  4.45152e-06  0.261402
-0.314159  2.51327  0.628319  5.08373e-06  0.163864
0.314159  2.51327  0.628319  4.68386e-06  -0.163884
0.942478  2.51327  0.628319  3.98845e-06  -0.261419
1.5708  2.51327  0.628319  3.62254e-06  -0.31713
2.19911  2.51327  0.628319  3.3327e-06  -0.347504
2.82743  2.51327  0.628319  3.06417e-06  -0.362697
4.08407  2.51327  0.628319  2.63097e-06  -0.367781
7.22566  2.51327  0.628319  2.68644e-06  -0.327671
14.7655  2.51327  0.628319  2.02597e-06  -0.222031
-16.6504  2.51327  1.25664  -0.00467102  0.203314
-7.22566  2.51327  1.25664  -0.0133973  0.328034
-5.34071  2.51327  1.25664  -0.0173117  0.356472
-4.08407  2.51327  1.25664  -0.0206837  0.367767
-2.82743  2.51327  1.25664  -0.0248036  0.361245
-2.19911  2.51327  1.25664  -0.0271438  0.34443
-1.5708  2.51327  1.25664  -0.0295882  0.311433
-0.942478  2.51327  1.25664  -0.031874  0.251767
-0.314159  2.51327  1.25664  -0.033393  0.140718
0.314159  2.51327  1.25664  -0.0333935  -0.140739
0.942478  2.51327  1.25664  -0.0318745  -0.251786
1.5708  2.51327  1.25664  -0.0295888  -0.311451
2.19911  2.51327  1.25664  -0.0271445  -0.344446
2.82743  2.51327  1.25664  -0.0248045  -0.361261
4.08407  2.51327  1.25664  -0.020684  -0.367782
7.22566  2.51327  1.25664  -0.0133991  -0.328052
14.7655  2.51327  1.25664  -0.00560496  -0.222117
-16.6504  2.51327  1.88496  -0.0105471  0.203369
-7.22566  2.51327  1.88496  -0.0300478  0.328473
-5.34071  2.51327  1.88496  -0.0384444  0.356887
-4.08407  2.51327  1.88496  -0.0453118  0.367687
-2.82743  2.51327  1.88496  -0.0529917  0.359302
-2.19911  2.51327  1.88496  -0.0568873  0.340361
-1.5708  2.51327  1.88496  -0.0604979  0.303718
-0.942478  2.51327  1.88496  -0.0633846  0.238296
-0.314159  2.51327  1.88496  -0.0650241  0.128107
0.314159  2.51327  1.88496  -0.0650243  -0.12813
0.942478  2.51327  1.88496  -0.0633851  -0.238317
1.5708  2.51327  1.88496  -0.0604986  -0.303738
2.19911  2.51327  1.88496  -0.0568881  -0.34038
2.82743  2.51327  1.88496  -0.0529927  -0.35932
4.08407  2.51327  1.88496  -0.0453126  -0.367705
7.22566  2.51327  1.88496  -0.03005  -0.328493
14.7655  2.51327  1.88496  -0.012654  -0.222205
-16.6504  2.51327  2.51327  -0.0153796  0.203399
-7.22566  2.51327  2.51327  -0.0435775  0.3288
-5.34071  2.51327  2.51327  -0.0553123  0.357183
-4.08407  2.51327  2.51327  -0.0644828  0.367554
-2.82743  2.51327  2.51327  -0.0739615  0.357612
-2.19911  2.51327  2.51327  -0.0783036  0.337023
-1.5708  2.51327  2.51327  -0.0819435  0.297982
-0.942478  2.51327  2.51327  -0.0845227  0.229882
-0.314159  2.51327  2.51327  -0.0858223  0.11289
0.314159  2.51327  2.51327  -0.0858226  -0.112914
0.942478  2.51327  2.51327  -0.0845231  -0.229905
1.5708  2.51327  2.51327  -0.0819442  -0.298004
2.19911  2.51327  2.51327  -0.0783045  -0.337044
2.82743  2.51327  2.51327  -0.0739627  -0.357632
4.08407  2.51327  2.51327  -0.0644839  -0.367573
7.22566  2.51327  2.51327  -0.0435799  -0.328822
14.7655  2.51327  2.51327  -0.0184506  -0.222259
-16.6504  2.51327  3.14159  -0.0172386  0.203406
-7.22566  2.51327  3.14159  -0.0487378  0.328911
-5.34071  2.51327  3.14159  -0.0616705  0.357274
-4.08407  2.51327  3.14159  -0.0715935  0.367465
-2.82743  2.51327  3.14159  -0.0815303  0.356874
-2.19911  2.51327  3.14159  -0.0859036  0.335557
-1.5708  2.51327  3.14159  -0.0894439  0.295284
-0.942478  2.51327  3.14159  -0.0918711  0.225534
-0.314159  2.51327  3.14159  -0.0930695  0.115414
0.314159  2.51327  3.14159  -0.0930696  -0.115439
0.942478  2.51327  3.14159  -0.0918714  -0.225557
1.5708  2.51327  3.14159  -0.0894446  -0.295306
2.19911  2.51327  3.14159  -0.0859045  -0.335579
2.82743  2.51327  3.14159  -0.0815315  -0.356896
4.08407  2.51327  3.14159  -0.0715947  -0.367485
7.22566  2.51327  3.14159  -0.0487403  -0.328933
14.7655  2.51327  3.14159  -0.0206801  -0.222274
-16.6504  2.51327  3.76991  -0.0153796  0.203399
-7.22566  2.51327  3.76991  -0.0435775  0.3288
-5.34071  2.51327  3.76991  -0.0553123  0.357183
-4.08407  2.51327  3.76991  -0.0644828  0.367554
-2.82743  2.51327  3.76991  -0.0739615  0.357612
-2.19911  2.51327  3.76991  -0.0783036  0.337023
-1.5708  2.51327  3.76991  -0.0819435  0.297982
-0.942478  2.51327  3.76991  -0.0845227  0.229882
-0.314159  2.51327  3.76991  -0.0858223  0.11289
0.314159  2.51327  3.76991  -0.0858226  -0.112914
0.942478  2.51327  3.76991  -0.0845231  -0.229905
1.5708  2.51327  3.76991  -0.0819442  -0.298004
2.19911  2.51327  3.76991  -0.0783045  -0.337044
2.82743  2.51327  3.76991  -0.0739627  -0.357632
4.08407  2.51327  3.76991  -0.0644839  -0.367573
7.22566  2.51327  3.76991  -0.0435799  -0.328822
14.7655  2.51327  3.76991  -0.0184506  -0.222259
-16.6504  2.51327  4.39823  -0.0105471  0.203369
-7.22566  2.51327  4.39823  -0.0300478  0.328473
-5.34071  2.51327  4.39823  -0.0384444  0.356887
-4.08407  2.51327  4.39823  -0.0453118  0.367687
-2.82743  2.51327  4.39823  -0.0529917  0.359302
-2.19911  2.51327  4.39823  -0.0568873  0.340361
-1.5708  2.51327  4.39823  -0.0604979  0.303718
-0.942478  2.51327  4.39823  -0.0633846  0.238296
-0.314159  2.51327  4.39823  -0.0650241  0.128107
0.314159  2.51327  4.39823  -0.0650243  -0.12813
0.942478  2.51327  4.39823  -0.0633851  -0.238317
1.5708  2.51327  4.39823  -0.0604986  -0.303738
2.19911  2.51327  4.39823  -0.0568881  -0.34038
2.82743  2.51327  4.39823  -0.0529927  -0.35932
4.08407  2.51327  4.39823  -0.0453126  -0.367705
7.22566  2.51327  4.39823  -0.03005  -0.328493
14.7655  2.51327  4.39823  -0.012654  -0.222205
-16.6504  2.51327  5.02655  -0.00467102  0.203314
-7.22566  2.51327  5.02655  -0.0133973  0.328034
-5.34071  2.51327  5.02655  -0.0173117  0.356472
-4.08407  2.51327  5.02655  -0.0206837  0.367767
-2.82743  2.51327  5.02655  -0.0248036  0.361245
-2.19911  2.51327  5.02655  -0.0271438  0.34443
-1.5708  2.51327  5.02655  -0.0295882  0.311433
-0.942478  2.51327  5.02655  -0.031874  0.251767
-0.314159  2.51327  5.02655  -0.033393  0.140718
0.314159  2.51327  5.02655  -0.0333935  -0.140739
0.942478  2.51327  5.02655  -0.0318745  -0.251786
1.5708  2.51327  5.02655  -0.0295888  -0.311451
2.19911  2.51327  5.02655  -0.0271445  -0.344446
2.82743  2.51327  5.02655  -0.0248045  -0.361261
4.08407  2.51327  5.02655  -0.020684  -0.367782
7.22566  2.51327  5.02655  -0.0133991  -0.328052
14.7655  2.51327  5.02655  -0.00560496  -0.222117
-16.6504  2.51327  5.65487  2.60443e-06  0.203256
-7.22566  2.51327  5.65487  4.14017e-06  0.327655
-5.34071  2.51327  5.65487  8.05681e-07  0.356101
-4.08407  2.51327  5.65487  2.6136e-06  0.367768
-2.82743  2.51327  5.65487  3.73316e-06  0.362683
-2.19911  2.51327  5.65487  3.86921e-06  0.347489
-1.5708  2.51327  5.65487  4.10553e-06  0.317115
-0.942478  2.51327  5.65487  4.45152e-06  0.261402
-0.314159  2.51327  5.65487  5.08373e-06  0.163864
0.314159  2.51327  5.65487  4.68386e-06  -0.163884
0.942478  2.51327  5.65487  3.98845e-06  -0.261419
1.5708  2.51327  5.65487  3.62254e-06  -0.31713
2.19911  2.51327  5.65487  3.3327e-06  -0.347504
2.82743  2.51327  5.65487  3.06417e-06  -0.362697
4.08407  2.51327  5.65487  2.63097e-06  -0.367781
7.22566  2.51327  5.65487  2.68644e-06  -0.327671
14.7655  2.51327  5.65487  2.02597e-06  -0.222031
-16.6504  2.51327  6.28319  0.00176758  0.203231
-7.22566  2.51327  6.28319  0.00510142  0.327503
-5.34071  2.51327  6.28319  0.00665692  0.355947
-4.08407  2.51327  6.28319  0.0080768  0.367749
-2.82743  2.51327  6.28319  0.00995968  0.363228
-2.19911  2.51327  6.28319  0.0111352  0.348755
-1.5708  2.51327  6.28319  0.0124881  0.319834
-0.942478  2.51327  6.28319  0.0139992  0.266928
-0.314159  2.51327  6.28319  0.0150622  0.164335
0.314159  2.51327  6.28319  0.0150615  -0.164354
0.942478  2.51327  6.28319  0.0139987  -0.266944
1.5708  2.51327  6.28319  0.0124877  -0.319849
2.19911  2.51327  6.28319  0.0111347  -0.348769
2.82743  2.51327  6.28319  0.00995908  -0.363242
4.08407  2.51327  6.28319  0.00807695  -0.367761
7.22566  2.51327  6.28319  0.00510008  -0.327519
14.7655  2.51327  6.28319  0.00211955  -0.221994
-16.6504  3.14159  0  2.60498e-06  0.2032
-7.22566  3.14159  0  4.10518e-06  0.327312
-5.34071  3.14159  0  7.66428e-07  0.355728
-4.08407  3.14159  0  2.59508e-06  0.367636
-2.82743  3.14159  0  3.70515e-06  0.363619
-2.19911  3.14159  0  3.83561e-06  0.349778
-1.5708  3.14159  0  4.07275e-06  0.322034
-0.942478  3.14159  0  4.4464e-06  0.271745
-0.314159  3.14159  0  5.26402e-06  0.187057
0.314159  3.14159  0  4.83451e-06  -0.187077
0.942478  3.14159  0  3.96982e-06  -0.271762
1.5708  3.14159  0  3.58575e-06  -0.32205
2.19911  3.14159  0  3.29263e-06  -0.349793
2.82743  3.14159  0  3.01455e-06  -0.363633
4.08407  3.14159  0  2.62838e-06  -0.367649
7.22566  3.14159  0  2.68805e-06  -0.327329
14.7655  3.14159  0  2.01919e-06  -0.221953
-16.6504  3.14159  0.628319  -0.00176237  0.203229
-7.22566  3.14159  0.628319  -0.00509317  0.327503
-5.34071  3.14159  0.628319  -0.00665534  0.355947
-4.08407  3.14159  0.628319  -0.00807159  0.367748
-2.82743  3.14159  0.628319  -0.00995222  0.363227
-2.19911  3.14159  0.628319  -0.0111274  0.348754
-1.5708  3.14159  0.628319  -0.0124799  0.319834
-0.942478  3.14159  0.628319  -0.0139901  0.266927
-0.314159  3.14159  0.628319  -0.0150517  0.164334
0.314159  3.14159  0.628319  -0.0150524  -0.164354
0.942478  3.14159  0.628319  -0.0139907  -0.266945
1.5708  3.14159  0.628319  -0.0124805  -0.31985
2.19911  3.14159  0.628319  -0.0111281  -0.34877
2.82743  3.14159  0.628319  -0.00995301  -0.363242
4.08407  3.14159  0.628319  -0.00807169  -0.367762
7.22566  3.14159  0.628319  -0.0050947  -0.32752
14.7655  3.14159  0.628319  -0.00211551  -0.221995
-16.6504  3.14159  1.25664  -0.00644463  0.203297
-7.22566  3.14159  1.25664  -0.0184937  0.327976
-5.34071  3.14159  1.25664  -0.0239154  0.356451
-4.08407  3.14159  1.25664  -0.0285989  0.367873
-2.82743  3.14159  1.25664  -0.0343186  0.36171
-2.19911  3.14159  1.25664  -0.0375496  0.345153
-1.5708  3.14159  1.25664  -0.0408929  0.312134
-0.942478  3.14159  1.25664  -0.043983  0.250943
-0.314159  3.14159  1.25664  -0.0459724  0.140181
0.314159  3.14159  1.25664  -0.0459728  -0.140202
0.942478  3.14159  1.25664  -0.0439836  -0.250963
1.5708  3.14159  1.25664  -0.0408935  -0.312153
2.19911  3.14159  1.25664  -0.0375504  -0.345171
2.82743  3.14159  1.25664  -0.0343196  -0.361727
4.08407  3.14159  1.25664  -0.0285994  -0.367889
7.22566  3.14159  1.25664  -0.0184956  -0.327995
14.7655  3.14159  1.25664  -0.0077327  -0.222097
-16.6504  3.14159  1.88496  -0.0123485  0.203366
-7.22566  3.14159  1.88496  -0.0351369  0.328516
-5.34071  3.14159  1.88496  -0.0448831  0.356955
-4.08407  3.14159  1.88496  -0.0527732  0.367748
-2.82743  3.14159  1.88496  -0.0614123  0.359212
-2.19911  3.14159  1.88496  -0.0656621  0.34002
-1.5708  3.14159  1.88496  -0.0694756  0.302891
-0.942478  3.14159  1.88496  -0.0724032  0.236534
-0.314159  3.14159  1.88496  -0.0739939  0.11787
0.314159  3.14159  1.88496  -0.0739942  -0.117894
0.942478  3.14159  1.88496  -0.0724037  -0.236556
1.5708  3.14159  1.88496  -0.0694763  -0.302912
2.19911  3.14159  1.88496  -0.065663  -0.34004
2.82743  3.14159  1.88496  -0.0614134  -0.359231
4.08407  3.14159  1.88496  -0.0527741  -0.367766
7.22566  3.14159  1.88496  -0.0351391  -0.328537
14.7655  3.14159  1.88496  -0.0148144  -0.222205
-16.6504  3.14159  2.51327  -0.0172386  0.203406
-7.22566  3.14159  2.51327  -0.0487378  0.328911
-5.34071  3.14159  2.51327  -0.0616705  0.357274
-4.08407  3.14159  2.51327  -0.0715935  0.367465
-2.82743  3.14159  2.51327  -0.0815303  0.356874
-2.19911  3.14159  2.51327  -0.0859036  0.335557
-1.5708  3.14159  2.51327  -0.0894439  0.295284
-0.942478  3.14159  2.51327  -0.0918711  0.225534
-0.314159  3.14159  2.51327  -0.0930695  0.115414
0.314159  3.14159  2.51327  -0.0930696  -0.115439
0.942478  3.14159  2.51327  -0.0918714  -0.225557
1.5708  3.14159  2.51327  -0.0894446  -0.295306
2.19911  3.14159  2.51327  -0.0859045  -0.335579
2.82743  3.14159  2.51327  -0.0815315  -0.356896
4.08407  3.14159  2.51327  -0.0715947  -0.367485
7.22566  3.14159  2.51327  -0.0487403  -0.328933
14.7655  3.14159  2.51327  -0.0206801  -0.222274
-16.6504  3.14159  3.14159  -0.0191406  0.203416
-7.22566  3.14159  3.14159  -0.0539962  0.329045
-5.34071  3.14159  3.14159  -0.0680923  0.357368
-4.08407  3.14159  3.14159  -0.0786937  0.367314
-2.82743  3.14159  3.14159  -0.0889712  0.355958
-2.19911  3.14159  3.14159  -0.0933256  0.33396
-1.5708  3.14159  3.14159  -0.0967453  0.292991
-0.942478  3.14159  3.14159  -0.0990313  0.223153
-0.314159  3.14159  3.14159  -0.100148  0.108026
0.314159  3.14159  3.14159  -0.100149  -0.108051
0.942478  3.14159  3.14159  -0.0990317  -0.223177
1.5708  3.14159  3.14159  -0.096746  -0.293014
2.19911  3.14159  3.14159  -0.0933265  -0.333983
2.82743  3.14159  3.14159  -0.0889725  -0.35598
4.08407  3.14159  3.14159  -0.078695  -0.367335
7.22566  3.14159  3.14159  -0.0539988  -0.329069
14.7655  3.14159  3.14159  -0.022962  -0.222294
-16.6504  3.14159  3.76991  -0.0172386  0.203406
-7.22566  3.14159  3.76991  -0.0487378  0.328911
-5.34071  3.14159  3.76991  -0.0616705  0.357274
-4.08407  3.14159  3.76991  -0.0715935  0.367465
-2.82743  3.14159  3.76991  -0.0815303  0.356874
-2.19911  3.14159  3.76991  -0.0859036  0.335557
-1.5708  3.14159  3.76991  -0.0894439  0.295284
-0.942478  3.14159  3.76991  -0.0918711  0.225534
-0.314159  3.14159  3.76991  -0.0930695  0.115414
0.314159  3.14159  3.76991  -0.0930696  -0.115439
0.942478  3.14159  3.76991  -0.0918714  -0.225557
1.5708  3.14159  3.76991  -0.0894446  -0.295306
2.19911  3.14159  3.76991  -0.0859045  -0.335579
2.82743  3.14159  3.76991  -0.0815315  -0.356896
4.08407  3.14159  3.76991  -0.0715947  -0.367485
7.22566  3.14159  3.76991  -0.0487403  -0.328933
14.7655  3.14159  3.76991  -0.0206801  -0.222274
-16.6504  3.14159  4.39823  -0.0123485  0.203366
-7.22566  3.14159  4.39823  -0.0351369  0.328516
-5.34071  3.14159  4.39823  -0.0448831  0.356955
-4.08407  3.14159  4.39823  -0.0527732  0.367748
-2.82743  3.14159  4.39823  -0.0614123  0.359212
-2.19911  3.14159  4.39823  -0.0656621  0.34002
-1.5708  3.14159  4.39823  -0.0694756  0.302891
-0.942478  3.14159  4.39823  -0.0724032  0.236534
-0.314159  3.14159  4.39823  -0.0739939  0.11787
0.314159  3.14159  4.39823  -0.0739942  -0.117894
0.942478  3.14159  4.39823  -0.0724037  -0.236556
1.5708  3.14159  4.39823  -0.0694763  -0.302912
2.19911  3.14159  4.39823  -0.065663  -0.34004
2.82743  3.14159  4.39823  -0.0614134  -0.359231
4.08407  3.14159  4.39823  -0.0527741  -0.367766
7.22566  3.14159  4.39823  -0.0351391  -0.328537
14.7655  3.14159  4.39823  -0.0148144  -0.222205
-16.6504  3.14159  5.02655  -0.00644463  0.203297
-7.22566  3.14159  5.02655  -0.0184937  0.327976
-5.34071  3.14159  5.02655  -0.0239154  0.356451
-4.08407  3.14159  5.02655  -0.0285989  0.367873
-2.82743  3.14159  5.02655  -0.0343186  0.36171
-2.19911  3.14159  5.02655  -0.0375496  0.345153
-1.5708  3.14159  5.02655  -0.0408929  0.312134
-0.942478  3.14159  5.02655  -0.043983  0.250943
-0.314159  3.14159  5.02655  -0.0459724  0.140181
0.314159  3.14159  5.02655  -0.0459728  -0.140202
0.942478  3.14159  5.02655  -0.0439836  -0.250963
1.5708  3.14159  5.02655  -0.0408935  -0.312153
2.19911  3.14159  5.02655  -0.0375504  -0.345171
2.82743  3.14159  5.02655  -0.0343196  -0.361727
4.08407  3.14159  5.02655  -0.0285994  -0.367889
7.22566  3.14159  5.02655  -0.0184956  -0.327995
14.7655  3.14159  5.02655  -0.0077327  -0.222097
-16.6504  3.14159  5.65487  -0.00176237  0.203229
-7.22566  3.14159  5.65487  -0.00509317  0.327503
-5.34071  3.14159  5.65487  -0.00665534  0.355947
-4.08407  3.14159  5.65487  -0.00807159  0.367748
-2.82743  3.14159  5.65487  -0.00995222  0.363227
-2.19911  3.14159  5.65487  -0.0111274  0.348754
-1.5708  3.14159  5.65487  -0.0124799  0.319834
-0.942478  3.14159  5.65487  -0.0139901  0.266927
-0.314159  3.14159  5.65487  -0.0150517  0.164334
0.314159  3.14159  5.65487  -0.0150524  -0.164354
0.942478  3.14159  5.65487  -0.0139907  -0.266945
1.5708  3.14159  5.65487  -0.0124805  -0.31985
2.19911  3.14159  5.65487  -0.0111281  -0.34877
2.82743  3.14159  5.65487  -0.00995301  -0.363242
4.08407  3.14159  5.65487  -0.00807169  -0.367762
7.22566  3.14159  5.65487  -0.0050947  -0.32752
14.7655  3.14159  5.65487  -0.00211551  -0.221995
-16.6504  3.14159  6.28319  2.60498e-06  0.2032
-7.22566  3.14159  6.28319  4.10518e-06  0.327312
-5.34071  3.14159  6.28319  7.66428e-07  0.355728
-4.08407  3.14159  6.28319  2.59508e-06  0.367636
-2.82743  3.14159  6.28319  3.70515e-06  0.363619
-2.19911  3.14159  6.28319  3.83561e-06  0.349778
-1.5708  3.14159  6.28319  4.07275e-06  0.322034
-0.942478  3.14159  6.28319  4.4464e-06  0.271745
-0.314159  3.14159  6.28319  5.26402e-06  0.187057
0.314159  3.14159  6.28319  4.83451e-06  -0.187077
0.942478  3.14159  6.28319  3.96982e-06  -0.271762
1.5708  3.14159  6.28319  3.58575e-06  -0.32205
2.19911  3.14159  6.28319  3.29263e-06  -0.349793
2.82743  3.14159  6.28319  3.01455e-06  -0.363633
4.08407  3.14159  6.28319  2.62838e-06  -0.367649
7.22566  3.14159  6.28319  2.68805e-06  -0.327329
14.7655  3.14159  6.28319  2.01919e-06  -0.221953
-16.6504  3.76991  0  0.00176758  0.203231
-7.22566  3.76991  0  0.00510142  0.327503
-5.34071  3.76991  0  0.00665692  0.355947
-4.08407  3.76991  0  0.0080768  0.367749
-2.82743  3.76991  0  0.00995968  0.363228
-2.19911  3.76991  0  0.0111352  0.348755
-1.5708  3.76991  0  0.0124881  0.319834
-0.942478  3.76991  0  0.0139992  0.266928
-0.314159  3.76991  0  0.0150622  0.164335
0.314159  3.76991  0  0.0150615  -0.164354
0.942478  3.76991  0  0.0139987  -0.266944
1.5708  3.76991  0  0.0124877  -0.319849
2.19911  3.76991  0  0.0111347  -0.348769
2.82743  3.76991  0  0.00995908  -0.363242
4.08407  3.76991  0  0.00807695  -0.367761
7.22566  3.76991  0  0.00510008  -0.327519
14.7655  3.76991  0  0.00211955  -0.221994
-16.6504  3.76991  0.628319  2.60443e-06  0.203256
-7.22566  3.76991  0.628319  4.14017e-06  0.327655
-5.34071  3.76991  0.628319  8.05681e-07  0.356101
-4.08407  3.76991  0.628319  2.6136e-06  0.367768
-2.82743  3.76991  0.628319  3.73316e-06  0.362683
-2.19911  3.76991  0.628319  3.86921e-06  0.347489
-1.5708  3.76991  0.628319  4.10553e-06  0.317115
-0.942478  3.76991  0.628319  4.45152e-06  0.261402
-0.314159  3.76991  0.628319  5.08373e-06  0.163864
0.314159  3.76991  0.628319  4.68386e-06  -0.163884
0.942478  3.76991  0.628319  3.98845e-06  -0.261419
1.5708  3.76991  0.628319  3.62254e-06  -0.31713
2.19911  3.76991  0.628319  3.3327e-06  -0.347504
2.82743  3.76991  0.628319  3.06417e-06  -0.362697
4.08407  3.76991  0.628319  2.63097e-06  -0.367781
7.22566  3.76991  0.628319  2.68644e-06  -0.327671
14.7655  3.76991  0.628319  2.02597e-06  -0.222031
-16.6504  3.76991  1.25664  -0.00467102  0.203314
-7.22566  3.76991  1.25664  -0.0133973  0.328034
-5.34071  3.76991  1.25664  -0.0173117  0.356472
-4.08407  3.76991  1.25664  -0.0206837  0.367767
-2.82743  3.76991  1.25664  -0.0248036  0.361245
-2.19911  3.76991  1.25664  -0.0271438  0.34443
-1.5708  3.76991  1.25664  -0.0295882  0.311433
-0.942478  3.76991  1.25664  -0.031874  0.251767
-0.314159  3.76991  1.25664  -0.033393  0.140718
0.314159  3.76991  1.25664  -0.0333935  -0.140739
0.942478  3.76991  1.25664  -0.0318745  -0.251786
1.5708  3.76991  1.25664  -0.0295888  -0.311451
2.19911  3.76991  1.25664  -0.0271445  -0.344446
2.82743  3.76991  1.25664  -0.0248045  -0.361261
4.08407  3.76991  1.25664  -0.020684  -0.367782
7.22566  3.76991  1.25664  -0.0133991  -0.328052
14.7655  3.76991  1.25664  -0.00560496  -0.222117
-16.6504  3.76991  1.88496  -0.0105471  0.203369
-7.22566  3.76991  1.88496  -0.0300478  0.328473
-5.34071  3.76991  1.88496  -0.0384444  0.356887
-4.08407  3.76991  1.88496  -0.0453118  0.367687
-2.82743  3.76991  1.88496  -0.0529917  0.359302
-2.19911  3.76991  1.88496  -0.0568873  0.340361
-1.5708  3.76991  1.88496  -0.0604979  0.303718
-0.942478  3.76991  1.88496  -0.0633846  0.238296
-0.314159  3.76991  1.88496  -0.0650241  0.128107
0.314159  3.76991  1.88496  -0.0650243  -0.12813
0.942478  3.76991  1.88496  -0.0633851  -0.238317
1.5708  3.76991  1.88496  -0.0604986  -0.303738
2.19911  3.76991  1.88496  -0.0568881  -0.34038
2.82743  3.76991  1.88496  -0.0529927  -0.35932
4.08407  3.76991  1.88496  -0.0453126  -0.367705
7.22566  3.76991  1.88496  -0.03005  -0.328493
14.7655  3.76991  1.88496  -0.012654  -0.222205
-16.6504  3.76991  2.51327  -0.0153796  0.203399
-7.22566  3.76991  2.51327  -0.0435775  0.3288
-5.34071  3.76991  2.51327  -0.0553123  0.357183
-4.08407  3.76991  2.51327  -0.0644828  0.367554
-2.82743  3.76991  2.51327  -0.0739615  0.357612
-2.19911  3.76991  2.51327  -0.0783036  0.337023
-1.5708  3.76991  2.51327  -0.0819435  0.297982
-0.942478  3.76991  2.51327  -0.0845227  0.229882
-0.314159  3.76991  2.51327  -0.0858223  0.11289
0.314159  3.76991  2.51327  -0.0858226  -0.112914
0.942478  3.76991  2.51327  -0.0845231  -0.229905
1.5708  3.76991  2.51327  -0.0819442  -0.298004
2.19911  3.76991  2.51327  -0.0783045  -0.337044
2.82743  3.76991  2.51327  -0.0739627  -0.357632
4.08407  3.76991  2.51327  -0.0644839  -0.367573
7.22566  3.76991  2.51327  -0.0435799  -0.328822
14.7655  3.76991  2.51327  -0.0184506  -0.222259
-16.6504  3.76991  3.14159  -0.0172386  0.203406
-7.22566  3.76991  3.14159  -0.0487378  0.328911
-5.34071  3.76991  3.14159  -0.0616705  0.357274
-4.08407  3.76991  3.14159  -0.0715935  0.367465
-2.82743  3.76991  3.14159  -0.0815303  0.356874
-2.19911  3.76991  3.14159  -0.0859036  0.335557
-1.5708  3.76991  3.14159  -0.0894439  0.295284
-0.942478  3.76991  3.14159  -0.0918711  0.225534
-0.314159  3.76991  3.14159  -0.0930695  0.115414
0.314159  3.76991  3.14159  -0.0930696  -0.115439
0.942478  3.76991  3.14159  -0.0918714  -0.225557
1.5708  3.76991  3.14159  -0.0894446  -0.295306
2.19911  3.76991  3.14159  -0.0859045  -0.335579
2.82743  3.76991  3.14159  -0.0815315  -0.356896
4.08407  3.76991  3.14159  -0.0715947  -0.367485
7.22566  3.76991  3.14159  -0.0487403  -0.328933
14.7655  3.76991  3.14159  -0.0206801  -0.222274
-16.6504  3.76991  3.76991  -0.0153796  0.203399
-7.22566  3.76991  3.76991  -0.0435775  0.3288
-5.34071  3.76991  3.76991  -0.0553123  0.357183
-4.08407  3.76991  3.76991  -0.0644828  0.367554
-2.82743  3.76991  3.76991  -0.0739615  0.357612
-2.19911  3.76991  3.76991  -0.0783036  0.337023
-1.5708  3.76991  3.76991  -0.0819435  0.297982
-0.942478  3.76991  3.76991  -0.0845227  0.229882
-0.314159  3.76991  3.76991  -0.0858223  0.11289
0.314159  3.76991  3.76991  -0.0858226  -0.112914
0.942478  3.76991  3.76991  -0.0845231  -0.229905
1.5708  3.76991  3.76991  -0.0819442  -0.298004
2.19911  3.76991  3.76991  -0.0783045  -0.337044
2.82743  3.76991  3.76991  -0.0739627  -0.357632
4.08407  3.76991  3.76991  -0.0644839  -0.367573
7.22566  3.76991  3.76991  -0.0435799  -0.328822
14.7655  3.76991  3.76991  -0.0184506  -0.222259
-16.6504  3.76991  4.39823  -0.0105471  0.203369
-7.22566  3.76991  4.39823  -0.0300478  0.328473
-5.34071  3.76991  4.39823  -0.0384444  0.356887
-4.08407  3.76991  4.39823  -0.0453118  0.367687
-2.82743  3.76991  4.39823  -0.0529917  0.359302
-2.19911  3.76991  4.39823  -0.0568873  0.340361
-1.5708  3.76991  4.39823  -0.0604979  0.303718
-0.942478  3.76991  4.39823  -0.0633846  0.238296
-0.314159  3.76991  4.39823  -0.0650241  0.128107
0.314159  3.76991  4.39823  -0.0650243  -0.12813
0.942478  3.76991  4.39823  -0.0633851  -0.238317
1.5708  3.76991  4.39823  -0.0604986  -0.303738
2.19911  3.76991  4.39823  -0.0568881  -0.34038
2.82743  3.76991  4.39823  -0.0529927  -0.35932
4.08407  3.76991  4.39823  -0.0453126  -0.367705
7.22566  3.76991  4.39823  -0.03005  -0.328493
14.7655  3.76991  4.39823  -0.012654  -0.222205
-16.6504  3.76991  5.02655  -0.00467102  0.203314
-7.22566  3.76991  5.02655  -0.0133973  0.328034
-5.34071  3.76991  5.02655  -0.0173117  0.356472
-4.08407  3.76991  5.02655  -0.0206837  0.367767
-2.82743  3.76991  5.02655  -0.0248036  0.361245
-2.19911  3.76991  5.02655  -0.0271438  0.34443
-1.5708  3.76991  5.02655  -0.0295882  0.311433
-0.942478  3.76991  5.02655  -0.031874  0.251767
-0.314159  3.76991  5.02655  -0.033393  0.140718
0.314159  3.76991  5.02655  -0.0333935  -0.140739
0.942478  3.76991  5.02655  -0.0318745  -0.251786
1.5708  3.76991  5.02655  -0.0295888  -0.311451
2.19911  3.76991  5.02655  -0.0271445  -0.344446
2.82743  3.76991  5.02655  -0.0248045  -0.361261
4.08407  3.76991  5.02655  -0.020684  -0.367782
7.22566  3.76991  5.02655  -0.0133991  -0.328052
14.7655  3.76991  5.02655  -0.00560496  -0.222117
-16.6504  3.76991  5.65487  2.60443e-06  0.203256
-7.22566  3.76991  5.65487  4.14017e-06  0.327655
-5.34071  3.76991  5.65487  8.05681e-07  0.356101
-4.08407  3.76991  5.65487  2.6136e-06  0.367768
-2.82743  3.76991  5.65487  3.73316e-06  0.362683
-2.19911  3.76991  5.65487  3.86921e-06  0.347489
-1.5708  3.76991  5.65487  4.10553e-06  0.317115
-0.942478  3.76991  5.65487  4.45152e-06  0.261402
-0.314159  3.76991  5.65487  5.08373e-06  0.163864
0.314159  3.76991  5.65487  4.68386e-06  -0.163884
0.942478  3.76991  5.65487  3.98845e-06  -0.261419
1.5708  3.76991  5.65487  3.62254e-06  -0.31713
2.19911  3.76991  5.65487  3.3327e-06  -0.347504
2.82743  3.76991  5.65487  3.06417e-06  -0.362697
4.08407  3.76991  5.65487  2.63097e-06  -0.367781
7.22566  3.76991  5.65487  2.68644e-06  -0.327671
14.7655  3.76991  5.65487  2.02597e-06  -0.222031
-16.6504  3.76991  6.28319  0.00176758  0.203231
-7.22566  3.76991  6.28319  0.00510142  0.327503
-5.34071  3.76991  6.28319  0.00665692  0.355947
-4.08407  3.76991  6.28319  0.0080768  0.367749
-2.82743  3.76991  6.28319  0.00995968  0.363228
-2.19911  3.76991  6.28319  0.0111352  0.348755
-1.5708  3.76991  6.28319  0.0124881  0.319834
-0.942478  3.76991  6.28319  0.0139992  0.266928
-0.314159  3.76991  6.28319  0.0150622  0.164335
0.314159  3.76991  6.28319  0.0150615  -0.164354
0.942478  3.76991  6.28319  0.0139987  -0.266944
1.5708  3.76991  6.28319  0.0124877  -0.319849
2.19911  3.76991  6.28319  0.0111347  -0.348769
2.82743  3.76991  6.28319  0.00995908  -0.363242
4.08407  3.76991  6.28319  0.00807695  -0.367761
7.22566  3.76991  6.28319  0.00510008  -0.327519
14.7655  3.76991  6.28319  0.00211955  -0.221994
-16.6504  4.39823  0  0.00644983  0.203304
-7.22566  4.39823  0  0.0185021  0.327978
-5.34071  4.39823  0  0.0239171  0.356453
-4.08407  4.39823  0  0.0286042  0.367876
-2.82743  4.39823  0  0.0343261  0.361713
-2.19911  4.39823  0  0.0375574  0.345156
-1.5708  4.39823  0  0.0409011  0.312137
-0.942478  4.39823  0  0.0439919  0.250946
-0.314159  4.39823  0  0.0459822  0.140183
0.314159  4.39823  0  0.0459819  -0.140199
0.942478  4.39823  0  0.0439916  -0.25096
1.5708  4.39823  0  0.0409008  -0.31215
2.19911  4.39823  0  0.0375571  -0.345168
2.82743  4.39823  0  0.0343258  -0.361724
4.08407  4.39823  0  0.0286046  -0.367886
7.22566  4.39823  0  0.0185009  -0.327992
14.7655  4.39823  0  0.00773675  -0.222095
-16.6504  4.39823  0.628319  0.00467623  0.203319
-7.22566  4.39823  0.628319  0.0134057  0.328035
-5.34071  4.39823  0.628319  0.0173134  0.356474
-4.08407  4.39823  0.628319  0.020689  0.367769
-2.82743  4.39823  0.628319  0.0248111  0.361247
-2.19911  4.39823  0.628319  0.0271516  0.344431
-1.5708  4.39823  0.628319  0.0295964  0.311435
-0.942478  4.39823  0.628319  0.0318829  0.251768
-0.314159  4.39823  0.628319  0.0334029  0.14072
0.314159  4.39823  0.628319  0.0334025  -0.140737
0.942478  4.39823  0.628319  0.0318826  -0.251784
1.5708  4.39823  0.628319  0.0295961  -0.311449
2.19911  4.39823  0.628319  0.0271513  -0.344444
2.82743  4.39823  0.628319  0.0248107  -0.361259
4.08407  4.39823  0.628319  0.0206893  -0.36778
7.22566  4.39823  0.628319  0.0134044  -0.328049
14.7655  4.39823  0.628319  0.00560902  -0.222116
-16.6504  4.39823  1.25664  2.60136e-06  0.203349
-7.22566  4.39823  1.25664  4.2027e-06  0.328175
-5.34071  4.39823  1.25664  8.64829e-07  0.356547
-4.08407  4.39823  1.25664  2.61788e-06  0.367571
-2.82743  4.39823  1.25664  3.72938e-06  0.360224
-2.19911  4.39823  1.25664  3.84928e-06  0.342615
-1.5708  4.39823  1.25664  4.04834e-06  0.30859
-0.942478  4.39823  1.25664  4.33292e-06  0.248725
-0.314159  4.39823  1.25664  4.91548e-06  0.152287
0.314159  4.39823  1.25664  4.64276e-06  -0.152306
0.942478  4.39823  1.25664  3.99479e-06  -0.248742
1.5708  4.39823  1.25664  3.65913e-06  -0.308605
2.19911  4.39823  1.25664  3.38478e-06  -0.34263
2.82743  4.39823  1.25664  3.14332e-06  -0.360238
4.08407  4.39823  1.25664  2.6499e-06  -0.367584
7.22566  4.39823  1.25664  2.68741e-06  -0.328191
14.7655  4.39823  1.25664  2.03128e-06  -0.22216
-16.6504  4.39823  1.88496  -0.00581995  0.203368
-7.22566  4.39823  1.88496  -0.0166246  0.328345
-5.34071  4.39823  1.88496  -0.0213497  0.356714
-4.08407  4.39823  1.88496  -0.0253004  0.367568
-2.82743  4.39823  1.88496  -0.0299203  0.359622
-2.19911  4.39823  1.88496  -0.0324203  0.341416
-1.5708  4.39823  1.88496  -0.0349068  0.306534
-0.942478  4.39823  1.88496  -0.0370648  0.245093
-0.314159  4.39823  1.88496  -0.0383872  0.13535
0.314159  4.39823  1.88496  -0.0383876  -0.135371
0.942478  4.39823  1.88496  -0.0370653  -0.245112
1.5708  4.39823  1.88496  -0.0349073  -0.306552
2.19911  4.39823  1.88496  -0.032421  -0.341433
2.82743  4.39823  1.88496  -0.0299211  -0.359639
4.08407  4.39823  1.88496  -0.0253008  -0.367584
7.22566  4.39823  1.88496  -0.0166265  -0.328364
14.7655  4.39823  1.88496  -0.00698342  -0.222195
-16.6504  4.39823  2.51327  -0.0105471  0.203369
-7.22566  4.39823  2.51327  -0.0300478  0.328473
-5.34071  4.39823  2.51327  -0.0384444  0.356887
-4.08407  4.39823  2.51327  -0.0453118  0.367687
-2.82743  4.39823  2.51327  -0.0529917  0.359302
-2.19911  4.39823  2.51327  -0.0568873  0.340361
-1.5708  4.39823  2.51327  -0.0604979  0.303718
-0.942478  4.39823  2.51327  -0.0633846  0.238296
-0.314159  4.39823  2.51327  -0.0650241  0.128107
0.314159  4.39823  2.51327  -0.0650243  -0.12813
0.942478  4.39823  2.51327  -0.0633851  -0.238317
1.5708  4.39823  2.51327  -0.0604986  -0.303738
2.19911  4.39823  2.51327  -0.0568881  -0.34038
2.82743  4.39823  2.51327  -0.0529927  -0.35932
4.08407  4.39823  2.51327  -0.0453126  -0.367705
7.22566  4.39823  2.51327  -0.03005  -0.328493
14.7655  4.39823  2.51327  -0.012654  -0.222205
-16.6504  4.39823  3.14159  -0.0123485  0.203366
-7.22566  4.39823  3.14159  -0.0351369  0.328516
-5.34071  4.39823  3.14159  -0.0448831  0.356955
-4.08407  4.39823  3.14159  -0.0527732  0.367748
-2.82743  4.39823  3.14159  -0.0614123  0.359212
-2.19911  4.39823  3.14159  -0.0656621  0.34002
-1.5708  4.39823  3.14159  -0.0694756  0.302891
-0.942478  4.39823  3.14159  -0.0724032  0.236534
-0.314159  4.39823  3.14159  -0.0739939  0.11787
0.314159  4.39823  3.14159  -0.0739942  -0.117894
0.942478  4.39823  3.14159  -0.0724037  -0.236556
1.5708  4.39823  3.14159  -0.0694763  -0.302912
2.19911  4.39823  3.14159  -0.065663  -0.34004
2.82743  4.39823  3.14159  -0.0614134  -0.359231
4.08407  4.39823  3.14159  -0.0527741  -0.367766
7.22566  4.39823  3.14159  -0.0351391  -0.328537
14.7655  4.39823  3.14159  -0.0148144  -0.222205
-16.6504  4.39823  3.76991  -0.0105471  0.203369
-7.22566  4.39823  3.76991  -0.0300478  0.328473
-5.34071  4.39823  3.76991  -0.0384444  0.356887
-4.08407  4.39823  3.76991  -0.0453118  0.367687
-2.82743  4.39823  3.76991  -0.0529917  0.359302
-2.19911  4.39823  3.76991  -0.0568873  0.340361
-1.5708  4.39823  3.76991  -0.0604979  0.303718
-0.942478  4.39823  3.76991  -0.0633846  0.238296
-0.314159  4.39823  3.76991  -0.0650241  0.128107
0.314159  4.39823  3.76991  -0.0650243  -0.12813
0.942478  4.39823  3.76991  -0.0633851  -0.238317
1.5708  4.39823  3.76991  -0.0604986  -0.303738
2.19911  4.39823  3.76991  -0.0568881  -0.34038
2.82743  4.39823  3.76991  -0.0529927  -0.35932
4.08407  4.39823  3.76991  -0.0453126  -0.367705
7.22566  4.39823  3.76991  -0.03005  -0.328493
14.7655  4.39823  3.76991  -0.012654  -0.222205
-16.6504  4.39823  4.39823  -0.00581995  0.203368
-7.22566  4.39823  4.39823  -0.0166246  0.328345
-5.34071  4.39823  4.39823  -0.0213497  0.356714
-4.08407  4.39823  4.39823  -0.0253004  0.367568
-2.82743  4.39823  4.39823  -0.0299203  0.359622
-2.19911  4.39823  4.39823  -0.0324203  0.341416
-1.5708  4.39823  4.39823  -0.0349068  0.306534
-0.942478  4.39823  4.39823  -0.0370648  0.245093
-0.314159  4.39823  4.39823  -0.0383872  0.13535
0.314159  4.39823  4.39823  -0.0383876  -0.135371
0.942478  4.39823  4.39823  -0.0370653  -0.245112
1.5708  4.39823  4.39823  -0.0349073  -0.306552
2.19911  4.39823  4.39823  -0.032421  -0.341433
2.82743  4.39823  4.39823  -0.0299211  -0.359639
4.08407  4.39823  4.39823  -0.0253008  -0.367584
7.22566  4.39823  4.39823  -0.0166265  -0.328364
14.7655  4.39823  4.39823  -0.00698342  -0.222195
-16.6504  4.39823  5.02655  2.60136e-06  0.203349
-7.22566  4.39823  5.02655  4.2027e-06  0.328175
-5.34071  4.39823  5.02655  8.64829e-07  0.356547
-4.08407  4.39823  5.02655  2.61788e-06  0.367571
-2.82743  4.39823  5.02655  3.72938e-06  0.360224
-2.19911  4.39823  5.02655  3.84928e-06  0.342615
-1.5708  4.39823  5.02655  4.04834e-06  0.30859
-0.942478  4.39823  5.02655  4.33292e-06  0.248725
-0.314159  4.39823  5.02655  4.91548e-06  0.152287
0.314159  4.39823  5.02655  4.64276e-06  -0.152306
0.942478  4.39823  5.02655  3.99479e-06  -0.248742
1.5708  4.39823  5.02655  3.65913e-06  -0.308605
2.19911  4.39823  5.02655  3.38478e-06  -0.34263
2.82743  4.39823  5.02655  3.14332e-06  -0.360238
4.08407  4.39823  5.02655  2.6499e-06  -0.367584
7.22566  4.39823  5.02655  2.68741e-06  -0.328191
14.7655  4.39823  5.02655  2.03128e-06  -0.22216
-16.6504  4.39823  5.65487  0.00467623  0.203319
-7.22566  4.39823  5.65487  0.0134057  0.328035
-5.34071  4.39823  5.65487  0.0173134  0.356474
-4.08407  4.39823  5.65487  0.020689  0.367769
-2.82743  4.39823  5.65487  0.0248111  0.361247
-2.19911  4.39823  5.65487  0.0271516  0.344431
-1.5708  4.39823  5.65487  0.0295964  0.311435
-0.942478  4.39823  5.65487  0.0318829  0.251768
-0.314159  4.39823  5.65487  0.0334029  0.14072
0.314159  4.39823  5.65487  0.0334025  -0.140737
0.942478  4.39823  5.65487  0.0318826  -0.251784
1.5708  4.39823  5.65487  0.0295961  -0.311449
2.19911  4.39823  5.65487  0.0271513  -0.344444
2.82743  4.39823  5.65487  0.0248107  -0.361259
4.08407  4.39823  5.65487  0.0206893  -0.36778
7.22566  4.39823  5.65487  0.0134044  -0.328049
14.7655  4.39823  5.65487  0.00560902  -0.222116
-16.6504  4.39823  6.28319  0.00644983  0.203304
-7.22566  4.39823  6.28319  0.0185021  0.327978
-5.34071  4.39823  6.28319  0.0239171  0.356453
-4.08407  4.39823  6.28319  0.0286042  0.367876
-2.82743  4.39823  6.28319  0.0343261  0.361713
-2.19911  4.39823  6.28319  0.0375574  0.345156
-1.5708  4.39823  6.28319  0.0409011  0.312137
-0.942478  4.39823  6.28319  0.0439919  0.250946
-0.314159  4.39823  6.28319  0.0459822  0.140183
0.314159  4.39823  6.28319  0.0459819  -0.140199
0.942478  4.39823  6.28319  0.0439916  -0.25096
1.5708  4.39823  6.28319  0.0409008  -0.31215
2.19911  4.39823  6.28319  0.0375571  -0.345168
2.82743  4.39823  6.28319  0.0343258  -0.361724
4.08407  4.39823  6.28319  0.0286046  -0.367886
7.22566  4.39823  6.28319  0.0185009  -0.327992
14.7655  4.39823  6.28319  0.00773675  -0.222095
-16.6504  5.02655  0  0.0123536  0.203379
-7.22566  5.02655  0  0.0351453  0.328519
-5.34071  5.02655  0  0.0448849  0.35696
-4.08407  5.02655  0  0.0527785  0.367753
-2.82743  5.02655  0  0.0614198  0.359216
-2.19911  5.02655  0  0.0656699  0.340025
-1.5708  5.02655  0  0.0694837  0.302896
-0.942478  5.02655  0  0.0724119  0.236539
-0.314159  5.02655  0  0.0740032  0.117875
0.314159  5.02655  0  0.074003  -0.117889
0.942478  5.02655  0  0.0724118  -0.236551
1.5708  5.02655  0  0.0694837  -0.302907
2.19911  5.02655  0  0.0656699  -0.340035
2.82743  5.02655  0  0.0614198  -0.359226
4.08407  5.02655  0  0.0527794  -0.367761
7.22566  5.02655  0  0.0351444  -0.328531
14.7655  5.02655  0  0.0148184  -0.222201
-16.6504  5.02655  0.628319  0.0105523  0.203381
-7.22566  5.02655  0.628319  0.0300563  0.328476
-5.34071  5.02655  0.628319  0.0384462  0.356891
-4.08407  5.02655  0.628319  0.0453171  0.367691
-2.82743  5.02655  0.628319  0.0529992  0.359306
-2.19911  5.02655  0.628319  0.056895  0.340365
-1.5708  5.02655  0.628319  0.0605061  0.303722
-0.942478  5.02655  0.628319  0.0633933  0.2383
-0.314159  5.02655  0.628319  0.0650335  0.128112
0.314159  5.02655  0.628319  0.0650333  -0.128126
0.942478  5.02655  0.628319  0.0633931  -0.238313
1.5708  5.02655  0.628319  0.060506  -0.303733
2.19911  5.02655  0.628319  0.0568949  -0.340376
2.82743  5.02655  0.628319  0.0529991  -0.359316
4.08407  5.02655  0.628319  0.0453179  -0.3677
7.22566  5.02655  0.628319  0.0300553  -0.328488
14.7655  5.02655  0.628319  0.012658  -0.222203
-16.6504  5.02655  1.25664  0.00582514  0.203375
-7.22566  5.02655  1.25664  0.0166331  0.328347
-5.34071  5.02655  1.25664  0.0213515  0.356716
-4.08407  5.02655  1.25664  0.0253057  0.36757
-2.82743  5.02655  1.25664  0.0299277  0.359625
-2.19911  5.02655  1.25664  0.032428  0.341418
-1.5708  5.02655  1.25664  0.0349149  0.306536
-0.942478  5.02655  1.25664  0.0370736  0.245095
-0.314159  5.02655  1.25664  0.0383969  0.135352
0.314159  5.02655  1.25664  0.0383966  -0.135368
0.942478  5.02655  1.25664  0.0370733  -0.24511
1.5708  5.02655  1.25664  0.0349147  -0.30655
2.19911  5.02655  1.25664  0.0324278  -0.341431
2.82743  5.02655  1.25664  0.0299274  -0.359637
4.08407  5.02655  1.25664  0.0253061  -0.367581
7.22566  5.02655  1.25664  0.0166319  -0.328361
14.7655  5.02655  1.25664  0.00698747  -0.222194
-16.6504  5.02655  1.88496  2.60136e-06  0.203349
-7.22566  5.02655  1.88496  4.2027e-06  0.328175
-5.34071  5.02655  1.88496  8.64829e-07  0.356547
-4.08407  5.02655  1.88496  2.61788e-06  0.367571
-2.82743  5.02655  1.88496  3.72938e-06  0.360224
-2.19911  5.02655  1.88496  3.84928e-06  0.342615
-1.5708  5.02655  1.88496  4.04834e-06  0.30859
-0.942478  5.02655  1.88496  4.33292e-06  0.248725
-0.314159  5.02655  1.88496  4.91548e-06  0.152287
0.314159  5.02655  1.88496  4.64276e-06  -0.152306
0.942478  5.02655  1.88496  3.99479e-06  -0.248742
1.5708  5.02655  1.88496  3.65913e-06  -0.308605
2.19911  5.02655  1.88496  3.38478e-06  -0.34263
2.82743  5.02655  1.88496  3.14332e-06  -0.360238
4.08407  5.02655  1.88496  2.6499e-06  -0.367584
7.22566  5.02655  1.88496  2.68741e-06  -0.328191
14.7655  5.02655  1.88496  2.03128e-06  -0.22216
-16.6504  5.02655  2.51327  -0.00467102  0.203314
-7.22566  5.02655  2.51327  -0.0133973  0.328034
-5.34071  5.02655  2.51327  -0.0173117  0.356472
-4.08407  5.02655  2.51327  -0.0206837  0.367767
-2.82743  5.02655  2.51327  -0.0248036  0.361245
-2.19911  5.02655  2.51327  -0.0271438  0.34443
-1.5708  5.02655  2.51327  -0.0295882  0.311433
-0.942478  5.02655  2.51327  -0.031874  0.251767
-0.314159  5.02655  2.51327  -0.033393  0.140718
0.314159  5.02655  2.51327  -0.0333935  -0.140739
0.942478  5.02655  2.51327  -0.0318745  -0.251786
1.5708  5.02655  2.51327  -0.0295888  -0.311451
2.19911  5.02655  2.51327  -0.0271445  -0.344446
2.82743  5.02655  2.51327  -0.0248045  -0.361261
4.08407  5.02655  2.51327  -0.020684  -0.367782
7.22566  5.02655  2.51327  -0.0133991  -0.328052
14.7655  5.02655  2.51327  -0.00560496  -0.222117
-16.6504  5.02655  3.14159  -0.00644463  0.203297
-7.22566  5.02655  3.14159  -0.0184937  0.327976
-5.34071  5.02655  3.14159  -0.0239154  0.356451
-4.08407  5.02655  3.14159  -0.0285989  0.367873
-2.82743  5.02655  3.14159  -0.0343186  0.36171
-2.19911  5.02655  3.14159  -0.0375496  0.345153
-1.5708  5.02655  3.14159  -0.0408929  0.312134
-0.942478  5.02655  3.14159  -0.043983  0.250943
-0.314159  5.02655  3.14159  -0.0459724  0.140181
0.314159  5.02655  3.14159  -0.0459728  -0.140202
0.942478  5.02655  3.14159  -0.0439836  -0.250963
1.5708  5.02655  3.14159  -0.0408935  -0.312153
2.19911  5.02655  3.14159  -0.0375504  -0.345171
2.82743  5.02655  3.14159  -0.0343196  -0.361727
4.08407  5.02655  3.14159  -0.0285994  -0.367889
7.22566  5.02655  3.14159  -0.0184956  -0.327995
14.7655  5.02655  3.14159  -0.0077327  -0.222097
-16.6504  5.02655  3.76991  -0.00467102  0.203314
-7.22566  5.02655  3.76991  -0.0133973  0.328034
-5.34071  5.02655  3.76991  -0.0173117  0.356472
-4.08407  5.02655  3.76991  -0.0206837  0.367767
-2.82743  5.02655  3.76991  -0.0248036  0.361245
-2.19911  5.02655  3.76991  -0.0271438  0.34443
-1.5708  5.02655  3.76991  -0.0295882  0.311433
-0.942478  5.02655  3.76991  -0.031874  0.251767
-0.314159  5.02655  3.76991  -0.033393  0.140718
0.314159  5.02655  3.76991  -0.0333935  -0.140739
0.942478  5.02655  3.76991  -0.0318745  -0.251786
1.5708  5.02655  3.76991  -0.0295888  -0.311451
2.19911  5.02655  3.76991  -0.0271445  -0.344446
2.82743  5.02655  3.76991  -0.0248045  -0.361261
4.08407  5.02655  3.76991  -0.020684  -0.367782
7.22566  5.02655  3.76991  -0.0133991  -0.328052
14.7655  5.02655  3.76991  -0.00560496  -0.222117
-16.6504  5.02655  4.39823  2.60136e-06  0.203349
-7.22566  5.02655  4.39823  4.2027e-06  0.328175
-5.34071  5.02655  4.39823  8.64829e-07  0.356547
-4.08407  5.02655  4.39823  2.61788e-06  0.367571
-2.82743  5.02655  4.39823  3.72938e-06  0.360224
-2.19911  5.02655  4.39823  3.84928e-06  0.342615
-1.5708  5.02655  4.39823  4.04834e-06  0.30859
-0.942478  5.02655  4.39823  4.33292e-06  0.248725
-0.314159  5.02655  4.39823  4.91548e-06  0.152287
0.314159  5.02655  4.39823  4.64276e-06  -0.152306
0.942478  5.02655  4.39823  3.99479e-06  -0.248742
1.5708  5.02655  4.39823  3.65913e-06  -0.308605
2.19911  5.02655  4.39823  3.38478e-06  -0.34263
2.82743  5.02655  4.39823  3.14332e-06  -0.360238
4.08407  5.02655  4.39823  2.6499e-06  -0.367584
7.22566  5.02655  4.39823  2.68741e-06  -0.328191
14.7655  5.02655  4.39823  2.03128e-06  -0.22216
-16.6504  5.02655  5.02655  0.00582514  0.203375
-7.22566  5.02655  5.02655  0.0166331  0.328347
-5.34071  5.02655  5.02655  0.0213515  0.356716
-4.08407  5.02655  5.02655  0.0253057  0.36757
-2.82743  5.02655  5.02655  0.0299277  0.359625
-2.19911  5.02655  5.02655  0.032428  0.341418
-1.5708  5.02655  5.02655  0.0349149  0.306536
-0.942478  5.02655  5.02655  0.0370736  0.245095
-0.314159  5.02655  5.02655  0.0383969  0.135352
0.314159  5.02655  5.02655  0.0383966  -0.135368
0.942478  5.02655  5.02655  0.0370733  -0.24511
1.5708  5.02655  5.02655  0.0349147  -0.30655
2.19911  5.02655  5.02655  0.0324278  -0.341431
2.82743  5.02655  5.02655  0.0299274  -0.359637
4.08407  5.02655  5.02655  0.0253061  -0.367581
7.22566  5.02655  5.02655  0.0166319  -0.328361
14.7655  5.02655  5.02655  0.00698747  -0.222194
-16.6504  5.02655  5.65487  0.0105523  0.203381
-7.22566  5.02655  5.65487  0.0300563  0.328476
-5.34071  5.02655  5.65487  0.0384462  0.356891
-4.08407  5.02655  5.65487  0.0453171  0.367691
-2.82743  5.02655  5.65487  0.0529992  0.359306
-2.19911  5.02655  5.65487  0.056895  0.340365
-1.5708  5.02655  5.65487  0.0605061  0.303722
-0.942478  5.02655  5.65487  0.0633933  0.2383
-0.314159  5.02655  5.65487  0.0650335  0.128112
0.314159  5.02655  5.65487  0.0650333  -0.128126
0.942478  5.02655  5.65487  0.0633931  -0.238313
1.5708  5.02655  5.65487  0.060506  -0.303733
2.19911  5.02655  5.65487  0.0568949  -0.340376
2.82743  5.02655  5.65487  0.0529991  -0.359316
4.08407  5.02655  5.65487  0.0453179  -0.3677
7.22566  5.02655  5.65487  0.0300553  -0.328488
14.7655  5.02655  5.65487  0.012658  -0.222203
-16.6504  5.02655  6.28319  0.0123536  0.203379
-7.22566  5.02655  6.28319  0.0351453  0.328519
-5.34071  5.02655  6.28319  0.0448849  0.35696
-4.08407  5.02655  6.28319  0.0527785  0.367753
-2.82743  5.02655  6.28319  0.0614198  0.359216
-2.19911  5.02655  6.28319  0.0656699  0.340025
-1.5708  5.02655  6.28319  0.0694837  0.302896
-0.942478  5.02655  6.28319  0.0724119  0.236539
-0.314159  5.02655  6.28319  0.0740032  0.117875
0.314159  5.02655  6.28319  0.074003  -0.117889
0.942478  5.02655  6.28319  0.0724118  -0.236551
1.5708  5.02655  6.28319  0.0694837  -0.302907
2.19911  5.02655  6.28319  0.0656699  -0.340035
2.82743  5.02655  6.28319  0.0614198  -0.359226
4.08407  5.02655  6.28319  0.0527794  -0.367761
7.22566  5.02655  6.28319  0.0351444  -0.328531
14.7655  5.02655  6.28319  0.0148184  -0.222201
-16.6504  5.65487  0  0.0172437  0.203424
-7.22566  5.65487  0  0.0487464  0.328915
-5.34071  5.65487  0  0.0616724  0.35728
-4.08407  5.65487  0  0.0715987  0.367471
-2.82743  5.65487  0  0.0815377  0.35688
-2.19911  5.65487  0  0.0859113  0.335564
-1.5708  5.65487  0  0.0894519  0.29529
-0.942478  5.65487  0  0.0918794  0.22554
-0.314159  5.65487  0  0.0930785  0.115421
0.314159  5.65487  0  0.0930785  -0.115432
0.942478  5.65487  0  0.0918795  -0.22555
1.5708  5.65487  0  0.0894521  -0.295299
2.19911  5.65487  0  0.0859115  -0.335572
2.82743  5.65487  0  0.081538  -0.356888
4.08407  5.65487  0  0.0716  -0.367478
7.22566  5.65487  0  0.0487457  -0.328925
14.7655  5.65487  0  0.0206841  -0.222269
-16.6504  5.65487  0.628319  0.0153848  0.203416
-7.22566  5.65487  0.628319  0.0435861  0.328804
-5.34071  5.65487  0.628319  0.0553142  0.357188
-4.08407  5.65487  0.628319  0.0644881  0.36756
-2.82743  5.65487  0.628319  0.073969  0.357617
-2.19911  5.65487  0.628319  0.0783113  0.337028
-1.5708  5.65487  0.628319  0.0819516  0.297988
-0.942478  5.65487  0.628319  0.0845312  0.229888
-0.314159  5.65487  0.628319  0.0858315  0.112896
0.314159  5.65487  0.628319  0.0858314  -0.112908
0.942478  5.65487  0.628319  0.0845312  -0.229898
1.5708  5.65487  0.628319  0.0819517  -0.297998
2.19911  5.65487  0.628319  0.0783114  -0.337037
2.82743  5.65487  0.628319  0.0739692  -0.357626
4.08407  5.65487  0.628319  0.0644892  -0.367567
7.22566  5.65487  0.628319  0.0435853  -0.328814
14.7655  5.65487  0.628319  0.0184546  -0.222255
-16.6504  5.65487  1.25664  0.0105523  0.203381
-7.22566  5.65487  1.25664  0.0300563  0.328476
-5.34071  5.65487  1.25664  0.0384462  0.356891
-4.08407  5.65487  1.25664  0.0453171  0.367691
-2.82743  5.65487  1.25664  0.0529992  0.359306
-2.19911  5.65487  1.25664  0.056895  0.340365
-1.5708  5.65487  1.25664  0.0605061  0.303722
-0.942478  5.65487  1.25664  0.0633933  0.2383
-0.314159  5.65487  1.25664  0.0650335  0.128112
0.314159  5.65487  1.25664  0.0650333  -0.128126
0.942478  5.65487  1.25664  0.0633931  -0.238313
1.5708  5.65487  1.25664  0.060506  -0.303733
2.19911  5.65487  1.25664  0.0568949  -0.340376
2.82743  5.65487  1.25664  0.0529991  -0.359316
4.08407  5.65487  1.25664  0.0453179  -0.3677
7.22566  5.65487  1.25664  0.0300553  -0.328488
14.7655  5.65487  1.25664  0.012658  -0.222203
-16.6504  5.65487  1.88496  0.00467623  0.203319
-7.22566  5.65487  1.88496  0.0134057  0.328035
-5.34071  5.65487  1.88496  0.0173134  0.356474
-4.08407  5.65487  1.88496  0.020689  0.367769
-2.82743  5.65487  1.88496  0.0248111  0.361247
-2.19911  5.65487  1.88496  0.0271516  0.344431
-1.5708  5.65487  1.88496  0.0295964  0.311435
-0.942478  5.65487  1.88496  0.0318829  0.251768
-0.314159  5.65487  1.88496  0.0334029  0.14072
0.314159  5.65487  1.88496  0.0334025  -0.140737
0.942478  5.65487  1.88496  0.0318826  -0.251784
1.5708  5.65487  1.88496  0.0295961  -0.311449
2.19911  5.65487  1.88496  0.0271513  -0.344444
2.82743  5.65487  1.88496  0.0248107  -0.361259
4.08407  5.65487  1.88496  0.0206893  -0.36778
7.22566  5.65487  1.88496  0.0134044  -0.328049
14.7655  5.65487  1.88496  0.00560902  -0.222116
-16.6504  5.65487  2.51327  2.60443e-06  0.203256
-7.22566  5.65487  2.51327  4.14017e-06  0.327655
-5.34071  5.65487  2.51327  8.05681e-07  0.356101
-4.08407  5.65487  2.51327  2.6136e-06  0.367768
-2.82743  5.65487  2.51327  3.73316e-06  0.362683
-2.19911  5.65487  2.51327  3.86921e-06  0.347489
-1.5708  5.65487  2.51327  4.10553e-06  0.317115
-0.942478  5.65487  2.51327  4.45152e-06  0.261402
-0.314159  5.65487  2.51327  5.08373e-06  0.163864
0.314159  5.65487  2.51327  4.68386e-06  -0.163884
0.942478  5.65487  2.51327  3.98845e-06  -0.261419
1.5708  5.65487  2.51327  3.62254e-06  -0.31713
2.19911  5.65487  2.51327  3.3327e-06  -0.347504
2.82743  5.65487  2.51327  3.06417e-06  -0.362697
4.08407  5.65487  2.51327  2.63097e-06  -0.367781
7.22566  5.65487  2.51327  2.68644e-06  -0.327671
14.7655  5.65487  2.51327  2.02597e-06  -0.222031
-16.6504  5.65487  3.14159  -0.00176237  0.203229
-7.22566  5.65487  3.14159  -0.00509317  0.327503
-5.34071  5.65487  3.14159  -0.00665534  0.355947
-4.08407  5.65487  3.14159  -0.00807159  0.367748
-2.82743  5.65487  3.14159  -0.00995222  0.363227
-2.19911  5.65487  3.14159  -0.0111274  0.348754
-1.5708  5.65487  3.14159  -0.0124799  0.319834
-0.942478  5.65487  3.14159  -0.0139901  0.266927
-0.314159  5.65487  3.14159  -0.0150517  0.164334
0.314159  5.65487  3.14159  -0.0150524  -0.164354
0.942478  5.65487  3.14159  -0.0139907  -0.266945
1.5708  5.65487  3.14159  -0.0124805  -0.31985
2.19911  5.65487  3.14159  -0.0111281  -0.34877
2.82743  5.65487  3.14159  -0.00995301  -0.363242
4.08407  5.65487  3.14159  -0.00807169  -0.367762
7.22566  5.65487  3.14159  -0.0050947  -0.32752
14.7655  5.65487  3.14159  -0.00211551  -0.221995
-16.6504  5.65487  3.76991  2.60443e-06  0.203256
-7.22566  5.65487  3.76991  4.14017e-06  0.327655
-5.34071  5.65487  3.76991  8.05681e-07  0.356101
-4.08407  5.65487  3.76991  2.6136e-06  0.367768
-2.82743  5.65487  3.76991  3.73316e-06  0.362683
-2.19911  5.65487  3.76991  3.86921e-06  0.347489
-1.5708  5.65487  3.76991  4.10553e-06  0.317115
-0.942478  5.65487  3.76991  4.45152e-06  0.261402
-0.314159  5.65487  3.76991  5.08373e-06  0.163864
0.314159  5.65487  3.76991  4.68386e-06  -0.163884
0.942478  5.65487  3.76991  3.98845e-06  -0.261419
1.5708  5.65487  3.76991  3.62254e-06  -0.31713
2.19911  5.65487  3.76991  3.3327e-06  -0.347504
2.82743  5.65487  3.76991  3.06417e-06  -0.362697
4.08407  5.65487  3.76991  2.63097e-06  -0.367781
7.22566  5.65487  3.76991  2.68644e-06  -0.327671
14.7655  5.65487  3.76991  2.02597e-06  -0.222031
-16.6504  5.65487  4.39823  0.00467623  0.203319
-7.22566  5.65487  4.39823  0.0134057  0.328035
-5.34071  5.65487  4.39823  0.0173134  0.356474
-4.08407  5.65487  4.39823  0.020689  0.367769
-2.82743  5.65487  4.39823  0.0248111  0.361247
-2.19911  5.65487  4.39823  0.0271516  0.344431
-1.5708  5.65487  4.39823  0.0295964  0.311435
-0.942478  5.65487  4.39823  0.0318829  0.251768
-0.314159  5.65487  4.39823  0.0334029  0.14072
0.314159  5.65487  4.39823  0.0334025  -0.140737
0.942478  5.65487  4.39823  0.0318826  -0.251784
1.5708  5.65487  4.39823  0.0295961  -0.311449
2.19911  5.65487  4.39823  0.0271513  -0.344444
2.82743  5.65487  4.39823  0.0248107  -0.361259
4.08407  5.65487  4.39823  0.0206893  -0.36778
7.22566  5.65487  4.39823  0.0134044  -0.328049
14.7655  5.65487  4.39823  0.00560902  -0.222116
-16.6504  5.65487  5.02655  0.0105523  0.203381
-7.22566  5.65487  5.02655  0.0300563  0.328476
-5.34071  5.65487  5.02655  0.0384462  0.356891
-4.08407  5.65487  5.02655  0.0453171  0.367691
-2.82743  5.65487  5.02655  0.0529992  0.359306
-2.19911  5.65487  5.02655  0.056895  0.340365
-1.5708  5.65487  5.02655  0.0605061  0.303722
-0.942478  5.65487  5.02655  0.0633933  0.2383
-0.314159  5.65487  5.02655  0.0650335  0.128112
0.314159  5.65487  5.02655  0.0650333  -0.128126
0.942478  5.65487  5.02655  0.0633931  -0.238313
1.5708  5.65487  5.02655  0.060506  -0.303733
2.19911  5.65487  5.02655  0.0568949  -0.340376
2.82743  5.65487  5.02655  0.0529991  -0.359316
4.08407  5.65487  5.02655  0.0453179  -0.3677
7.22566  5.65487  5.02655  0.0300553  -0.328488
14.7655  5.65487  5.02655  0.012658  -0.222203
-16.6504  5.65487  5.65487  0.0153848  0.203416
-7.22566  5.65487  5.65487  0.0435861  0.328804
-5.34071  5.65487  5.65487  0.0553142  0.357188
-4.08407  5.65487  5.65487  0.0644881  0.36756
-2.82743  5.65487  5.65487  0.073969  0.357617
-2.19911  5.65487  5.65487  0.0783113  0.337028
-1.5708  5.65487  5.65487  0.0819516  0.297988
-0.942478  5.65487  5.65487  0.0845312  0.229888
-0.314159  5.65487  5.65487  0.0858315  0.112896
0.314159  5.65487  5.65487  0.0858314  -0.112908
0.942478  5.65487  5.65487  0.0845312  -0.229898
1.5708  5.65487  5.65487  0.0819517  -0.297998
2.19911  5.65487  5.65487  0.0783114  -0.337037
2.82743  5.65487  5.65487  0.0739692  -0.357626
4.08407  5.65487  5.65487  0.0644892  -0.367567
7.22566  5.65487  5.65487  0.0435853  -0.328814
14.7655  5.65487  5.65487  0.0184546  -0.222255
-16.6504  5.65487  6.28319  0.0172437  0.203424
-7.22566  5.65487  6.28319  0.0487464  0.328915
-5.34071  5.65487  6.28319  0.0616724  0.35728
-4.08407  5.65487  6.28319  0.0715987  0.367471
-2.82743  5.65487  6.28319  0.0815377  0.35688
-2.19911  5.65487  6.28319  0.0859113  0.335564
-1.5708  5.65487  6.28319  0.0894519  0.29529
-0.942478  5.65487  6.28319  0.0918794  0.22554
-0.314159  5.65487  6.28319  0.0930785  0.115421
0.314159  5.65487  6.28319  0.0930785  -0.115432
0.942478  5.65487  6.28319  0.0918795  -0.22555
1.5708  5.65487  6.28319  0.0894521  -0.295299
2.19911  5.65487  6.28319  0.0859115  -0.335572
2.82743  5.65487  6.28319  0.081538  -0.356888
4.08407  5.65487  6.28319  0.0716  -0.367478
7.22566  5.65487  6.28319  0.0487457  -0.328925
14.7655  5.65487  6.28319  0.0206841  -0.222269
-16.6504  6.28319  0  0.0191458  0.203437
-7.22566  6.28319  0  0.0540049  0.32905
-5.34071  6.28319  0  0.0680942  0.357374
-4.08407  6.28319  0  0.0786989  0.367321
-2.82743  6.28319  0  0.0889787  0.355964
-2.19911  6.28319  0  0.0933333  0.333967
-1.5708  6.28319  0  0.0967533  0.292998
-0.942478  6.28319  0  0.0990397  0.22316
-0.314159  6.28319  0  0.100157  0.108033
0.314159  6.28319  0  0.100157  -0.108044
0.942478  6.28319  0  0.0990398  -0.223169
1.5708  6.28319  0  0.0967535  -0.293006
2.19911  6.28319  0  0.0933335  -0.333975
2.82743  6.28319  0  0.0889791  -0.355971
4.08407  6.28319  0  0.0787004  -0.367327
7.22566  6.28319  0  0.0540041  -0.329059
14.7655  6.28319  0  0.022966  -0.222289
-16.6504  6.28319  0.628319  0.0172437  0.203424
-7.22566  6.28319  0.628319  0.0487464  0.328915
-5.34071  6.28319  0.628319  0.0616724  0.35728
-4.08407  6.28319  0.628319  0.0715987  0.367471
-2.82743  6.28319  0.628319  0.0815377  0.35688
-2.19911  6.28319  0.628319  0.0859113  0.335564
-1.5708  6.28319  0.628319  0.0894519  0.29529
-0.942478  6.28319  0.628319  0.0918794  0.22554
-0.314159  6.28319  0.628319  0.0930785  0.115421
0.314159  6.28319  0.628319  0.0930785  -0.115432
0.942478  6.28319  0.628319  0.0918795  -0.22555
1.5708  6.28319  0.628319  0.0894521  -0.295299
2.19911  6.28319  0.628319  0.0859115  -0.335572
2.82743  6.28319  0.628319  0.081538  -0.356888
4.08407  6.28319  0.628319  0.0716  -0.367478
7.22566  6.28319  0.628319  0.0487457  -0.328925
14.7655  6.28319  0.628319  0.0206841  -0.222269
-16.6504  6.28319  1.25664  0.0123536  0.203379
-7.22566  6.28319  1.25664  0.0351453  0.328519
-5.34071  6.28319  1.25664  0.0448849  0.35696
-4.08407  6.28319  1.25664  0.0527785  0.367753
-2.82743  6.28319  1.25664  0.0614198  0.359216
-2.19911  6.28319  1.25664  0.0656699  0.340025
-1.5708  6.28319  1.25664  0.0694837  0.302896
-0.942478  6.28319  1.25664  0.0724119  0.236539
-0.314159  6.28319  1.25664  0.0740032  0.117875
0.314159  6.28319  1.25664  0.074003  -0.117889
0.942478  6.28319  1.25664  0.0724118  -0.236551
1.5708  6.28319  1.25664  0.0694837  -0.302907
2.19911  6.28319  1.25664  0.0656699  -0.340035
2.82743  6.28319  1.25664  0.0614198  -0.359226
4.08407  6.28319  1.25664  0.0527794  -0.367761
7.22566  6.28319  1.25664  0.0351444  -0.328531
14.7655  6.28319  1.25664  0.0148184  -0.222201
-16.6504  6.28319  1.88496  0.00644983  0.203304
-7.22566  6.28319  1.88496  0.0185021  0.327978
-5.34071  6.28319  1.88496  0.0239171  0.356453
-4.08407  6.28319  1.88496  0.0286042  0.367876
-2.82743  6.28319  1.88496  0.0343261  0.361713
-2.19911  6.28319  1.88496  0.0375574  0.345156
-1.5708  6.28319  1.88496  0.0409011  0.312137
-0.942478  6.28319  1.88496  0.0439919  0.250946
-0.314159  6.28319  1.88496  0.0459822  0.140183
0.314159  6.28319  1.88496  0.0459819  -0.140199
0.942478  6.28319  1.88496  0.0439916  -0.25096
1.5708  6.28319  1.88496  0.0409008  -0.31215
2.19911  6.28319  1.88496  0.0375571  -0.345168
2.82743  6.28319  1.88496  0.0343258  -0.361724
4.08407  6.28319  1.88496  0.0286046  -0.367886
7.22566  6.28319  1.88496  0.0185009  -0.327992
14.7655  6.28319  1.88496  0.00773675  -0.222095
-16.6504  6.28319  2.51327  0.00176758  0.203231
-7.22566  6.28319  2.51327  0.00510142  0.327503
-5.34071  6.28319  2.51327  0.00665692  0.355947
-4.08407  6.28319  2.51327  0.0080768  0.367749
-2.82743  6.28319  2.51327  0.00995968  0.363228
-2.19911  6.28319  2.51327  0.0111352  0.348755
-1.5708  6.28319  2.51327  0.0124881  0.319834
-0.942478  6.28319  2.51327  0.0139992  0.266928
-0.314159  6.28319  2.51327  0.0150622  0.164335
0.314159  6.28319  2.51327  0.0150615  -0.164354
0.942478  6.28319  2.51327  0.0139987  -0.266944
1.5708  6.28319  2.51327  0.0124877  -0.319849
2.19911  6.28319  2.51327  0.0111347  -0.348769
2.82743  6.28319  2.51327  0.00995908  -0.363242
4.08407  6.28319  2.51327  0.00807695  -0.367761
7.22566  6.28319  2.51327  0.00510008  -0.327519
14.7655  6.28319  2.51327  0.00211955  -0.221994
-16.6504  6.28319  3.14159  2.60498e-06  0.2032
-7.22566  6.28319  3.14159  4.10518e-06  0.327312
-5.34071  6.28319  3.14159  7.66428e-07  0.355728
-4.08407  6.28319  3.14159  2.59508e-06  0.367636
-2.82743  6.28319  3.14159  3.70515e-06  0.363619
-2.19911  6.28319  3.14159  3.83561e-06  0.349778
-1.5708  6.28319  3.14159  4.07275e-06  0.322034
-0.942478  6.28319  3.14159  4.4464e-06  0.271745
-0.314159  6.28319  3.14159  5.26402e-06  0.187057
0.314159  6.28319  3.14159  4.83451e-06  -0.187077
0.942478  6.28319  3.14159  3.96982e-06  -0.271762
1.5708  6.28319  3.14159  3.58575e-06  -0.32205
2.19911  6.28319  3.14159  3.29263e-06  -0.349793
2.82743  6.28319  3.14159  3.01455e-06  -0.363633
4.08407  6.28319  3.14159  2.62838e-06  -0.367649
7.22566  6.28319  3.14159  2.68805e-06  -0.327329
14.7655  6.28319  3.14159  2.01919e-06  -0.221953
-16.6504  6.28319  3.76991  0.00176758  0.203231
-7.22566  6.28319  3.76991  0.00510142  0.327503
-5.34071  6.28319  3.76991  0.00665692  0.355947
-4.08407  6.28319  3.76991  0.0080768  0.367749
-2.82743  6.28319  3.76991  0.00995968  0.363228
-2.19911  6.28319  3.76991  0.0111352  0.348755
-1.5708  6.28319  3.76991  0.0124881  0.319834
-0.942478  6.28319  3.76991  0.0139992  0.266928
-0.314159  6.28319  3.76991  0.0150622  0.164335
0.314159  6.28319  3.76991  0.0150615  -0.164354
0.942478  6.28319  3.76991  0.0139987  -0.266944
1.5708  6.28319  3.76991  0.0124877  -0.319849
2.19911  6.28319  3.76991  0.0111347  -0.348769
2.82743  6.28319  3.76991  0.00995908  -0.363242
4.08407  6.28319  3.76991  0.00807695  -0.367761
7.22566  6.28319  3.76991  0.00510008  -0.327519
14.7655  6.28319  3.76991  0.00211955  -0.221994
-16.6504  6.28319  4.39823  0.00644983  0.203304
-7.22566  6.28319  4.39823  0.0185021  0.327978
-5.34071  6.28319  4.39823  0.0239171  0.356453
-4.08407  6.28319  4.39823  0.0286042  0.367876
-2.82743  6.28319  4.39823  0.0343261  0.361713
-2.19911  6.28319  4.39823  0.0375574  0.345156
-1.5708  6.28319  4.39823  0.0409011  0.312137
-0.942478  6.28319  4.39823  0.0439919  0.250946
-0.314159  6.28319  4.39823  0.0459822  0.140183
0.314159  6.28319  4.39823  0.0459819  -0.140199
0.942478  6.28319  4.39823  0.0439916  -0.25096
1.5708  6.28319  4.39823  0.0409008  -0.31215
2.19911  6.28319  4.39823  0.0375571  -0.345168
2.82743  6.28319  4.39823  0.0343258  -0.361724
4.08407  6.28319  4.39823  0.0286046  -0.367886
7.22566  6.28319  4.39823  0.0185009  -0.327992
14.7655  6.28319  4.39823  0.00773675  -0.222095
-16.6504  6.28319  5.02655  0.0123536  0.203379
-7.22566  6.28319  5.02655  0.0351453  0.328519
-5.34071  6.28319  5.02655  0.0448849  0.35696
-4.08407  6.28319  5.02655  0.0527785  0.367753
-2.82743  6.28319  5.02655  0.0614198  0.359216
-2.19911  6.28319  5.02655  0.0656699  0.340025
-1.5708  6.28319  5.02655  0.0694837  0.302896
-0.942478  6.28319  5.02655  0.0724119  0.236539
-0.314159  6.28319  5.02655  0.0740032  0.117875
0.314159  6.28319  5.02655  0.074003  -0.117889
0.942478  6.28319  5.02655  0.0724118  -0.236551
1.5708  6.28319  5.02655  0.0694837  -0.302907
2.19911  6.28319  5.02655  0.0656699  -0.340035
2.82743  6.28319  5.02655  0.0614198  -0.359226
4.08407  6.28319  5.02655  0.0527794  -0.367761
7.22566  6.28319  5.02655  0.0351444  -0.328531
14.7655  6.28319  5.02655  0.0148184  -0.222201
-16.6504  6.28319  5.65487  0.0172437  0.203424
-7.22566  6.28319  5.65487  0.0487464  0.328915
-5.34071  6.28319  5.65487  0.0616724  0.35728
-4.08407  6.28319  5.65487  0.0715987  0.367471
-2.82743  6.28319  5.65487  0.0815377  0.35688
-2.19911  6.28319  5.65487  0.0859113  0.335564
-1.5708  6.28319  5.65487  0.0894519  0.29529
-0.942478  6.28319  5.65487  0.0918794  0.22554
-0.314159  6.28319  5.65487  0.0930785  0.115421
0.314159  6.28319  5.65487  0.0930785  -0.115432
0.942478  6.28319  5.65487  0.0918795  -0.22555
1.5708  6.28319  5.65487  0.0894521  -0.295299
2.19911  6.28319  5.65487  0.0859115  -0.335572
2.82743  6.28319  5.65487  0.081538  -0.356888
4.08407  6.28319  5.65487  0.0716  -0.367478
7.22566  6.28319  5.65487  0.0487457  -0.328925
14.7655  6.28319  5.65487  0.0206841  -0.222269
-16.6504  6.28319  6.28319  0.0191458  0.203437
-7.22566  6.28319  6.28319  0.0540049  0.32905
-5.34071  6.28319  6.28319  0.0680942  0.357374
-4.08407  6.28319  6.28319  0.0786989  0.367321
-2.82743  6.28319  6.28319  0.0889787  0.355964
-2.19911  6.28319  6.28319  0.0933333  0.333967
-1.5708  6.28319  6.28319  0.0967533  0.292998
-0.942478  6.28319  6.28319  0.0990397  0.22316
-0.314159  6.28319  6.28319  0.100157  0.108033
0.314159  6.28319  6.28319  0.100157  -0.108044
0.942478  6.28319  6.28319  0.0990398  -0.223169
1.5708  6.28319  6.28319  0.0967535  -0.293006
2.19911  6.28319  6.28319  0.0933335  -0.333975
2.82743  6.28319  6.28319  0.0889791  -0.355971
4.08407  6.28319  6.28319  0.0787004  -0.367327
7.22566  6.28319  6.28319  0.0540041  -0.329059
14.7655  6.28319  6.28319  0.022966  -0.222289
