-16.6504  0  0  0.0132739  0.0561983
-7.22566  0  0  0.0543192  0.103996
-5.34071  0  0  0.0820377  0.118888
-4.08407  0  0  0.111428  0.126491
-2.82743  0  0  0.153795  0.125182
-2.19911  0  0  0.180209  0.116847
-1.5708  0  0  0.208629  0.0996198
-0.942478  0  0  0.235335  0.07032
-0.314159  0  0  0.25345  0.0274382
0.314159  0  0  0.25345  -0.0274389
0.942478  0  0  0.235335  -0.0703204
1.5708  0  0  0.208628  -0.0996201
2.19911  0  0  0.180209  -0.116848
2.82743  0  0  0.153795  -0.125182
4.08407  0  0  0.111427  -0.126491
7.22566  0  0  0.0543191  -0.103995
14.7655  0  0  0.0165399  -0.0623321
-16.6504  0  0.628319  0.0121231  0.0567435
-7.22566  0  0.628319  0.0511275  0.108214
-5.34071  0  0.628319  0.0788292  0.1263
-4.08407  0  0.628319  0.10948  0.137421
-2.82743  0  0.628319  0.15616  0.140609
-2.19911  0  0.628319  0.18688  0.134107
-1.5708  0  0.628319  0.221461  0.11712
-0.942478  0  0.628319  0.255555  0.0846511
-0.314159  0  0.628319  0.27954  0.034067
0.314159  0  0.628319  0.27954  -0.0340679
0.942478  0  0.628319  0.255554  -0.0846516
1.5708  0  0.628319  0.221461  -0.11712
2.19911  0  0.628319  0.18688  -0.134107
2.82743  0  0.628319  0.156159  -0.140609
4.08407  0  0.628319  0.10948  -0.137421
7.22566  0  0.628319  0.0511274  -0.108214
14.7655  0  0.628319  0.015142  -0.0630868
-16.6504  0  1.25664  0.00895913  0.0579486
-7.22566  0  1.25664  0.0405242  0.118521
-5.34071  0  1.25664  0.0658355  0.145778
-4.08407  0  1.25664  0.0971715  0.168634
-2.82743  0  1.25664  0.153173  0.19092
-2.19911  0  1.25664  0.196914  0.195894
-1.5708  0  1.25664  0.254707  0.18726
-0.942478  0  1.25664  0.323448  0.149806
-0.314159  0  1.25664  0.382059  0.0648823
0.314159  0  1.25664  0.382058  -0.0648841
0.942478  0  1.25664  0.323447  -0.149807
1.5708  0  1.25664  0.254705  -0.18726
2.19911  0  1.25664  0.196914  -0.195894
2.82743  0  1.25664  0.153173  -0.19092
4.08407  0  1.25664  0.0971712  -0.168634
7.22566  0  1.25664  0.0405241  -0.118521
14.7655  0  1.25664  0.0112495  -0.0647675
-16.6504  0  1.88496  0.00481049  0.0589414
-7.22566  0  1.88496  0.0231423  0.128209
-5.34071  0  1.88496  0.039591  0.166089
-4.08407  0  1.88496  0.0625069  0.205619
-2.82743  0  1.88496  0.112427  0.266055
-2.19911  0  1.88496  0.162354  0.307251
-1.5708  0  1.88496  0.250953  0.352352
-0.942478  0  1.88496  0.416239  0.37127
-0.314159  0  1.88496  0.670917  0.228166
0.314159  0  1.88496  0.670912  -0.228172
0.942478  0  1.88496  0.416235  -0.371271
1.5708  0  1.88496  0.250951  -0.352352
2.19911  0  1.88496  0.162352  -0.30725
2.82743  0  1.88496  0.112426  -0.266054
4.08407  0  1.88496  0.0625066  -0.205619
7.22566  0  1.88496  0.0231422  -0.128209
14.7655  0  1.88496  0.00606681  -0.0661656
-16.6504  0  2.51327  0.00133783  0.0593041
-7.22566  0  2.51327  0.00658942  0.132066
-5.34071  0  2.51327  0.0115151  0.174783
-4.08407  0  2.51327  0.0187333  0.223054
-2.82743  0  2.51327  0.0360516  0.309211
-2.19911  0  2.51327  0.0559394  0.384343
-1.5708  0  2.51327  0.0995629  0.509467
-0.942478  0  2.51327  0.230258  0.756795
-0.314159  0  2.51327  1.00916  1.31608
0.314159  0  2.51327  1.00911  -1.31607
0.942478  0  2.51327  0.230253  -0.756787
1.5708  0  2.51327  0.0995615  -0.509463
2.19911  0  2.51327  0.0559388  -0.384341
2.82743  0  2.51327  0.0360514  -0.30921
4.08407  0  2.51327  0.0187332  -0.223053
7.22566  0  2.51327  0.00658942  -0.132066
14.7655  0  2.51327  0.00168994  -0.0666795
-16.6504  0  3.14159  -9.17099e-09  0.0593344
-7.22566  0  3.14159  -7.19608e-08  0.132398
-5.34071  0  3.14159  -2.36192e-08  0.175548
-4.08407  0  3.14159  -1.30948e-07  0.224633
-2.82743  0  3.14159  -3.63864e-07  0.313376
-2.19911  0  3.14159  -5.9038e-07  0.392327
-1.5708  0  3.14159  -1.13675e-06  0.528309
-0.942478  0  3.14159  -3.01586e-06  0.823572
-0.314159  0  3.14159  -2.0954e-05  1.99515
0.314159  0  3.14159  -1.92427e-05  -1.99507
0.942478  0  3.14159  -2.69254e-06  -0.823561
1.5708  0  3.14159  -1.0008e-06  -0.528305
2.19911  0  3.14159  -5.06798e-07  -0.392325
2.82743  0  3.14159  -2.9604e-07  -0.313375
4.08407  0  3.14159  -1.32627e-07  -0.224632
7.22566  0  3.14159  -4.71194e-08  -0.132398
14.7655  0  3.14159  -8.98922e-09  -0.0667225
-16.6504  0  3.76991  0.00133783  0.0593041
-7.22566  0  3.76991  0.00658942  0.132066
-5.34071  0  3.76991  0.0115151  0.174783
-4.08407  0  3.76991  0.0187333  0.223054
-2.82743  0  3.76991  0.0360516  0.309211
-2.19911  0  3.76991  0.0559394  0.384343
-1.5708  0  3.76991  0.0995629  0.509467
-0.942478  0  3.76991  0.230258  0.756795
-0.314159  0  3.76991  1.00916  1.31608
0.314159  0  3.76991  1.00911  -1.31607
0.942478  0  3.76991  0.230253  -0.756787
1.5708  0  3.76991  0.0995615  -0.509463
2.19911  0  3.76991  0.0559388  -0.384341
2.82743  0  3.76991  0.0360514  -0.30921
4.08407  0  3.76991  0.0187332  -0.223053
7.22566  0  3.76991  0.00658942  -0.132066
14.7655  0  3.76991  0.00168994  -0.0666795
-16.6504  0  4.39823  0.00481049  0.0589414
-7.22566  0  4.39823  0.0231423  0.128209
-5.34071  0  4.39823  0.039591  0.166089
-4.08407  0  4.39823  0.0625069  0.205619
-2.82743  0  4.39823  0.112427  0.266055
-2.19911  0  4.39823  0.162354  0.307251
-1.5708  0  4.39823  0.250953  0.352352
-0.942478  0  4.39823  0.416239  0.37127
-0.314159  0  4.39823  0.670917  0.228166
0.314159  0  4.39823  0.670912  -0.228172
0.942478  0  4.39823  0.416235  -0.371271
1.5708  0  4.39823  0.250951  -0.352352
2.19911  0  4.39823  0.162352  -0.30725
2.82743  0  4.39823  0.112426  -0.266054
4.08407  0  4.39823  0.0625066  -0.205619
7.22566  0  4.39823  0.0231422  -0.128209
14.7655  0  4.39823  0.00606681  -0.0661656
-16.6504  0  5.02655  0.00895913  0.0579486
-7.22566  0  5.02655  0.0405242  0.118521
-5.34071  0  5.02655  0.0658355  0.145778
-4.08407  0  5.02655  0.0971715  0.168634
-2.82743  0  5.02655  0.153173  0.19092
-2.19911  0  5.02655  0.196914  0.195894
-1.5708  0  5.02655  0.254707  0.18726
-0.942478  0  5.02655  0.323448  0.149806
-0.314159  0  5.02655  0.382059  0.0648823
0.314159  0  5.02655  0.382058  -0.0648841
0.942478  0  5.02655  0.323447  -0.149807
1.5708  0  5.02655  0.254705  -0.18726
2.19911  0  5.02655  0.196914  -0.195894
2.82743  0  5.02655  0.153173  -0.19092
4.08407  0  5.02655  0.0971712  -0.168634
7.22566  0  5.02655  0.0405241  -0.118521
14.7655  0  5.02655  0.0112495  -0.0647675
-16.6504  0  5.65487  0.0121231  0.0567435
-7.22566  0  5.65487  0.0511275  0.108214
-5.34071  0  5.65487  0.0788292  0.1263
-4.08407  0  5.65487  0.10948  0.137421
-2.82743  0  5.65487  0.15616  0.140609
-2.19911  0  5.65487  0.18688  0.134107
-1.5708  0  5.65487  0.221461  0.11712
-0.942478  0  5.65487  0.255555  0.0846511
-0.314159  0  5.65487  0.27954  0.034067
0.314159  0  5.65487  0.27954  -0.0340679
0.942478  0  5.65487  0.255554  -0.0846516
1.5708  0  5.65487  0.221461  -0.11712
2.19911  0  5.65487  0.18688  -0.134107
2.82743  0  5.65487  0.156159  -0.140609
4.08407  0  5.65487  0.10948  -0.137421
7.22566  0  5.65487  0.0511274  -0.108214
14.7655  0  5.65487  0.015142  -0.0630868
-16.6504  0  6.28319  0.0132739  0.0561983
-7.22566  0  6.28319  0.0543192  0.103996
-5.34071  0  6.28319  0.0820377  0.118888
-4.08407  0  6.28319  0.111428  0.126491
-2.82743  0  6.28319  0.153795  0.125182
-2.19911  0  6.28319  0.180209  0.116847
-1.5708  0  6.28319  0.208629  0.0996198
-0.942478  0  6.28319  0.235335  0.07032
-0.314159  0  6.28319  0.25345  0.0274382
0.314159  0  6.28319  0.25345  -0.0274389
0.942478  0  6.28319  0.235335  -0.0703204
1.5708  0  6.28319  0.208628  -0.0996201
2.19911  0  6.28319  0.180209  -0.116848
2.82743  0  6.28319  0.153795  -0.125182
4.08407  0  6.28319  0.111427  -0.126491
7.22566  0  6.28319  0.0543191  -0.103995
14.7655  0  6.28319  0.0165399  -0.0623321
-16.6504  0.628319  0  0.0121231  0.0567435
-7.22566  0.628319  0  0.0511275  0.108214
-5.34071  0.628319  0  0.0788292  0.1263
-4.08407  0.628319  0  0.10948  0.137421
-2.82743  0.628319  0  0.15616  0.140609
-2.19911  0.628319  0  0.18688  0.134107
-1.5708  0.628319  0  0.221461  0.11712
-0.942478  0.628319  0  0.255555  0.0846511
-0.314159  0.628319  0  0.27954  0.034067
0.314159  0.628319  0  0.27954  -0.0340679
0.942478  0.628319  0  0.255554  -0.0846516
1.5708  0.628319  0  0.221461  -0.11712
2.19911  0.628319  0  0.18688  -0.134107
2.82743  0.628319  0  0.156159  -0.140609
4.08407  0.628319  0  0.10948  -0.137421
7.22566  0.628319  0  0.0511274  -0.108214
14.7655  0.628319  0  0.015142  -0.0630868
-16.6504  0.628319  0.628319  0.0109389  0.0572432
-7.22566  0.628319  0.628319  0.0474634  0.112314
-5.34071  0.628319  0.628319  0.074695  0.133806
-4.08407  0.628319  0.628319  0.106158  0.149004
-2.82743  0.628319  0.628319  0.156979  0.158119
-2.19911  0.628319  0.628319  0.192506  0.15461
-1.5708  0.628319  0.628319  0.234667  0.139038
-0.942478  0.628319  0.628319  0.278734  0.103688
-0.314159  0.628319  0.628319  0.311708  0.0422561
0.314159  0.628319  0.628319  0.311708  -0.0422572
0.942478  0.628319  0.628319  0.278733  -0.103689
1.5708  0.628319  0.628319  0.234667  -0.139038
2.19911  0.628319  0.628319  0.192505  -0.15461
2.82743  0.628319  0.628319  0.156979  -0.158119
4.08407  0.628319  0.628319  0.106158  -0.149004
7.22566  0.628319  0.628319  0.0474633  -0.112314
14.7655  0.628319  0.628319  0.0136928  -0.0637816
-16.6504  0.628319  1.25664  0.00770063  0.0583169
-7.22566  0.628319  1.25664  0.0356202  0.121976
-5.34071  0.628319  1.25664  0.0589298  0.152783
-4.08407  0.628319  1.25664  0.0889913  0.180837
-2.82743  0.628319  1.25664  0.146308  0.213573
-2.19911  0.628319  1.25664  0.194608  0.226785
-1.5708  0.628319  1.25664  0.263804  0.2273
-0.942478  0.628319  1.25664  0.355317  0.193103
-0.314159  0.628319  1.25664  0.442256  0.090094
0.314159  0.628319  1.25664  0.442255  -0.0900966
0.942478  0.628319  1.25664  0.355315  -0.193104
1.5708  0.628319  1.25664  0.263803  -0.2273
2.19911  0.628319  1.25664  0.194607  -0.226785
2.82743  0.628319  1.25664  0.146307  -0.213572
4.08407  0.628319  1.25664  0.088991  -0.180837
7.22566  0.628319  1.25664  0.0356201  -0.121976
14.7655  0.628319  1.25664  0.00968492  -0.0652847
-16.6504  0.628319  1.88496  0.00349188  0.0591277
-7.22566  0.628319  1.88496  0.0170009  0.130165
-5.34071  0.628319  1.88496  0.029401  0.170454
-4.08407  0.628319  1.88496  0.0471323  0.214258
-2.82743  0.628319  1.88496  0.0877073  0.286786
-2.19911  0.628319  1.88496  0.131181  0.342978
-1.5708  0.628319  1.88496  0.216392  0.419721
-0.942478  0.628319  1.88496  0.409616  0.505293
-0.314159  0.628319  1.88496  0.846982  0.398588
0.314159  0.628319  1.88496  0.84697  -0.398598
0.942478  0.628319  1.88496  0.40961  -0.505291
1.5708  0.628319  1.88496  0.216389  -0.41972
2.19911  0.628319  1.88496  0.13118  -0.342977
2.82743  0.628319  1.88496  0.0877067  -0.286785
4.08407  0.628319  1.88496  0.047132  -0.214258
7.22566  0.628319  1.88496  0.0170009  -0.130165
14.7655  0.628319  1.88496  0.00440743  -0.0664294
-16.6504  0.628319  2.51327  -9.16902e-09  0.0593342
-7.22566  0.628319  2.51327  -7.25675e-08  0.132392
-5.34071  0.628319  2.51327  -2.48256e-08  0.175537
-4.08407  0.628319  2.51327  -1.31874e-07  0.224626
-2.82743  0.628319  2.51327  -3.66829e-07  0.313468
-2.19911  0.628319  2.51327  -5.96623e-07  0.39268
-1.5708  0.628319  2.51327  -1.15188e-06  0.529686
-0.942478  0.628319  2.51327  -3.07144e-06  0.830648
-0.314159  0.628319  2.51327  -2.22476e-05  2.09195
0.314159  0.628319  2.51327  -2.04961e-05  -2.09186
0.942478  0.628319  2.51327  -2.75185e-06  -0.830636
1.5708  0.628319  2.51327  -1.01635e-06  -0.529682
2.19911  0.628319  2.51327  -5.13888e-07  -0.392678
2.82743  0.628319  2.51327  -3.0109e-07  -0.313467
4.08407  0.628319  2.51327  -1.3275e-07  -0.224626
7.22566  0.628319  2.51327  -4.70869e-08  -0.132392
14.7655  0.628319  2.51327  -9.01932e-09  -0.0667222
-16.6504  0.628319  3.14159  -0.00133785  0.0593041
-7.22566  0.628319  3.14159  -0.00658957  0.132066
-5.34071  0.628319  3.14159  -0.0115152  0.174783
-4.08407  0.628319  3.14159  -0.0187336  0.223054
-2.82743  0.628319  3.14159  -0.0360524  0.309211
-2.19911  0.628319  3.14159  -0.0559405  0.384343
-1.5708  0.628319  3.14159  -0.0995651  0.509466
-0.942478  0.628319  3.14159  -0.230263  0.756792
-0.314159  0.628319  3.14159  -1.00917  1.31605
0.314159  0.628319  3.14159  -1.00911  -1.31604
0.942478  0.628319  3.14159  -0.230257  -0.756783
1.5708  0.628319  3.14159  -0.0995633  -0.509462
2.19911  0.628319  3.14159  -0.0559398  -0.384341
2.82743  0.628319  3.14159  -0.0360519  -0.30921
4.08407  0.628319  3.14159  -0.0187335  -0.223053
7.22566  0.628319  3.14159  -0.00658951  -0.132066
14.7655  0.628319  3.14159  -0.00168996  -0.0666795
-16.6504  0.628319  3.76991  -9.16902e-09  0.0593342
-7.22566  0.628319  3.76991  -7.25675e-08  0.132392
-5.34071  0.628319  3.76991  -2.48256e-08  0.175537
-4.08407  0.628319  3.76991  -1.31874e-07  0.224626
-2.82743  0.628319  3.76991  -3.66829e-07  0.313468
-2.19911  0.628319  3.76991  -5.96623e-07  0.39268
-1.5708  0.628319  3.76991  -1.15188e-06  0.529686
-0.942478  0.628319  3.76991  -3.07144e-06  0.830648
-0.314159  0.628319  3.76991  -2.22476e-05  2.09195
0.314159  0.628319  3.76991  -2.04961e-05  -2.09186
0.942478  0.628319  3.76991  -2.75185e-06  -0.830636
1.5708  0.628319  3.76991  -1.01635e-06  -0.529682
2.19911  0.628319  3.76991  -5.13888e-07  -0.392678
2.82743  0.628319  3.76991  -3.0109e-07  -0.313467
4.08407  0.628319  3.76991  -1.3275e-07  -0.224626
7.22566  0.628319  3.76991  -4.70869e-08  -0.132392
14.7655  0.628319  3.76991  -9.01932e-09  -0.0667222
-16.6504  0.628319  4.39823  0.00349188  0.0591277
-7.22566  0.628319  4.39823  0.0170009  0.130165
-5.34071  0.628319  4.39823  0.029401  0.170454
-4.08407  0.628319  4.39823  0.0471323  0.214258
-2.82743  0.628319  4.39823  0.0877073  0.286786
-2.19911  0.628319  4.39823  0.131181  0.342978
-1.5708  0.628319  4.39823  0.216392  0.419721
-0.942478  0.628319  4.39823  0.409616  0.505293
-0.314159  0.628319  4.39823  0.846982  0.398588
0.314159  0.628319  4.39823  0.84697  -0.398598
0.942478  0.628319  4.39823  0.40961  -0.505291
1.5708  0.628319  4.39823  0.216389  -0.41972
2.19911  0.628319  4.39823  0.13118  -0.342977
2.82743  0.628319  4.39823  0.0877067  -0.286785
4.08407  0.628319  4.39823  0.047132  -0.214258
7.22566  0.628319  4.39823  0.0170009  -0.130165
14.7655  0.628319  4.39823  0.00440743  -0.0664294
-16.6504  0.628319  5.02655  0.00770063  0.0583169
-7.22566  0.628319  5.02655  0.0356202  0.121976
-5.34071  0.628319  5.02655  0.0589298  0.152783
-4.08407  0.628319  5.02655  0.0889913  0.180837
-2.82743  0.628319  5.02655  0.146308  0.213573
-2.19911  0.628319  5.02655  0.194608  0.226785
-1.5708  0.628319  5.02655  0.263804  0.2273
-0.942478  0.628319  5.02655  0.355317  0.193103
-0.314159  0.628319  5.02655  0.442256  0.090094
0.314159  0.628319  5.02655  0.442255  -0.0900966
0.942478  0.628319  5.02655  0.355315  -0.193104
1.5708  0.628319  5.02655  0.263803  -0.2273
2.19911  0.628319  5.02655  0.194607  -0.226785
2.82743  0.628319  5.02655  0.146307  -0.213572
4.08407  0.628319  5.02655  0.088991  -0.180837
7.22566  0.628319  5.02655  0.0356201  -0.121976
14.7655  0.628319  5.02655  0.00968492  -0.0652847
-16.6504  0.628319  5.65487  0.0109389  0.0572432
-7.22566  0.628319  5.65487  0.0474634  0.112314
-5.34071  0.628319  5.65487  0.074695  0.133806
-4.08407  0.628319  5.65487  0.106158  0.149004
-2.82743  0.628319  5.65487  0.156979  0.158119
-2.19911  0.628319  5.65487  0.192506  0.15461
-1.5708  0.628319  5.65487  0.234667  0.139038
-0.942478  0.628319  5.65487  0.278734  0.103688
-0.314159  0.628319  5.65487  0.311708  0.0422561
0.314159  0.628319  5.65487  0.311708  -0.0422572
0.942478  0.628319  5.65487  0.278733  -0.103689
1.5708  0.628319  5.65487  0.234667  -0.139038
2.19911  0.628319  5.65487  0.192505  -0.15461
2.82743  0.628319  5.65487  0.156979  -0.158119
4.08407  0.628319  5.65487  0.106158  -0.149004
7.22566  0.628319  5.65487  0.0474633  -0.112314
14.7655  0.628319  5.65487  0.0136928  -0.0637816
-16.6504  0.628319  6.28319  0.0121231  0.0567435
-7.22566  0.628319  6.28319  0.0511275  0.108214
-5.34071  0.628319  6.28319  0.0788292  0.1263
-4.08407  0.628319  6.28319  0.10948  0.137421
-2.82743  0.628319  6.28319  0.15616  0.140609
-2.19911  0.628319  6.28319  0.18688  0.134107
-1.5708  0.628319  6.28319  0.221461  0.11712
-0.942478  0.628319  6.28319  0.255555  0.0846511
-0.314159  0.628319  6.28319  0.27954  0.034067
0.314159  0.628319  6.28319  0.27954  -0.0340679
0.942478  0.628319  6.28319  0.255554  -0.0846516
1.5708  0.628319  6.28319  0.221461  -0.11712
2.19911  0.628319  6.28319  0.18688  -0.134107
2.82743  0.628319  6.28319  0.156159  -0.140609
4.08407  0.628319  6.28319  0.10948  -0.137421
7.22566  0.628319  6.28319  0.0511274  -0.108214
14.7655  0.628319  6.28319  0.015142  -0.0630868
-16.6504  1.25664  0  0.00895913  0.0579486
-7.22566  1.25664  0  0.0405242  0.118521
-5.34071  1.25664  0  0.0658355  0.145778
-4.08407  1.25664  0  0.0971715  0.168634
-2.82743  1.25664  0  0.153173  0.19092
-2.19911  1.25664  0  0.196914  0.195894
-1.5708  1.25664  0  0.254707  0.18726
-0.942478  1.25664  0  0.323448  0.149806
-0.314159  1.25664  0  0.382059  0.0648823
0.314159  1.25664  0  0.382058  -0.0648841
0.942478  1.25664  0  0.323447  -0.149807
1.5708  1.25664  0  0.254705  -0.18726
2.19911  1.25664  0  0.196914  -0.195894
2.82743  1.25664  0  0.153173  -0.19092
4.08407  1.25664  0  0.0971712  -0.168634
7.22566  1.25664  0  0.0405241  -0.118521
14.7655  1.25664  0  0.0112495  -0.0647675
-16.6504  1.25664  0.628319  0.00770063  0.0583169
-7.22566  1.25664  0.628319  0.0356202  0.121976
-5.34071  1.25664  0.628319  0.0589298  0.152783
-4.08407  1.25664  0.628319  0.0889913  0.180837
-2.82743  1.25664  0.628319  0.146308  0.213573
-2.19911  1.25664  0.628319  0.194608  0.226785
-1.5708  1.25664  0.628319  0.263804  0.2273
-0.942478  1.25664  0.628319  0.355317  0.193103
-0.314159  1.25664  0.628319  0.442256  0.090094
0.314159  1.25664  0.628319  0.442255  -0.0900966
0.942478  1.25664  0.628319  0.355315  -0.193104
1.5708  1.25664  0.628319  0.263803  -0.2273
2.19911  1.25664  0.628319  0.194607  -0.226785
2.82743  1.25664  0.628319  0.146307  -0.213572
4.08407  1.25664  0.628319  0.088991  -0.180837
7.22566  1.25664  0.628319  0.0356201  -0.121976
14.7655  1.25664  0.628319  0.00968492  -0.0652847
-16.6504  1.25664  1.25664  0.00430811  0.0590193
-7.22566  1.25664  1.25664  0.0208272  0.129018
-5.34071  1.25664  1.25664  0.0357942  0.167886
-4.08407  1.25664  1.25664  0.0568886  0.209164
-2.82743  1.25664  1.25664  0.103869  0.27446
-2.19911  1.25664  1.25664  0.152301  0.321462
-1.5708  1.25664  1.25664  0.24182  0.37795
-0.942478  1.25664  1.25664  0.421008  0.416997
-0.314159  1.25664  1.25664  0.73186  0.274682
0.314159  1.25664  1.25664  0.731853  -0.27469
0.942478  1.25664  1.25664  0.421002  -0.416997
1.5708  1.25664  1.25664  0.241817  -0.377949
2.19911  1.25664  1.25664  0.152299  -0.321461
2.82743  1.25664  1.25664  0.103868  -0.274459
4.08407  1.25664  1.25664  0.0568883  -0.209163
7.22566  1.25664  1.25664  0.0208272  -0.129018
14.7655  1.25664  1.25664  0.00543501  -0.0662758
-16.6504  1.25664  1.88496  -9.15811e-09  0.0593338
-7.22566  1.25664  1.88496  -7.36535e-08  0.132383
-5.34071  1.25664  1.88496  -2.6644e-08  0.175523
-4.08407  1.25664  1.88496  -1.32102e-07  0.224636
-2.82743  1.25664  1.88496  -3.67023e-07  0.31371
-2.19911  1.25664  1.88496  -5.95827e-07  0.393433
-1.5708  1.25664  1.88496  -1.14616e-06  0.532089
-0.942478  1.25664  1.88496  -3.05358e-06  0.839488
-0.314159  1.25664  1.88496  -2.25924e-05  2.14387
0.314159  1.25664  1.88496  -2.13372e-05  -2.14378
0.942478  1.25664  1.88496  -2.81521e-06  -0.839476
1.5708  1.25664  1.88496  -1.03595e-06  -0.532084
2.19911  1.25664  1.88496  -5.23923e-07  -0.393431
2.82743  1.25664  1.88496  -3.09344e-07  -0.313709
4.08407  1.25664  1.88496  -1.33717e-07  -0.224636
7.22566  1.25664  1.88496  -4.70974e-08  -0.132383
14.7655  1.25664  1.88496  -9.04279e-09  -0.0667216
-16.6504  1.25664  2.51327  -0.0034919  0.0591277
-7.22566  1.25664  2.51327  -0.0170011  0.130165
-5.34071  1.25664  2.51327  -0.0294011  0.170454
-4.08407  1.25664  2.51327  -0.0471326  0.214258
-2.82743  1.25664  2.51327  -0.0877079  0.286786
-2.19911  1.25664  2.51327  -0.131182  0.342978
-1.5708  1.25664  2.51327  -0.216393  0.41972
-0.942478  1.25664  2.51327  -0.409618  0.505289
-0.314159  1.25664  2.51327  -0.846978  0.398581
0.314159  1.25664  2.51327  -0.846964  -0.398593
0.942478  1.25664  2.51327  -0.40961  -0.505288
1.5708  1.25664  2.51327  -0.21639  -0.419718
2.19911  1.25664  2.51327  -0.131181  -0.342976
2.82743  1.25664  2.51327  -0.0877071  -0.286785
4.08407  1.25664  2.51327  -0.0471322  -0.214257
7.22566  1.25664  2.51327  -0.017001  -0.130165
14.7655  1.25664  2.51327  -0.00440745  -0.0664294
-16.6504  1.25664  3.14159  -0.00481052  0.0589414
-7.22566  1.25664  3.14159  -0.0231424  0.128209
-5.34071  1.25664  3.14159  -0.0395911  0.166089
-4.08407  1.25664  3.14159  -0.0625071  0.205619
-2.82743  1.25664  3.14159  -0.112428  0.266055
-2.19911  1.25664  3.14159  -0.162354  0.307251
-1.5708  1.25664  3.14159  -0.250954  0.352351
-0.942478  1.25664  3.14159  -0.41624  0.371267
-0.314159  1.25664  3.14159  -0.670914  0.228162
0.314159  1.25664  3.14159  -0.670908  -0.228171
0.942478  1.25664  3.14159  -0.416234  -0.371268
1.5708  1.25664  3.14159  -0.25095  -0.35235
2.19911  1.25664  3.14159  -0.162353  -0.30725
2.82743  1.25664  3.14159  -0.112427  -0.266054
4.08407  1.25664  3.14159  -0.0625067  -0.205619
7.22566  1.25664  3.14159  -0.0231423  -0.128209
14.7655  1.25664  3.14159  -0.00606682  -0.0661656
-16.6504  1.25664  3.76991  -0.0034919  0.0591277
-7.22566  1.25664  3.76991  -0.0170011  0.130165
-5.34071  1.25664  3.76991  -0.0294011  0.170454
-4.08407  1.25664  3.76991  -0.0471326  0.214258
-2.82743  1.25664  3.76991  -0.0877079  0.286786
-2.19911  1.25664  3.76991  -0.131182  0.342978
-1.5708  1.25664  3.76991  -0.216393  0.41972
-0.942478  1.25664  3.76991  -0.409618  0.505289
-0.314159  1.25664  3.76991  -0.846978  0.398581
0.314159  1.25664  3.76991  -0.846964  -0.398593
0.942478  1.25664  3.76991  -0.40961  -0.505288
1.5708  1.25664  3.76991  -0.21639  -0.419718
2.19911  1.25664  3.76991  -0.131181  -0.342976
2.82743  1.25664  3.76991  -0.0877071  -0.286785
4.08407  1.25664  3.76991  -0.0471322  -0.214257
7.22566  1.25664  3.76991  -0.017001  -0.130165
14.7655  1.25664  3.76991  -0.00440745  -0.0664294
-16.6504  1.25664  4.39823  -9.15811e-09  0.0593338
-7.22566  1.25664  4.39823  -7.36535e-08  0.132383
-5.34071  1.25664  4.39823  -2.6644e-08  0.175523
-4.08407  1.25664  4.39823  -1.32102e-07  0.224636
-2.82743  1.25664  4.39823  -3.67023e-07  0.31371
-2.19911  1.25664  4.39823  -5.95827e-07  0.393433
-1.5708  1.25664  4.39823  -1.14616e-06  0.532089
-0.942478  1.25664  4.39823  -3.05358e-06  0.839488
-0.314159  1.25664  4.39823  -2.25924e-05  2.14387
0.314159  1.25664  4.39823  -2.13372e-05  -2.14378
0.942478  1.25664  4.39823  -2.81521e-06  -0.839476
1.5708  1.25664  4.39823  -1.03595e-06  -0.532084
2.19911  1.25664  4.39823  -5.23923e-07  -0.393431
2.82743  1.25664  4.39823  -3.09344e-07  -0.313709
4.08407  1.25664  4.39823  -1.33717e-07  -0.224636
7.22566  1.25664  4.39823  -4.70974e-08  -0.132383
14.7655  1.25664  4.39823  -9.04279e-09  -0.0667216
-16.6504  1.25664  5.02655  0.00430811  0.0590193
-7.22566  1.25664  5.02655  0.0208272  0.129018
-5.34071  1.25664  5.02655  0.0357942  0.167886
-4.08407  1.25664  5.02655  0.0568886  0.209164
-2.82743  1.25664  5.02655  0.103869  0.27446
-2.19911  1.25664  5.02655  0.152301  0.321462
-1.5708  1.25664  5.02655  0.24182  0.37795
-0.942478  1.25664  5.02655  0.421008  0.416997
-0.314159  1.25664  5.02655  0.73186  0.274682
0.314159  1.25664  5.02655  0.731853  -0.27469
0.942478  1.25664  5.02655  0.421002  -0.416997
1.5708  1.25664  5.02655  0.241817  -0.377949
2.19911  1.25664  5.02655  0.152299  -0.321461
2.82743  1.25664  5.02655  0.103868  -0.274459
4.08407  1.25664  5.02655  0.0568883  -0.209163
7.22566  1.25664  5.02655  0.0208272  -0.129018
14.7655  1.25664  5.02655  0.00543501  -0.0662758
-16.6504  1.25664  5.65487  0.00770063  0.0583169
-7.22566  1.25664  5.65487  0.0356202  0.121976
-5.34071  1.25664  5.65487  0.0589298  0.152783
-4.08407  1.25664  5.65487  0.0889913  0.180837
-2.82743  1.25664  5.65487  0.146308  0.213573
-2.19911  1.25664  5.65487  0.194608  0.226785
-1.5708  1.25664  5.65487  0.263804  0.2273
-0.942478  1.25664  5.65487  0.355317  0.193103
-0.314159  1.25664  5.65487  0.442256  0.090094
0.314159  1.25664  5.65487  0.442255  -0.0900966
0.942478  1.25664  5.65487  0.355315  -0.193104
1.5708  1.25664  5.65487  0.263803  -0.2273
2.19911  1.25664  5.65487  0.194607  -0.226785
2.82743  1.25664  5.65487  0.146307  -0.213572
4.08407  1.25664  5.65487  0.088991  -0.180837
7.22566  1.25664  5.65487  0.0356201  -0.121976
14.7655  1.25664  5.65487  0.00968492  -0.0652847
-16.6504  1.25664  6.28319  0.00895913  0.0579486
-7.22566  1.25664  6.28319  0.0405242  0.118521
-5.34071  1.25664  6.28319  0.0658355  0.145778
-4.08407  1.25664  6.28319  0.0971715  0.168634
-2.82743  1.25664  6.28319  0.153173  0.19092
-2.19911  1.25664  6.28319  0.196914  0.195894
-1.5708  1.25664  6.28319  0.254707  0.18726
-0.942478  1.25664  6.28319  0.323448  0.149806
-0.314159  1.25664  6.28319  0.382059  0.0648823
0.314159  1.25664  6.28319  0.382058  -0.0648841
0.942478  1.25664  6.28319  0.323447  -0.149807
1.5708  1.25664  6.28319  0.254705  -0.18726
2.19911  1.25664  6.28319  0.196914  -0.195894
2.82743  1.25664  6.28319  0.153173  -0.19092
4.08407  1.25664  6.28319  0.0971712  -0.168634
7.22566  1.25664  6.28319  0.0405241  -0.118521
14.7655  1.25664  6.28319  0.0112495  -0.0647675
-16.6504  1.88496  0  0.00481049  0.0589414
-7.22566  1.88496  0  0.0231423  0.128209
-5.34071  1.88496  0  0.039591  0.166089
-4.08407  1.88496  0  0.0625069  0.205619
-2.82743  1.88496  0  0.112427  0.266055
-2.19911  1.88496  0  0.162354  0.307251
-1.5708  1.88496  0  0.250953  0.352352
-0.942478  1.88496  0  0.416239  0.37127
-0.314159  1.88496  0  0.670917  0.228166
0.314159  1.88496  0  0.670912  -0.228172
0.942478  1.88496  0  0.416235  -0.371271
1.5708  1.88496  0  0.250951  -0.352352
2.19911  1.88496  0  0.162352  -0.30725
2.82743  1.88496  0  0.112426  -0.266054
4.08407  1.88496  0  0.0625066  -0.205619
7.22566  1.88496  0  0.0231422  -0.128209
14.7655  1.88496  0  0.00606681  -0.0661656
-16.6504  1.88496  0.628319  0.00349188  0.0591277
-7.22566  1.88496  0.628319  0.0170009  0.130165
-5.34071  1.88496  0.628319  0.029401  0.170454
-4.08407  1.88496  0.628319  0.0471323  0.214258
-2.82743  1.88496  0.628319  0.0877073  0.286786
-2.19911  1.88496  0.628319  0.131181  0.342978
-1.5708  1.88496  0.628319  0.216392  0.419721
-0.942478  1.88496  0.628319  0.409616  0.505293
-0.314159  1.88496  0.628319  0.846982  0.398588
0.314159  1.88496  0.628319  0.84697  -0.398598
0.942478  1.88496  0.628319  0.40961  -0.505291
1.5708  1.88496  0.628319  0.216389  -0.41972
2.19911  1.88496  0.628319  0.13118  -0.342977
2.82743  1.88496  0.628319  0.0877067  -0.286785
4.08407  1.88496  0.628319  0.047132  -0.214258
7.22566  1.88496  0.628319  0.0170009  -0.130165
14.7655  1.88496  0.628319  0.00440743  -0.0664294
-16.6504  1.88496  1.25664  -9.15811e-09  0.0593338
-7.22566  1.88496  1.25664  -7.36535e-08  0.132383
-5.34071  1.88496  1.25664  -2.6644e-08  0.175523
-4.08407  1.88496  1.25664  -1.32102e-07  0.224636
-2.82743  1.88496  1.25664  -3.67023e-07  0.31371
-2.19911  1.88496  1.25664  -5.95827e-07  0.393433
-1.5708  1.88496  1.25664  -1.14616e-06  0.532089
-0.942478  1.88496  1.25664  -3.05358e-06  0.839488
-0.314159  1.88496  1.25664  -2.25924e-05  2.14387
0.314159  1.88496  1.25664  -2.13372e-05  -2.14378
0.942478  1.88496  1.25664  -2.81521e-06  -0.839476
1.5708  1.88496  1.25664  -1.03595e-06  -0.532084
2.19911  1.88496  1.25664  -5.23923e-07  -0.393431
2.82743  1.88496  1.25664  -3.09344e-07  -0.313709
4.08407  1.88496  1.25664  -1.33717e-07  -0.224636
7.22566  1.88496  1.25664  -4.70974e-08  -0.132383
14.7655  1.88496  1.25664  -9.04279e-09  -0.0667216
-16.6504  1.88496  1.88496  -0.00430813  0.0590193
-7.22566  1.88496  1.88496  -0.0208274  0.129018
-5.34071  1.88496  1.88496  -0.0357942  0.167887
-4.08407  1.88496  1.88496  -0.0568888  0.209164
-2.82743  1.88496  1.88496  -0.10387  0.274459
-2.19911  1.88496  1.88496  -0.152301  0.321461
-1.5708  1.88496  1.88496  -0.241821  0.377949
-0.942478  1.88496  1.88496  -0.421008  0.416994
-0.314159  1.88496  1.88496  -0.731856  0.274677
0.314159  1.88496  1.88496  -0.731848  -0.274687
0.942478  1.88496  1.88496  -0.421002  -0.416994
1.5708  1.88496  1.88496  -0.241817  -0.377947
2.19911  1.88496  1.88496  -0.1523  -0.32146
2.82743  1.88496  1.88496  -0.103869  -0.274458
4.08407  1.88496  1.88496  -0.0568884  -0.209163
7.22566  1.88496  1.88496  -0.0208272  -0.129018
14.7655  1.88496  1.88496  -0.00543503  -0.0662758
-16.6504  1.88496  2.51327  -0.00770066  0.0583169
-7.22566  1.88496  2.51327  -0.0356203  0.121976
-5.34071  1.88496  2.51327  -0.05893  0.152783
-4.08407  1.88496  2.51327  -0.0889916  0.180837
-2.82743  1.88496  2.51327  -0.146308  0.213572
-2.19911  1.88496  2.51327  -0.194608  0.226784
-1.5708  1.88496  2.51327  -0.263804  0.227299
-0.942478  1.88496  2.51327  -0.355317  0.193102
-0.314159  1.88496  2.51327  -0.442255  0.0900924
0.314159  1.88496  2.51327  -0.442253  -0.0900967
0.942478  1.88496  2.51327  -0.355314  -0.193104
1.5708  1.88496  2.51327  -0.263802  -0.227299
2.19911  1.88496  2.51327  -0.194607  -0.226784
2.82743  1.88496  2.51327  -0.146307  -0.213572
4.08407  1.88496  2.51327  -0.088991  -0.180836
7.22566  1.88496  2.51327  -0.0356201  -0.121975
14.7655  1.88496  2.51327  -0.00968494  -0.0652847
-16.6504  1.88496  3.14159  -0.00895916  0.0579486
-7.22566  1.88496  3.14159  -0.0405243  0.118521
-5.34071  1.88496  3.14159  -0.0658356  0.145778
-4.08407  1.88496  3.14159  -0.0971717  0.168634
-2.82743  1.88496  3.14159  -0.153173  0.19092
-2.19911  1.88496  3.14159  -0.196915  0.195894
-1.5708  1.88496  3.14159  -0.254707  0.187259
-0.942478  1.88496  3.14159  -0.323448  0.149805
-0.314159  1.88496  3.14159  -0.382057  0.0648811
0.314159  1.88496  3.14159  -0.382056  -0.0648844
0.942478  1.88496  3.14159  -0.323445  -0.149807
1.5708  1.88496  3.14159  -0.254705  -0.18726
2.19911  1.88496  3.14159  -0.196913  -0.195894
2.82743  1.88496  3.14159  -0.153172  -0.19092
4.08407  1.88496  3.14159  -0.0971711  -0.168634
7.22566  1.88496  3.14159  -0.0405241  -0.118521
14.7655  1.88496  3.14159  -0.0112495  -0.0647675
-16.6504  1.88496  3.76991  -0.00770066  0.0583169
-7.22566  1.88496  3.76991  -0.0356203  0.121976
-5.34071  1.88496  3.76991  -0.05893  0.152783
-4.08407  1.88496  3.76991  -0.0889916  0.180837
-2.82743  1.88496  3.76991  -0.146308  0.213572
-2.19911  1.88496  3.76991  -0.194608  0.226784
-1.5708  1.88496  3.76991  -0.263804  0.227299
-0.942478  1.88496  3.76991  -0.355317  0.193102
-0.314159  1.88496  3.76991  -0.442255  0.0900924
0.314159  1.88496  3.76991  -0.442253  -0.0900967
0.942478  1.88496  3.76991  -0.355314  -0.193104
1.5708  1.88496  3.76991  -0.263802  -0.227299
2.19911  1.88496  3.76991  -0.194607  -0.226784
2.82743  1.88496  3.76991  -0.146307  -0.213572
4.08407  1.88496  3.76991  -0.088991  -0.180836
7.22566  1.88496  3.76991  -0.0356201  -0.121975
14.7655  1.88496  3.76991  -0.00968494  -0.0652847
-16.6504  1.88496  4.39823  -0.00430813  0.0590193
-7.22566  1.88496  4.39823  -0.0208274  0.129018
-5.34071  1.88496  4.39823  -0.0357942  0.167887
-4.08407  1.88496  4.39823  -0.0568888  0.209164
-2.82743  1.88496  4.39823  -0.10387  0.274459
-2.19911  1.88496  4.39823  -0.152301  0.321461
-1.5708  1.88496  4.39823  -0.241821  0.377949
-0.942478  1.88496  4.39823  -0.421008  0.416994
-0.314159  1.88496  4.39823  -0.731856  0.274677
0.314159  1.88496  4.39823  -0.731848  -0.274687
0.942478  1.88496  4.39823  -0.421002  -0.416994
1.5708  1.88496  4.39823  -0.241817  -0.377947
2.19911  1.88496  4.39823  -0.1523  -0.32146
2.82743  1.88496  4.39823  -0.103869  -0.274458
4.08407  1.88496  4.39823  -0.0568884  -0.209163
7.22566  1.88496  4.39823  -0.0208272  -0.129018
14.7655  1.88496  4.39823  -0.00543503  -0.0662758
-16.6504  1.88496  5.02655  -9.15811e-09  0.0593338
-7.22566  1.88496  5.02655  -7.36535e-08  0.132383
-5.34071  1.88496  5.02655  -2.6644e-08  0.175523
-4.08407  1.88496  5.02655  -1.32102e-07  0.224636
-2.82743  1.88496  5.02655  -3.67023e-07  0.31371
-2.19911  1.88496  5.02655  -5.95827e-07  0.393433
-1.5708  1.88496  5.02655  -1.14616e-06  0.532089
-0.942478  1.88496  5.02655  -3.05358e-06  0.839488
-0.314159  1.88496  5.02655  -2.25924e-05  2.14387
0.314159  1.88496  5.02655  -2.13372e-05  -2.14378
0.942478  1.88496  5.02655  -2.81521e-06  -0.839476
1.5708  1.88496  5.02655  -1.03595e-06  -0.532084
2.19911  1.88496  5.02655  -5.23923e-07  -0.393431
2.82743  1.88496  5.02655  -3.09344e-07  -0.313709
4.08407  1.88496  5.02655  -1.33717e-07  -0.224636
7.22566  1.88496  5.02655  -4.70974e-08  -0.132383
14.7655  1.88496  5.02655  -9.04279e-09  -0.0667216
-16.6504  1.88496  5.65487  0.00349188  0.0591277
-7.22566  1.88496  5.65487  0.0170009  0.130165
-5.34071  1.88496  5.65487  0.029401  0.170454
-4.08407  1.88496  5.65487  0.0471323  0.214258
-2.82743  1.88496  5.65487  0.0877073  0.286786
-2.19911  1.88496  5.65487  0.131181  0.342978
-1.5708  1.88496  5.65487  0.216392  0.419721
-0.942478  1.88496  5.65487  0.409616  0.505293
-0.314159  1.88496  5.65487  0.846982  0.398588
0.314159  1.88496  5.65487  0.84697  -0.398598
0.942478  1.88496  5.65487  0.40961  -0.505291
1.5708  1.88496  5.65487  0.216389  -0.41972
2.19911  1.88496  5.65487  0.13118  -0.342977
2.82743  1.88496  5.65487  0.0877067  -0.286785
4.08407  1.88496  5.65487  0.047132  -0.214258
7.22566  1.88496  5.65487  0.0170009  -0.130165
14.7655  1.88496  5.65487  0.00440743  -0.0664294
-16.6504  1.88496  6.28319  0.00481049  0.0589414
-7.22566  1.88496  6.28319  0.0231423  0.128209
-5.34071  1.88496  6.28319  0.039591  0.166089
-4.08407  1.88496  6.28319  0.0625069  0.205619
-2.82743  1.88496  6.28319  0.112427  0.266055
-2.19911  1.88496  6.28319  0.162354  0.307251
-1.5708  1.88496  6.28319  0.250953  0.352352
-0.942478  1.88496  6.28319  0.416239  0.37127
-0.314159  1.88496  6.28319  0.670917  0.228166
0.314159  1.88496  6.28319  0.670912  -0.228172
0.942478  1.88496  6.28319  0.416235  -0.371271
1.5708  1.88496  6.28319  0.250951  -0.352352
2.19911  1.88496  6.28319  0.162352  -0.30725
2.82743  1.88496  6.28319  0.112426  -0.266054
4.08407  1.88496  6.28319  0.0625066  -0.205619
7.22566  1.88496  6.28319  0.0231422  -0.128209
14.7655  1.88496  6.28319  0.00606681  -0.0661656
-16.6504  2.51327  0  0.00133783  0.0593041
-7.22566  2.51327  0  0.00658942  0.132066
-5.34071  2.51327  0  0.0115151  0.174783
-4.08407  2.51327  0  0.0187333  0.223054
-2.82743  2.51327  0  0.0360516  0.309211
-2.19911  2.51327  0  0.0559394  0.384343
-1.5708  2.51327  0  0.0995629  0.509467
-0.942478  2.51327  0  0.230258  0.756795
-0.314159  2.51327  0  1.00916  1.31608
0.314159  2.51327  0  1.00911  -1.31607
0.942478  2.51327  0  0.230253  -0.756787
1.5708  2.51327  0  0.0995615  -0.509463
2.19911  2.51327  0  0.0559388  -0.384341
2.82743  2.51327  0  0.0360514  -0.30921
4.08407  2.51327  0  0.0187332  -0.223053
7.22566  2.51327  0  0.00658942  -0.132066
14.7655  2.51327  0  0.00168994  -0.0666795
-16.6504  2.51327  0.628319  -9.16902e-09  0.0593342
-7.22566  2.51327  0.628319  -7.25675e-08  0.132392
-5.34071  2.51327  0.628319  -2.48256e-08  0.175537
-4.08407  2.51327  0.628319  -1.31874e-07  0.224626
-2.82743  2.51327  0.628319  -3.66829e-07  0.313468
-2.19911  2.51327  0.628319  -5.96623e-07  0.39268
-1.5708  2.51327  0.628319  -1.15188e-06  0.529686
-0.942478  2.51327  0.628319  -3.07144e-06  0.830648
-0.314159  2.51327  0.628319  -2.22476e-05  2.09195
0.314159  2.51327  0.628319  -2.04961e-05  -2.09186
0.942478  2.51327  0.628319  -2.75185e-06  -0.830636
1.5708  2.51327  0.628319  -1.01635e-06  -0.529682
2.19911  2.51327  0.628319  -5.13888e-07  -0.392678
2.82743  2.51327  0.628319  -3.0109e-07  -0.313467
4.08407  2.51327  0.628319  -1.3275e-07  -0.224626
7.22566  2.51327  0.628319  -4.70869e-08  -0.132392
14.7655  2.51327  0.628319  -9.01932e-09  -0.0667222
-16.6504  2.51327  1.25664  -0.0034919  0.0591277
-7.22566  2.51327  1.25664  -0.0170011  0.130165
-5.34071  2.51327  1.25664  -0.0294011  0.170454
-4.08407  2.51327  1.25664  -0.0471326  0.214258
-2.82743  2.51327  1.25664  -0.0877079  0.286786
-2.19911  2.51327  1.25664  -0.131182  0.342978
-1.5708  2.51327  1.25664  -0.216393  0.41972
-0.942478  2.51327  1.25664  -0.409618  0.505289
-0.314159  2.51327  1.25664  -0.846978  0.398581
0.314159  2.51327  1.25664  -0.846964  -0.398593
0.942478  2.51327  1.25664  -0.40961  -0.505288
1.5708  2.51327  1.25664  -0.21639  -0.419718
2.19911  2.51327  1.25664  -0.131181  -0.342976
2.82743  2.51327  1.25664  -0.0877071  -0.286785
4.08407  2.51327  1.25664  -0.0471322  -0.214257
7.22566  2.51327  1.25664  -0.017001  -0.130165
14.7655  2.51327  1.25664  -0.00440745  -0.0664294
-16.6504  2.51327  1.88496  -0.00770066  0.0583169
-7.22566  2.51327  1.88496  -0.0356203  0.121976
-5.34071  2.51327  1.88496  -0.05893  0.152783
-4.08407  2.51327  1.88496  -0.0889916  0.180837
-2.82743  2.51327  1.88496  -0.146308  0.213572
-2.19911  2.51327  1.88496  -0.194608  0.226784
-1.5708  2.51327  1.88496  -0.263804  0.227299
-0.942478  2.51327  1.88496  -0.355317  0.193102
-0.314159  2.51327  1.88496  -0.442255  0.0900924
0.314159  2.51327  1.88496  -0.442253  -0.0900967
0.942478  2.51327  1.88496  -0.355314  -0.193104
1.5708  2.51327  1.88496  -0.263802  -0.227299
2.19911  2.51327  1.88496  -0.194607  -0.226784
2.82743  2.51327  1.88496  -0.146307  -0.213572
4.08407  2.51327  1.88496  -0.088991  -0.180836
7.22566  2.51327  1.88496  -0.0356201  -0.121975
14.7655  2.51327  1.88496  -0.00968494  -0.0652847
-16.6504  2.51327  2.51327  -0.0109389  0.0572433
-7.22566  2.51327  2.51327  -0.0474636  0.112314
-5.34071  2.51327  2.51327  -0.0746952  0.133806
-4.08407  2.51327  2.51327  -0.106159  0.149004
-2.82743  2.51327  2.51327  -0.15698  0.158118
-2.19911  2.51327  2.51327  -0.192506  0.15461
-1.5708  2.51327  2.51327  -0.234667  0.139037
-0.942478  2.51327  2.51327  -0.278733  0.103687
-0.314159  2.51327  2.51327  -0.311707  0.0422553
0.314159  2.51327  2.51327  -0.311707  -0.0422576
0.942478  2.51327  2.51327  -0.278732  -0.103689
1.5708  2.51327  2.51327  -0.234666  -0.139038
2.19911  2.51327  2.51327  -0.192505  -0.15461
2.82743  2.51327  2.51327  -0.156979  -0.158118
4.08407  2.51327  2.51327  -0.106158  -0.149004
7.22566  2.51327  2.51327  -0.0474633  -0.112314
14.7655  2.51327  2.51327  -0.0136928  -0.0637816
-16.6504  2.51327  3.14159  -0.0121232  0.0567435
-7.22566  2.51327  3.14159  -0.0511277  0.108214
-5.34071  2.51327  3.14159  -0.0788294  0.1263
-4.08407  2.51327  3.14159  -0.10948  0.137421
-2.82743  2.51327  3.14159  -0.15616  0.140608
-2.19911  2.51327  3.14159  -0.18688  0.134106
-1.5708  2.51327  3.14159  -0.221461  0.117119
-0.942478  2.51327  3.14159  -0.255555  0.0846503
-0.314159  2.51327  3.14159  -0.279539  0.0340663
0.314159  2.51327  3.14159  -0.279539  -0.0340682
0.942478  2.51327  3.14159  -0.255554  -0.0846517
1.5708  2.51327  3.14159  -0.22146  -0.11712
2.19911  2.51327  3.14159  -0.186879  -0.134106
2.82743  2.51327  3.14159  -0.156159  -0.140608
4.08407  2.51327  3.14159  -0.10948  -0.137421
7.22566  2.51327  3.14159  -0.0511274  -0.108214
14.7655  2.51327  3.14159  -0.015142  -0.0630867
-16.6504  2.51327  3.76991  -0.0109389  0.0572433
-7.22566  2.51327  3.76991  -0.0474636  0.112314
-5.34071  2.51327  3.76991  -0.0746952  0.133806
-4.08407  2.51327  3.76991  -0.106159  0.149004
-2.82743  2.51327  3.76991  -0.15698  0.158118
-2.19911  2.51327  3.76991  -0.192506  0.15461
-1.5708  2.51327  3.76991  -0.234667  0.139037
-0.942478  2.51327  3.76991  -0.278733  0.103687
-0.314159  2.51327  3.76991  -0.311707  0.0422553
0.314159  2.51327  3.76991  -0.311707  -0.0422576
0.942478  2.51327  3.76991  -0.278732  -0.103689
1.5708  2.51327  3.76991  -0.234666  -0.139038
2.19911  2.51327  3.76991  -0.192505  -0.15461
2.82743  2.51327  3.76991  -0.156979  -0.158118
4.08407  2.51327  3.76991  -0.106158  -0.149004
7.22566  2.51327  3.76991  -0.0474633  -0.112314
14.7655  2.51327  3.76991  -0.0136928  -0.0637816
-16.6504  2.51327  4.39823  -0.00770066  0.0583169
-7.22566  2.51327  4.39823  -0.0356203  0.121976
-5.34071  2.51327  4.39823  -0.05893  0.152783
-4.08407  2.51327  4.39823  -0.0889916  0.180837
-2.82743  2.51327  4.39823  -0.146308  0.213572
-2.19911  2.51327  4.39823  -0.194608  0.226784
-1.5708  2.51327  4.39823  -0.263804  0.227299
-0.942478  2.51327  4.39823  -0.355317  0.193102
-0.314159  2.51327  4.39823  -0.442255  0.0900924
0.314159  2.51327  4.39823  -0.442253  -0.0900967
0.942478  2.51327  4.39823  -0.355314  -0.193104
1.5708  2.51327  4.39823  -0.263802  -0.227299
2.19911  2.51327  4.39823  -0.194607  -0.226784
2.82743  2.51327  4.39823  -0.146307  -0.213572
4.08407  2.51327  4.39823  -0.088991  -0.180836
7.22566  2.51327  4.39823  -0.0356201  -0.121975
14.7655  2.51327  4.39823  -0.00968494  -0.0652847
-16.6504  2.51327  5.02655  -0.0034919  0.0591277
-7.22566  2.51327  5.02655  -0.0170011  0.130165
-5.34071  2.51327  5.02655  -0.0294011  0.170454
-4.08407  2.51327  5.02655  -0.0471326  0.214258
-2.82743  2.51327  5.02655  -0.0877079  0.286786
-2.19911  2.51327  5.02655  -0.131182  0.342978
-1.5708  2.51327  5.02655  -0.216393  0.41972
-0.942478  2.51327  5.02655  -0.409618  0.505289
-0.314159  2.51327  5.02655  -0.846978  0.398581
0.314159  2.51327  5.02655  -0.846964  -0.398593
0.942478  2.51327  5.02655  -0.40961  -0.505288
1.5708  2.51327  5.02655  -0.21639  -0.419718
2.19911  2.51327  5.02655  -0.131181  -0.342976
2.82743  2.51327  5.02655  -0.0877071  -0.286785
4.08407  2.51327  5.02655  -0.0471322  -0.214257
7.22566  2.51327  5.02655  -0.017001  -0.130165
14.7655  2.51327  5.02655  -0.00440745  -0.0664294
-16.6504  2.51327  5.65487  -9.16902e-09  0.0593342
-7.22566  2.51327  5.65487  -7.25675e-08  0.132392
-5.34071  2.51327  5.65487  -2.48256e-08  0.175537
-4.08407  2.51327  5.65487  -1.31874e-07  0.224626
-2.82743  2.51327  5.65487  -3.66829e-07  0.313468
-2.19911  2.51327  5.65487  -5.96623e-07  0.39268
-1.5708  2.51327  5.65487  -1.15188e-06  0.529686
-0.942478  2.51327  5.65487  -3.07144e-06  0.830648
-0.314159  2.51327  5.65487  -2.22476e-05  2.09195
0.314159  2.51327  5.65487  -2.04961e-05  -2.09186
0.942478  2.51327  5.65487  -2.75185e-06  -0.830636
1.5708  2.51327  5.65487  -1.01635e-06  -0.529682
2.19911  2.51327  5.65487  -5.13888e-07  -0.392678
2.82743  2.51327  5.65487  -3.0109e-07  -0.313467
4.08407  2.51327  5.65487  -1.3275e-07  -0.224626
7.22566  2.51327  5.65487  -4.70869e-08  -0.132392
14.7655  2.51327  5.65487  -9.01932e-09  -0.0667222
-16.6504  2.51327  6.28319  0.00133783  0.0593041
-7.22566  2.51327  6.28319  0.00658942  0.132066
-5.34071  2.51327  6.28319  0.0115151  0.174783
-4.08407  2.51327  6.28319  0.0187333  0.223054
-2.82743  2.51327  6.28319  0.0360516  0.309211
-2.19911  2.51327  6.28319  0.0559394  0.384343
-1.5708  2.51327  6.28319  0.0995629  0.509467
-0.942478  2.51327  6.28319  0.230258  0.756795
-0.314159  2.51327  6.28319  1.00916  1.31608
0.314159  2.51327  6.28319  1.00911  -1.31607
0.942478  2.51327  6.28319  0.230253  -0.756787
1.5708  2.51327  6.28319  0.0995615  -0.509463
2.19911  2.51327  6.28319  0.0559388  -0.384341
2.82743  2.51327  6.28319  0.0360514  -0.30921
4.08407  2.51327  6.28319  0.0187332  -0.223053
7.22566  2.51327  6.28319  0.00658942  -0.132066
14.7655  2.51327  6.28319  0.00168994  -0.0666795
-16.6504  3.14159  0  -9.17099e-09  0.0593344
-7.22566  3.14159  0  -7.19608e-08  0.132398
-5.34071  3.14159  0  -2.36192e-08  0.175548
-4.08407  3.14159  0  -1.30948e-07  0.224633
-2.82743  3.14159  0  -3.63864e-07  0.313376
-2.19911  3.14159  0  -5.9038e-07  0.392327
-1.5708  3.14159  0  -1.13675e-06  0.528309
-0.942478  3.14159  0  -3.01586e-06  0.823572
-0.314159  3.14159  0  -2.0954e-05  1.99515
0.314159  3.14159  0  -1.92427e-05  -1.99507
0.942478  3.14159  0  -2.69254e-06  -0.823561
1.5708  3.14159  0  -1.0008e-06  -0.528305
2.19911  3.14159  0  -5.06798e-07  -0.392325
2.82743  3.14159  0  -2.9604e-07  -0.313375
4.08407  3.14159  0  -1.32627e-07  -0.224632
7.22566  3.14159  0  -4.71194e-08  -0.132398
14.7655  3.14159  0  -8.98922e-09  -0.0667225
-16.6504  3.14159  0.628319  -0.00133785  0.0593041
-7.22566  3.14159  0.628319  -0.00658957  0.132066
-5.34071  3.14159  0.628319  -0.0115152  0.174783
-4.08407  3.14159  0.628319  -0.0187336  0.223054
-2.82743  3.14159  0.628319  -0.0360524  0.309211
-2.19911  3.14159  0.628319  -0.0559405  0.384343
-1.5708  3.14159  0.628319  -0.0995651  0.509466
-0.942478  3.14159  0.628319  -0.230263  0.756792
-0.314159  3.14159  0.628319  -1.00917  1.31605
0.314159  3.14159  0.628319  -1.00911  -1.31604
0.942478  3.14159  0.628319  -0.230257  -0.756783
1.5708  3.14159  0.628319  -0.0995633  -0.509462
2.19911  3.14159  0.628319  -0.0559398  -0.384341
2.82743  3.14159  0.628319  -0.0360519  -0.30921
4.08407  3.14159  0.628319  -0.0187335  -0.223053
7.22566  3.14159  0.628319  -0.00658951  -0.132066
14.7655  3.14159  0.628319  -0.00168996  -0.0666795
-16.6504  3.14159  1.25664  -0.00481052  0.0589414
-7.22566  3.14159  1.25664  -0.0231424  0.128209
-5.34071  3.14159  1.25664  -0.0395911  0.166089
-4.08407  3.14159  1.25664  -0.0625071  0.205619
-2.82743  3.14159  1.25664  -0.112428  0.266055
-2.19911  3.14159  1.25664  -0.162354  0.307251
-1.5708  3.14159  1.25664  -0.250954  0.352351
-0.942478  3.14159  1.25664  -0.41624  0.371267
-0.314159  3.14159  1.25664  -0.670914  0.228162
0.314159  3.14159  1.25664  -0.670908  -0.228171
0.942478  3.14159  1.25664  -0.416234  -0.371268
1.5708  3.14159  1.25664  -0.25095  -0.35235
2.19911  3.14159  1.25664  -0.162353  -0.30725
2.82743  3.14159  1.25664  -0.112427  -0.266054
4.08407  3.14159  1.25664  -0.0625067  -0.205619
7.22566  3.14159  1.25664  -0.0231423  -0.128209
14.7655  3.14159  1.25664  -0.00606682  -0.0661656
-16.6504  3.14159  1.88496  -0.00895916  0.0579486
-7.22566  3.14159  1.88496  -0.0405243  0.118521
-5.34071  3.14159  1.88496  -0.0658356  0.145778
-4.08407  3.14159  1.88496  -0.0971717  0.168634
-2.82743  3.14159  1.88496  -0.153173  0.19092
-2.19911  3.14159  1.88496  -0.196915  0.195894
-1.5708  3.14159  1.88496  -0.254707  0.187259
-0.942478  3.14159  1.88496  -0.323448  0.149805
-0.314159  3.14159  1.88496  -0.382057  0.0648811
0.314159  3.14159  1.88496  -0.382056  -0.0648844
0.942478  3.14159  1.88496  -0.323445  -0.149807
1.5708  3.14159  1.88496  -0.254705  -0.18726
2.19911  3.14159  1.88496  -0.196913  -0.195894
2.82743  3.14159  1.88496  -0.153172  -0.19092
4.08407  3.14159  1.88496  -0.0971711  -0.168634
7.22566  3.14159  1.88496  -0.0405241  -0.118521
14.7655  3.14159  1.88496  -0.0112495  -0.0647675
-16.6504  3.14159  2.51327  -0.0121232  0.0567435
-7.22566  3.14159  2.51327  -0.0511277  0.108214
-5.34071  3.14159  2.51327  -0.0788294  0.1263
-4.08407  3.14159  2.51327  -0.10948  0.137421
-2.82743  3.14159  2.51327  -0.15616  0.140608
-2.19911  3.14159  2.51327  -0.18688  0.134106
-1.5708  3.14159  2.51327  -0.221461  0.117119
-0.942478  3.14159  2.51327  -0.255555  0.0846503
-0.314159  3.14159  2.51327  -0.279539  0.0340663
0.314159  3.14159  2.51327  -0.279539  -0.0340682
0.942478  3.14159  2.51327  -0.255554  -0.0846517
1.5708  3.14159  2.51327  -0.22146  -0.11712
2.19911  3.14159  2.51327  -0.186879  -0.134106
2.82743  3.14159  2.51327  -0.156159  -0.140608
4.08407  3.14159  2.51327  -0.10948  -0.137421
7.22566  3.14159  2.51327  -0.0511274  -0.108214
14.7655  3.14159  2.51327  -0.015142  -0.0630867
-16.6504  3.14159  3.14159  -0.013274  0.0561983
-7.22566  3.14159  3.14159  -0.0543193  0.103996
-5.34071  3.14159  3.14159  -0.0820379  0.118888
-4.08407  3.14159  3.14159  -0.111428  0.12649
-2.82743  3.14159  3.14159  -0.153795  0.125182
-2.19911  3.14159  3.14159  -0.180209  0.116847
-1.5708  3.14159  3.14159  -0.208629  0.0996193
-0.942478  3.14159  3.14159  -0.235335  0.0703193
-0.314159  3.14159  3.14159  -0.25345  0.0274376
0.314159  3.14159  3.14159  -0.253449  -0.0274392
0.942478  3.14159  3.14159  -0.235334  -0.0703206
1.5708  3.14159  3.14159  -0.208628  -0.0996201
2.19911  3.14159  3.14159  -0.180208  -0.116847
2.82743  3.14159  3.14159  -0.153794  -0.125182
4.08407  3.14159  3.14159  -0.111427  -0.12649
7.22566  3.14159  3.14159  -0.054319  -0.103995
14.7655  3.14159  3.14159  -0.01654  -0.0623321
-16.6504  3.14159  3.76991  -0.0121232  0.0567435
-7.22566  3.14159  3.76991  -0.0511277  0.108214
-5.34071  3.14159  3.76991  -0.0788294  0.1263
-4.08407  3.14159  3.76991  -0.10948  0.137421
-2.82743  3.14159  3.76991  -0.15616  0.140608
-2.19911  3.14159  3.76991  -0.18688  0.134106
-1.5708  3.14159  3.76991  -0.221461  0.117119
-0.942478  3.14159  3.76991  -0.255555  0.0846503
-0.314159  3.14159  3.76991  -0.279539  0.0340663
0.314159  3.14159  3.76991  -0.279539  -0.0340682
0.942478  3.14159  3.76991  -0.255554  -0.0846517
1.5708  3.14159  3.76991  -0.22146  -0.11712
2.19911  3.14159  3.76991  -0.186879  -0.134106
2.82743  3.14159  3.76991  -0.156159  -0.140608
4.08407  3.14159  3.76991  -0.10948  -0.137421
7.22566  3.14159  3.76991  -0.0511274  -0.108214
14.7655  3.14159  3.76991  -0.015142  -0.0630867
-16.6504  3.14159  4.39823  -0.00895916  0.0579486
-7.22566  3.14159  4.39823  -0.0405243  0.118521
-5.34071  3.14159  4.39823  -0.0658356  0.145778
-4.08407  3.14159  4.39823  -0.0971717  0.168634
-2.82743  3.14159  4.39823  -0.153173  0.19092
-2.19911  3.14159  4.39823  -0.196915  0.195894
-1.5708  3.14159  4.39823  -0.254707  0.187259
-0.942478  3.14159  4.39823  -0.323448  0.149805
-0.314159  3.14159  4.39823  -0.382057  0.0648811
0.314159  3.14159  4.39823  -0.382056  -0.0648844
0.942478  3.14159  4.39823  -0.323445  -0.149807
1.5708  3.14159  4.39823  -0.254705  -0.18726
2.19911  3.14159  4.39823  -0.196913  -0.195894
2.82743  3.14159  4.39823  -0.153172  -0.19092
4.08407  3.14159  4.39823  -0.0971711  -0.168634
7.22566  3.14159  4.39823  -0.0405241  -0.118521
14.7655  3.14159  4.39823  -0.0112495  -0.0647675
-16.6504  3.14159  5.02655  -0.00481052  0.0589414
-7.22566  3.14159  5.02655  -0.0231424  0.128209
-5.34071  3.14159  5.02655  -0.0395911  0.166089
-4.08407  3.14159  5.02655  -0.0625071  0.205619
-2.82743  3.14159  5.02655  -0.112428  0.266055
-2.19911  3.14159  5.02655  -0.162354  0.307251
-1.5708  3.14159  5.02655  -0.250954  0.352351
-0.942478  3.14159  5.02655  -0.41624  0.371267
-0.314159  3.14159  5.02655  -0.670914  0.228162
0.314159  3.14159  5.02655  -0.670908  -0.228171
0.942478  3.14159  5.02655  -0.416234  -0.371268
1.5708  3.14159  5.02655  -0.25095  -0.35235
2.19911  3.14159  5.02655  -0.162353  -0.30725
2.82743  3.14159  5.02655  -0.112427  -0.266054
4.08407  3.14159  5.02655  -0.0625067  -0.205619
7.22566  3.14159  5.02655  -0.0231423  -0.128209
14.7655  3.14159  5.02655  -0.00606682  -0.0661656
-16.6504  3.14159  5.65487  -0.00133785  0.0593041
-7.22566  3.14159  5.65487  -0.00658957  0.132066
-5.34071  3.14159  5.65487  -0.0115152  0.174783
-4.08407  3.14159  5.65487  -0.0187336  0.223054
-2.82743  3.14159  5.65487  -0.0360524  0.309211
-2.19911  3.14159  5.65487  -0.0559405  0.384343
-1.5708  3.14159  5.65487  -0.0995651  0.509466
-0.942478  3.14159  5.65487  -0.230263  0.756792
-0.314159  3.14159  5.65487  -1.00917  1.31605
0.314159  3.14159  5.65487  -1.00911  -1.31604
0.942478  3.14159  5.65487  -0.230257  -0.756783
1.5708  3.14159  5.65487  -0.0995633  -0.509462
2.19911  3.14159  5.65487  -0.0559398  -0.384341
2.82743  3.14159  5.65487  -0.0360519  -0.30921
4.08407  3.14159  5.65487  -0.0187335  -0.223053
7.22566  3.14159  5.65487  -0.00658951  -0.132066
14.7655  3.14159  5.65487  -0.00168996  -0.0666795
-16.6504  3.14159  6.28319  -9.17099e-09  0.0593344
-7.22566  3.14159  6.28319  -7.19608e-08  0.132398
-5.34071  3.14159  6.28319  -2.36192e-08  0.175548
-4.08407  3.14159  6.28319  -1.30948e-07  0.224633
-2.82743  3.14159  6.28319  -3.63864e-07  0.313376
-2.19911  3.14159  6.28319  -5.9038e-07  0.392327
-1.5708  3.14159  6.28319  -1.13675e-06  0.528309
-0.942478  3.14159  6.28319  -3.01586e-06  0.823572
-0.314159  3.14159  6.28319  -2.0954e-05  1.99515
0.314159  3.14159  6.28319  -1.92427e-05  -1.99507
0.942478  3.14159  6.28319  -2.69254e-06  -0.823561
1.5708  3.14159  6.28319  -1.0008e-06  -0.528305
2.19911  3.14159  6.28319  -5.06798e-07  -0.392325
2.82743  3.14159  6.28319  -2.9604e-07  -0.313375
4.08407  3.14159  6.28319  -1.32627e-07  -0.224632
7.22566  3.14159  6.28319  -4.71194e-08  -0.132398
14.7655  3.14159  6.28319  -8.98922e-09  -0.0667225
-16.6504  3.76991  0  0.00133783  0.0593041
-7.22566  3.76991  0  0.00658942  0.132066
-5.34071  3.76991  0  0.0115151  0.174783
-4.08407  3.76991  0  0.0187333  0.223054
-2.82743  3.76991  0  0.0360516  0.309211
-2.19911  3.76991  0  0.0559394  0.384343
-1.5708  3.76991  0  0.0995629  0.509467
-0.942478  3.76991  0  0.230258  0.756795
-0.314159  3.76991  0  1.00916  1.31608
0.314159  3.76991  0  1.00911  -1.31607
0.942478  3.76991  0  0.230253  -0.756787
1.5708  3.76991  0  0.0995615  -0.509463
2.19911  3.76991  0  0.0559388  -0.384341
2.82743  3.76991  0  0.0360514  -0.30921
4.08407  3.76991  0  0.0187332  -0.223053
7.22566  3.76991  0  0.00658942  -0.132066
14.7655  3.76991  0  0.00168994  -0.0666795
-16.6504  3.76991  0.628319  -9.16902e-09  0.0593342
-7.22566  3.76991  0.628319  -7.25675e-08  0.132392
-5.34071  3.76991  0.628319  -2.48256e-08  0.175537
-4.08407  3.76991  0.628319  -1.31874e-07  0.224626
-2.82743  3.76991  0.628319  -3.66829e-07  0.313468
-2.19911  3.76991  0.628319  -5.96623e-07  0.39268
-1.5708  3.76991  0.628319  -1.15188e-06  0.529686
-0.942478  3.76991  0.628319  -3.07144e-06  0.830648
-0.314159  3.76991  0.628319  -2.22476e-05  2.09195
0.314159  3.76991  0.628319  -2.04961e-05  -2.09186
0.942478  3.76991  0.628319  -2.75185e-06  -0.830636
1.5708  3.76991  0.628319  -1.01635e-06  -0.529682
2.19911  3.76991  0.628319  -5.13888e-07  -0.392678
2.82743  3.76991  0.628319  -3.0109e-07  -0.313467
4.08407  3.76991  0.628319  -1.3275e-07  -0.224626
7.22566  3.76991  0.628319  -4.70869e-08  -0.132392
14.7655  3.76991  0.628319  -9.01932e-09  -0.0667222
-16.6504  3.76991  1.25664  -0.0034919  0.0591277
-7.22566  3.76991  1.25664  -0.0170011  0.130165
-5.34071  3.76991  1.25664  -0.0294011  0.170454
-4.08407  3.76991  1.25664  -0.0471326  0.214258
-2.82743  3.76991  1.25664  -0.0877079  0.286786
-2.19911  3.76991  1.25664  -0.131182  0.342978
-1.5708  3.76991  1.25664  -0.216393  0.41972
-0.942478  3.76991  1.25664  -0.409618  0.505289
-0.314159  3.76991  1.25664  -0.846978  0.398581
0.314159  3.76991  1.25664  -0.846964  -0.398593
0.942478  3.76991  1.25664  -0.40961  -0.505288
1.5708  3.76991  1.25664  -0.21639  -0.419718
2.19911  3.76991  1.25664  -0.131181  -0.342976
2.82743  3.76991  1.25664  -0.0877071  -0.286785
4.08407  3.76991  1.25664  -0.0471322  -0.214257
7.22566  3.76991  1.25664  -0.017001  -0.130165
14.7655  3.76991  1.25664  -0.00440745  -0.0664294
-16.6504  3.76991  1.88496  -0.00770066  0.0583169
-7.22566  3.76991  1.88496  -0.0356203  0.121976
-5.34071  3.76991  1.88496  -0.05893  0.152783
-4.08407  3.76991  1.88496  -0.0889916  0.180837
-2.82743  3.76991  1.88496  -0.146308  0.213572
-2.19911  3.76991  1.88496  -0.194608  0.226784
-1.5708  3.76991  1.88496  -0.263804  0.227299
-0.942478  3.76991  1.88496  -0.355317  0.193102
-0.314159  3.76991  1.88496  -0.442255  0.0900924
0.314159  3.76991  1.88496  -0.442253  -0.0900967
0.942478  3.76991  1.88496  -0.355314  -0.193104
1.5708  3.76991  1.88496  -0.263802  -0.227299
2.19911  3.76991  1.88496  -0.194607  -0.226784
2.82743  3.76991  1.88496  -0.146307  -0.213572
4.08407  3.76991  1.88496  -0.088991  -0.180836
7.22566  3.76991  1.88496  -0.0356201  -0.121975
14.7655  3.76991  1.88496  -0.00968494  -0.0652847
-16.6504  3.76991  2.51327  -0.0109389  0.0572433
-7.22566  3.76991  2.51327  -0.0474636  0.112314
-5.34071  3.76991  2.51327  -0.0746952  0.133806
-4.08407  3.76991  2.51327  -0.106159  0.149004
-2.82743  3.76991  2.51327  -0.15698  0.158118
-2.19911  3.76991  2.51327  -0.192506  0.15461
-1.5708  3.76991  2.51327  -0.234667  0.139037
-0.942478  3.76991  2.51327  -0.278733  0.103687
-0.314159  3.76991  2.51327  -0.311707  0.0422553
0.314159  3.76991  2.51327  -0.311707  -0.0422576
0.942478  3.76991  2.51327  -0.278732  -0.103689
1.5708  3.76991  2.51327  -0.234666  -0.139038
2.19911  3.76991  2.51327  -0.192505  -0.15461
2.82743  3.76991  2.51327  -0.156979  -0.158118
4.08407  3.76991  2.51327  -0.106158  -0.149004
7.22566  3.76991  2.51327  -0.0474633  -0.112314
14.7655  3.76991  2.51327  -0.0136928  -0.0637816
-16.6504  3.76991  3.14159  -0.0121232  0.0567435
-7.22566  3.76991  3.14159  -0.0511277  0.108214
-5.34071  3.76991  3.14159  -0.0788294  0.1263
-4.08407  3.76991  3.14159  -0.10948  0.137421
-2.82743  3.76991  3.14159  -0.15616  0.140608
-2.19911  3.76991  3.14159  -0.18688  0.134106
-1.5708  3.76991  3.14159  -0.221461  0.117119
-0.942478  3.76991  3.14159  -0.255555  0.0846503
-0.314159  3.76991  3.14159  -0.279539  0.0340663
0.314159  3.76991  3.14159  -0.279539  -0.0340682
0.942478  3.76991  3.14159  -0.255554  -0.0846517
1.5708  3.76991  3.14159  -0.22146  -0.11712
2.19911  3.76991  3.14159  -0.186879  -0.134106
2.82743  3.76991  3.14159  -0.156159  -0.140608
4.08407  3.76991  3.14159  -0.10948  -0.137421
7.22566  3.76991  3.14159  -0.0511274  -0.108214
14.7655  3.76991  3.14159  -0.015142  -0.0630867
-16.6504  3.76991  3.76991  -0.0109389  0.0572433
-7.22566  3.76991  3.76991  -0.0474636  0.112314
-5.34071  3.76991  3.76991  -0.0746952  0.133806
-4.08407  3.76991  3.76991  -0.106159  0.149004
-2.82743  3.76991  3.76991  -0.15698  0.158118
-2.19911  3.76991  3.76991  -0.192506  0.15461
-1.5708  3.76991  3.76991  -0.234667  0.139037
-0.942478  3.76991  3.76991  -0.278733  0.103687
-0.314159  3.76991  3.76991  -0.311707  0.0422553
0.314159  3.76991  3.76991  -0.311707  -0.0422576
0.942478  3.76991  3.76991  -0.278732  -0.103689
1.5708  3.76991  3.76991  -0.234666  -0.139038
2.19911  3.76991  3.76991  -0.192505  -0.15461
2.82743  3.76991  3.76991  -0.156979  -0.158118
4.08407  3.76991  3.76991  -0.106158  -0.149004
7.22566  3.76991  3.76991  -0.0474633  -0.112314
14.7655  3.76991  3.76991  -0.0136928  -0.0637816
-16.6504  3.76991  4.39823  -0.00770066  0.0583169
-7.22566  3.76991  4.39823  -0.0356203  0.121976
-5.34071  3.76991  4.39823  -0.05893  0.152783
-4.08407  3.76991  4.39823  -0.0889916  0.180837
-2.82743  3.76991  4.39823  -0.146308  0.213572
-2.19911  3.76991  4.39823  -0.194608  0.226784
-1.5708  3.76991  4.39823  -0.263804  0.227299
-0.942478  3.76991  4.39823  -0.355317  0.193102
-0.314159  3.76991  4.39823  -0.442255  0.0900924
0.314159  3.76991  4.39823  -0.442253  -0.0900967
0.942478  3.76991  4.39823  -0.355314  -0.193104
1.5708  3.76991  4.39823  -0.263802  -0.227299
2.19911  3.76991  4.39823  -0.194607  -0.226784
2.82743  3.76991  4.39823  -0.146307  -0.213572
4.08407  3.76991  4.39823  -0.088991  -0.180836
7.22566  3.76991  4.39823  -0.0356201  -0.121975
14.7655  3.76991  4.39823  -0.00968494  -0.0652847
-16.6504  3.76991  5.02655  -0.0034919  0.0591277
-7.22566  3.76991  5.02655  -0.0170011  0.130165
-5.34071  3.76991  5.02655  -0.0294011  0.170454
-4.08407  3.76991  5.02655  -0.0471326  0.214258
-2.82743  3.76991  5.02655  -0.0877079  0.286786
-2.19911  3.76991  5.02655  -0.131182  0.342978
-1.5708  3.76991  5.02655  -0.216393  0.41972
-0.942478  3.76991  5.02655  -0.409618  0.505289
-0.314159  3.76991  5.02655  -0.846978  0.398581
0.314159  3.76991  5.02655  -0.846964  -0.398593
0.942478  3.76991  5.02655  -0.40961  -0.505288
1.5708  3.76991  5.02655  -0.21639  -0.419718
2.19911  3.76991  5.02655  -0.131181  -0.342976
2.82743  3.76991  5.02655  -0.0877071  -0.286785
4.08407  3.76991  5.02655  -0.0471322  -0.214257
7.22566  3.76991  5.02655  -0.017001  -0.130165
14.7655  3.76991  5.02655  -0.00440745  -0.0664294
-16.6504  3.76991  5.65487  -9.16902e-09  0.0593342
-7.22566  3.76991  5.65487  -7.25675e-08  0.132392
-5.34071  3.76991  5.65487  -2.48256e-08  0.175537
-4.08407  3.76991  5.65487  -1.31874e-07  0.224626
-2.82743  3.76991  5.65487  -3.66829e-07  0.313468
-2.19911  3.76991  5.65487  -5.96623e-07  0.39268
-1.5708  3.76991  5.65487  -1.15188e-06  0.529686
-0.942478  3.76991  5.65487  -3.07144e-06  0.830648
-0.314159  3.76991  5.65487  -2.22476e-05  2.09195
0.314159  3.76991  5.65487  -2.04961e-05  -2.09186
0.942478  3.76991  5.65487  -2.75185e-06  -0.830636
1.5708  3.76991  5.65487  -1.01635e-06  -0.529682
2.19911  3.76991  5.65487  -5.13888e-07  -0.392678
2.82743  3.76991  5.65487  -3.0109e-07  -0.313467
4.08407  3.76991  5.65487  -1.3275e-07  -0.224626
7.22566  3.76991  5.65487  -4.70869e-08  -0.132392
14.7655  3.76991  5.65487  -9.01932e-09  -0.0667222
-16.6504  3.76991  6.28319  0.00133783  0.0593041
-7.22566  3.76991  6.28319  0.00658942  0.132066
-5.34071  3.76991  6.28319  0.0115151  0.174783
-4.08407  3.76991  6.28319  0.0187333  0.223054
-2.82743  3.76991  6.28319  0.0360516  0.309211
-2.19911  3.76991  6.28319  0.0559394  0.384343
-1.5708  3.76991  6.28319  0.0995629  0.509467
-0.942478  3.76991  6.28319  0.230258  0.756795
-0.314159  3.76991  6.28319  1.00916  1.31608
0.314159  3.76991  6.28319  1.00911  -1.31607
0.942478  3.76991  6.28319  0.230253  -0.756787
1.5708  3.76991  6.28319  0.0995615  -0.509463
2.19911  3.76991  6.28319  0.0559388  -0.384341
2.82743  3.76991  6.28319  0.0360514  -0.30921
4.08407  3.76991  6.28319  0.0187332  -0.223053
7.22566  3.76991  6.28319  0.00658942  -0.132066
14.7655  3.76991  6.28319  0.00168994  -0.0666795
-16.6504  4.39823  0  0.00481049  0.0589414
-7.22566  4.39823  0  0.0231423  0.128209
-5.34071  4.39823  0  0.039591  0.166089
-4.08407  4.39823  0  0.0625069  0.205619
-2.82743  4.39823  0  0.112427  0.266055
-2.19911  4.39823  0  0.162354  0.307251
-1.5708  4.39823  0  0.250953  0.352352
-0.942478  4.39823  0  0.416239  0.37127
-0.314159  4.39823  0  0.670917  0.228166
0.314159  4.39823  0  0.670912  -0.228172
0.942478  4.39823  0  0.416235  -0.371271
1.5708  4.39823  0  0.250951  -0.352352
2.19911  4.39823  0  0.162352  -0.30725
2.82743  4.39823  0  0.112426  -0.266054
4.08407  4.39823  0  0.0625066  -0.205619
7.22566  4.39823  0  0.0231422  -0.128209
14.7655  4.39823  0  0.00606681  -0.0661656
-16.6504  4.39823  0.628319  0.00349188  0.0591277
-7.22566  4.39823  0.628319  0.0170009  0.130165
-5.34071  4.39823  0.628319  0.029401  0.170454
-4.08407  4.39823  0.628319  0.0471323  0.214258
-2.82743  4.39823  0.628319  0.0877073  0.286786
-2.19911  4.39823  0.628319  0.131181  0.342978
-1.5708  4.39823  0.628319  0.216392  0.419721
-0.942478  4.39823  0.628319  0.409616  0.505293
-0.314159  4.39823  0.628319  0.846982  0.398588
0.314159  4.39823  0.628319  0.84697  -0.398598
0.942478  4.39823  0.628319  0.40961  -0.505291
1.5708  4.39823  0.628319  0.216389  -0.41972
2.19911  4.39823  0.628319  0.13118  -0.342977
2.82743  4.39823  0.628319  0.0877067  -0.286785
4.08407  4.39823  0.628319  0.047132  -0.214258
7.22566  4.39823  0.628319  0.0170009  -0.130165
14.7655  4.39823  0.628319  0.00440743  -0.0664294
-16.6504  4.39823  1.25664  -9.15811e-09  0.0593338
-7.22566  4.39823  1.25664  -7.36535e-08  0.132383
-5.34071  4.39823  1.25664  -2.6644e-08  0.175523
-4.08407  4.39823  1.25664  -1.32102e-07  0.224636
-2.82743  4.39823  1.25664  -3.67023e-07  0.31371
-2.19911  4.39823  1.25664  -5.95827e-07  0.393433
-1.5708  4.39823  1.25664  -1.14616e-06  0.532089
-0.942478  4.39823  1.25664  -3.05358e-06  0.839488
-0.314159  4.39823  1.25664  -2.25924e-05  2.14387
0.314159  4.39823  1.25664  -2.13372e-05  -2.14378
0.942478  4.39823  1.25664  -2.81521e-06  -0.839476
1.5708  4.39823  1.25664  -1.03595e-06  -0.532084
2.19911  4.39823  1.25664  -5.23923e-07  -0.393431
2.82743  4.39823  1.25664  -3.09344e-07  -0.313709
4.08407  4.39823  1.25664  -1.33717e-07  -0.224636
7.22566  4.39823  1.25664  -4.70974e-08  -0.132383
14.7655  4.39823  1.25664  -9.04279e-09  -0.0667216
-16.6504  4.39823  1.88496  -0.00430813  0.0590193
-7.22566  4.39823  1.88496  -0.0208274  0.129018
-5.34071  4.39823  1.88496  -0.0357942  0.167887
-4.08407  4.39823  1.88496  -0.0568888  0.209164
-2.82743  4.39823  1.88496  -0.10387  0.274459
-2.19911  4.39823  1.88496  -0.152301  0.321461
-1.5708  4.39823  1.88496  -0.241821  0.377949
-0.942478  4.39823  1.88496  -0.421008  0.416994
-0.314159  4.39823  1.88496  -0.731856  0.274677
0.314159  4.39823  1.88496  -0.731848  -0.274687
0.942478  4.39823  1.88496  -0.421002  -0.416994
1.5708  4.39823  1.88496  -0.241817  -0.377947
2.19911  4.39823  1.88496  -0.1523  -0.32146
2.82743  4.39823  1.88496  -0.103869  -0.274458
4.08407  4.39823  1.88496  -0.0568884  -0.209163
7.22566  4.39823  1.88496  -0.0208272  -0.129018
14.7655  4.39823  1.88496  -0.00543503  -0.0662758
-16.6504  4.39823  2.51327  -0.00770066  0.0583169
-7.22566  4.39823  2.51327  -0.0356203  0.121976
-5.34071  4.39823  2.51327  -0.05893  0.152783
-4.08407  4.39823  2.51327  -0.0889916  0.180837
-2.82743  4.39823  2.51327  -0.146308  0.213572
-2.19911  4.39823  2.51327  -0.194608  0.226784
-1.5708  4.39823  2.51327  -0.263804  0.227299
-0.942478  4.39823  2.51327  -0.355317  0.193102
-0.314159  4.39823  2.51327  -0.442255  0.0900924
0.314159  4.39823  2.51327  -0.442253  -0.0900967
0.942478  4.39823  2.51327  -0.355314  -0.193104
1.5708  4.39823  2.51327  -0.263802  -0.227299
2.19911  4.39823  2.51327  -0.194607  -0.226784
2.82743  4.39823  2.51327  -0.146307  -0.213572
4.08407  4.39823  2.51327  -0.088991  -0.180836
7.22566  4.39823  2.51327  -0.0356201  -0.121975
14.7655  4.39823  2.51327  -0.00968494  -0.0652847
-16.6504  4.39823  3.14159  -0.00895916  0.0579486
-7.22566  4.39823  3.14159  -0.0405243  0.118521
-5.34071  4.39823  3.14159  -0.0658356  0.145778
-4.08407  4.39823  3.14159  -0.0971717  0.168634
-2.82743  4.39823  3.14159  -0.153173  0.19092
-2.19911  4.39823  3.14159  -0.196915  0.195894
-1.5708  4.39823  3.14159  -0.254707  0.187259
-0.942478  4.39823  3.14159  -0.323448  0.149805
-0.314159  4.39823  3.14159  -0.382057  0.0648811
0.314159  4.39823  3.14159  -0.382056  -0.0648844
0.942478  4.39823  3.14159  -0.323445  -0.149807
1.5708  4.39823  3.14159  -0.254705  -0.18726
2.19911  4.39823  3.14159  -0.196913  -0.195894
2.82743  4.39823  3.14159  -0.153172  -0.19092
4.08407  4.39823  3.14159  -0.0971711  -0.168634
7.22566  4.39823  3.14159  -0.0405241  -0.118521
14.7655  4.39823  3.14159  -0.0112495  -0.0647675
-16.6504  4.39823  3.76991  -0.00770066  0.0583169
-7.22566  4.39823  3.76991  -0.0356203  0.121976
-5.34071  4.39823  3.76991  -0.05893  0.152783
-4.08407  4.39823  3.76991  -0.0889916  0.180837
-2.82743  4.39823  3.76991  -0.146308  0.213572
-2.19911  4.39823  3.76991  -0.194608  0.226784
-1.5708  4.39823  3.76991  -0.263804  0.227299
-0.942478  4.39823  3.76991  -0.355317  0.193102
-0.314159  4.39823  3.76991  -0.442255  0.0900924
0.314159  4.39823  3.76991  -0.442253  -0.0900967
0.942478  4.39823  3.76991  -0.355314  -0.193104
1.5708  4.39823  3.76991  -0.263802  -0.227299
2.19911  4.39823  3.76991  -0.194607  -0.226784
2.82743  4.39823  3.76991  -0.146307  -0.213572
4.08407  4.39823  3.76991  -0.088991  -0.180836
7.22566  4.39823  3.76991  -0.0356201  -0.121975
14.7655  4.39823  3.76991  -0.00968494  -0.0652847
-16.6504  4.39823  4.39823  -0.00430813  0.0590193
-7.22566  4.39823  4.39823  -0.0208274  0.129018
-5.34071  4.39823  4.39823  -0.0357942  0.167887
-4.08407  4.39823  4.39823  -0.0568888  0.209164
-2.82743  4.39823  4.39823  -0.10387  0.274459
-2.19911  4.39823  4.39823  -0.152301  0.321461
-1.5708  4.39823  4.39823  -0.241821  0.377949
-0.942478  4.39823  4.39823  -0.421008  0.416994
-0.314159  4.39823  4.39823  -0.731856  0.274677
0.314159  4.39823  4.39823  -0.731848  -0.274687
0.942478  4.39823  4.39823  -0.421002  -0.416994
1.5708  4.39823  4.39823  -0.241817  -0.377947
2.19911  4.39823  4.39823  -0.1523  -0.32146
2.82743  4.39823  4.39823  -0.103869  -0.274458
4.08407  4.39823  4.39823  -0.0568884  -0.209163
7.22566  4.39823  4.39823  -0.0208272  -0.129018
14.7655  4.39823  4.39823  -0.00543503  -0.0662758
-16.6504  4.39823  5.02655  -9.15811e-09  0.0593338
-7.22566  4.39823  5.02655  -7.36535e-08  0.132383
-5.34071  4.39823  5.02655  -2.6644e-08  0.175523
-4.08407  4.39823  5.02655  -1.32102e-07  0.224636
-2.82743  4.39823  5.02655  -3.67023e-07  0.31371
-2.19911  4.39823  5.02655  -5.95827e-07  0.393433
-1.5708  4.39823  5.02655  -1.14616e-06  0.532089
-0.942478  4.39823  5.02655  -3.05358e-06  0.839488
-0.314159  4.39823  5.02655  -2.25924e-05  2.14387
0.314159  4.39823  5.02655  -2.13372e-05  -2.14378
0.942478  4.39823  5.02655  -2.81521e-06  -0.839476
1.5708  4.39823  5.02655  -1.03595e-06  -0.532084
2.19911  4.39823  5.02655  -5.23923e-07  -0.393431
2.82743  4.39823  5.02655  -3.09344e-07  -0.313709
4.08407  4.39823  5.02655  -1.33717e-07  -0.224636
7.22566  4.39823  5.02655  -4.70974e-08  -0.132383
14.7655  4.39823  5.02655  -9.04279e-09  -0.0667216
-16.6504  4.39823  5.65487  0.00349188  0.0591277
-7.22566  4.39823  5.65487  0.0170009  0.130165
-5.34071  4.39823  5.65487  0.029401  0.170454
-4.08407  4.39823  5.65487  0.0471323  0.214258
-2.82743  4.39823  5.65487  0.0877073  0.286786
-2.19911  4.39823  5.65487  0.131181  0.342978
-1.5708  4.39823  5.65487  0.216392  0.419721
-0.942478  4.39823  5.65487  0.409616  0.505293
-0.314159  4.39823  5.65487  0.846982  0.398588
0.314159  4.39823  5.65487  0.84697  -0.398598
0.942478  4.39823  5.65487  0.40961  -0.505291
1.5708  4.39823  5.65487  0.216389  -0.41972
2.19911  4.39823  5.65487  0.13118  -0.342977
2.82743  4.39823  5.65487  0.0877067  -0.286785
4.08407  4.39823  5.65487  0.047132  -0.214258
7.22566  4.39823  5.65487  0.0170009  -0.130165
14.7655  4.39823  5.65487  0.00440743  -0.0664294
-16.6504  4.39823  6.28319  0.00481049  0.0589414
-7.22566  4.39823  6.28319  0.0231423  0.128209
-5.34071  4.39823  6.28319  0.039591  0.166089
-4.08407  4.39823  6.28319  0.0625069  0.205619
-2.82743  4.39823  6.28319  0.112427  0.266055
-2.19911  4.39823  6.28319  0.162354  0.307251
-1.5708  4.39823  6.28319  0.250953  0.352352
-0.942478  4.39823  6.28319  0.416239  0.37127
-0.314159  4.39823  6.28319  0.670917  0.228166
0.314159  4.39823  6.28319  0.670912  -0.228172
0.942478  4.39823  6.28319  0.416235  -0.371271
1.5708  4.39823  6.28319  0.250951  -0.352352
2.19911  4.39823  6.28319  0.162352  -0.30725
2.82743  4.39823  6.28319  0.112426  -0.266054
4.08407  4.39823  6.28319  0.0625066  -0.205619
7.22566  4.39823  6.28319  0.0231422  -0.128209
14.7655  4.39823  6.28319  0.00606681  -0.0661656
-16.6504  5.02655  0  0.00895913  0.0579486
-7.22566  5.02655  0  0.0405242  0.118521
-5.34071  5.02655  0  0.0658355  0.145778
-4.08407  5.02655  0  0.0971715  0.168634
-2.82743  5.02655  0  0.153173  0.19092
-2.19911  5.02655  0  0.196914  0.195894
-1.5708  5.02655  0  0.254707  0.18726
-0.942478  5.02655  0  0.323448  0.149806
-0.314159  5.02655  0  0.382059  0.0648823
0.314159  5.02655  0  0.382058  -0.0648841
0.942478  5.02655  0  0.323447  -0.149807
1.5708  5.02655  0  0.254705  -0.18726
2.19911  5.02655  0  0.196914  -0.195894
2.82743  5.02655  0  0.153173  -0.19092
4.08407  5.02655  0  0.0971712  -0.168634
7.22566  5.02655  0  0.0405241  -0.118521
14.7655  5.02655  0  0.0112495  -0.0647675
-16.6504  5.02655  0.628319  0.00770063  0.0583169
-7.22566  5.02655  0.628319  0.0356202  0.121976
-5.34071  5.02655  0.628319  0.0589298  0.152783
-4.08407  5.02655  0.628319  0.0889913  0.180837
-2.82743  5.02655  0.628319  0.146308  0.213573
-2.19911  5.02655  0.628319  0.194608  0.226785
-1.5708  5.02655  0.628319  0.263804  0.2273
-0.942478  5.02655  0.628319  0.355317  0.193103
-0.314159  5.02655  0.628319  0.442256  0.090094
0.314159  5.02655  0.628319  0.442255  -0.0900966
0.942478  5.02655  0.628319  0.355315  -0.193104
1.5708  5.02655  0.628319  0.263803  -0.2273
2.19911  5.02655  0.628319  0.194607  -0.226785
2.82743  5.02655  0.628319  0.146307  -0.213572
4.08407  5.02655  0.628319  0.088991  -0.180837
7.22566  5.02655  0.628319  0.0356201  -0.121976
14.7655  5.02655  0.628319  0.00968492  -0.0652847
-16.6504  5.02655  1.25664  0.00430811  0.0590193
-7.22566  5.02655  1.25664  0.0208272  0.129018
-5.34071  5.02655  1.25664  0.0357942  0.167886
-4.08407  5.02655  1.25664  0.0568886  0.209164
-2.82743  5.02655  1.25664  0.103869  0.27446
-2.19911  5.02655  1.25664  0.152301  0.321462
-1.5708  5.02655  1.25664  0.24182  0.37795
-0.942478  5.02655  1.25664  0.421008  0.416997
-0.314159  5.02655  1.25664  0.73186  0.274682
0.314159  5.02655  1.25664  0.731853  -0.27469
0.942478  5.02655  1.25664  0.421002  -0.416997
1.5708  5.02655  1.25664  0.241817  -0.377949
2.19911  5.02655  1.25664  0.152299  -0.321461
2.82743  5.02655  1.25664  0.103868  -0.274459
4.08407  5.02655  1.25664  0.0568883  -0.209163
7.22566  5.02655  1.25664  0.0208272  -0.129018
14.7655  5.02655  1.25664  0.00543501  -0.0662758
-16.6504  5.02655  1.88496  -9.15811e-09  0.0593338
-7.22566  5.02655  1.88496  -7.36535e-08  0.132383
-5.34071  5.02655  1.88496  -2.6644e-08  0.175523
-4.08407  5.02655  1.88496  -1.32102e-07  0.224636
-2.82743  5.02655  1.88496  -3.67023e-07  0.31371
-2.19911  5.02655  1.88496  -5.95827e-07  0.393433
-1.5708  5.02655  1.88496  -1.14616e-06  0.532089
-0.942478  5.02655  1.88496  -3.05358e-06  0.839488
-0.314159  5.02655  1.88496  -2.25924e-05  2.14387
0.314159  5.02655  1.88496  -2.13372e-05  -2.14378
0.942478  5.02655  1.88496  -2.81521e-06  -0.839476
1.5708  5.02655  1.88496  -1.03595e-06  -0.532084
2.19911  5.02655  1.88496  -5.23923e-07  -0.393431
2.82743  5.02655  1.88496  -3.09344e-07  -0.313709
4.08407  5.02655  1.88496  -1.33717e-07  -0.224636
7.22566  5.02655  1.88496  -4.70974e-08  -0.132383
14.7655  5.02655  1.88496  -9.04279e-09  -0.0667216
-16.6504  5.02655  2.51327  -0.0034919  0.0591277
-7.22566  5.02655  2.51327  -0.0170011  0.130165
-5.34071  5.02655  2.51327  -0.0294011  0.170454
-4.08407  5.02655  2.51327  -0.0471326  0.214258
-2.82743  5.02655  2.51327  -0.0877079  0.286786
-2.19911  5.02655  2.51327  -0.131182  0.342978
-1.5708  5.02655  2.51327  -0.216393  0.41972
-0.942478  5.02655  2.51327  -0.409618  0.505289
-0.314159  5.02655  2.51327  -0.846978  0.398581
0.314159  5.02655  2.51327  -0.846964  -0.398593
0.942478  5.02655  2.51327  -0.40961  -0.505288
1.5708  5.02655  2.51327  -0.21639  -0.419718
2.19911  5.02655  2.51327  -0.131181  -0.342976
2.82743  5.02655  2.51327  -0.0877071  -0.286785
4.08407  5.02655  2.51327  -0.0471322  -0.214257
7.22566  5.02655  2.51327  -0.017001  -0.130165
14.7655  5.02655  2.51327  -0.00440745  -0.0664294
-16.6504  5.02655  3.14159  -0.00481052  0.0589414
-7.22566  5.02655  3.14159  -0.0231424  0.128209
-5.34071  5.02655  3.14159  -0.0395911  0.166089
-4.08407  5.02655  3.14159  -0.0625071  0.205619
-2.82743  5.02655  3.14159  -0.112428  0.266055
-2.19911  5.02655  3.14159  -0.162354  0.307251
-1.5708  5.02655  3.14159  -0.250954  0.352351
-0.942478  5.02655  3.14159  -0.41624  0.371267
-0.314159  5.02655  3.14159  -0.670914  0.228162
0.314159  5.02655  3.14159  -0.670908  -0.228171
0.942478  5.02655  3.14159  -0.416234  -0.371268
1.5708  5.02655  3.14159  -0.25095  -0.35235
2.19911  5.02655  3.14159  -0.162353  -0.30725
2.82743  5.02655  3.14159  -0.112427  -0.266054
4.08407  5.02655  3.14159  -0.0625067  -0.205619
7.22566  5.02655  3.14159  -0.0231423  -0.128209
14.7655  5.02655  3.14159  -0.00606682  -0.0661656
-16.6504  5.02655  3.76991  -0.0034919  0.0591277
-7.22566  5.02655  3.76991  -0.0170011  0.130165
-5.34071  5.02655  3.76991  -0.0294011  0.170454
-4.08407  5.02655  3.76991  -0.0471326  0.214258
-2.82743  5.02655  3.76991  -0.0877079  0.286786
-2.19911  5.02655  3.76991  -0.131182  0.342978
-1.5708  5.02655  3.76991  -0.216393  0.41972
-0.942478  5.02655  3.76991  -0.409618  0.505289
-0.314159  5.02655  3.76991  -0.846978  0.398581
0.314159  5.02655  3.76991  -0.846964  -0.398593
0.942478  5.02655  3.76991  -0.40961  -0.505288
1.5708  5.02655  3.76991  -0.21639  -0.419718
2.19911  5.02655  3.76991  -0.131181  -0.342976
2.82743  5.02655  3.76991  -0.0877071  -0.286785
4.08407  5.02655  3.76991  -0.0471322  -0.214257
7.22566  5.02655  3.76991  -0.017001  -0.130165
14.7655  5.02655  3.76991  -0.00440745  -0.0664294
-16.6504  5.02655  4.39823  -9.15811e-09  0.0593338
-7.22566  5.02655  4.39823  -7.36535e-08  0.132383
-5.34071  5.02655  4.39823  -2.6644e-08  0.175523
-4.08407  5.02655  4.39823  -1.32102e-07  0.224636
-2.82743  5.02655  4.39823  -3.67023e-07  0.31371
-2.19911  5.02655  4.39823  -5.95827e-07  0.393433
-1.5708  5.02655  4.39823  -1.14616e-06  0.532089
-0.942478  5.02655  4.39823  -3.05358e-06  0.839488
-0.314159  5.02655  4.39823  -2.25924e-05  2.14387
0.314159  5.02655  4.39823  -2.13372e-05  -2.14378
0.942478  5.02655  4.39823  -2.81521e-06  -0.839476
1.5708  5.02655  4.39823  -1.03595e-06  -0.532084
2.19911  5.02655  4.39823  -5.23923e-07  -0.393431
2.82743  5.02655  4.39823  -3.09344e-07  -0.313709
4.08407  5.02655  4.39823  -1.33717e-07  -0.224636
7.22566  5.02655  4.39823  -4.70974e-08  -0.132383
14.7655  5.02655  4.39823  -9.04279e-09  -0.0667216
-16.6504  5.02655  5.02655  0.00430811  0.0590193
-7.22566  5.02655  5.02655  0.0208272  0.129018
-5.34071  5.02655  5.02655  0.0357942  0.167886
-4.08407  5.02655  5.02655  0.0568886  0.209164
-2.82743  5.02655  5.02655  0.103869  0.27446
-2.19911  5.02655  5.02655  0.152301  0.321462
-1.5708  5.02655  5.02655  0.24182  0.37795
-0.942478  5.02655  5.02655  0.421008  0.416997
-0.314159  5.02655  5.02655  0.73186  0.274682
0.314159  5.02655  5.02655  0.731853  -0.27469
0.942478  5.02655  5.02655  0.421002  -0.416997
1.5708  5.02655  5.02655  0.241817  -0.377949
2.19911  5.02655  5.02655  0.152299  -0.321461
2.82743  5.02655  5.02655  0.103868  -0.274459
4.08407  5.02655  5.02655  0.0568883  -0.209163
7.22566  5.02655  5.02655  0.0208272  -0.129018
14.7655  5.02655  5.02655  0.00543501  -0.0662758
-16.6504  5.02655  5.65487  0.00770063  0.0583169
-7.22566  5.02655  5.65487  0.0356202  0.121976
-5.34071  5.02655  5.65487  0.0589298  0.152783
-4.08407  5.02655  5.65487  0.0889913  0.180837
-2.82743  5.02655  5.65487  0.146308  0.213573
-2.19911  5.02655  5.65487  0.194608  0.226785
-1.5708  5.02655  5.65487  0.263804  0.2273
-0.942478  5.02655  5.65487  0.355317  0.193103
-0.314159  5.02655  5.65487  0.442256  0.090094
0.314159  5.02655  5.65487  0.442255  -0.0900966
0.942478  5.02655  5.65487  0.355315  -0.193104
1.5708  5.02655  5.65487  0.263803  -0.2273
2.19911  5.02655  5.65487  0.194607  -0.226785
2.82743  5.02655  5.65487  0.146307  -0.213572
4.08407  5.02655  5.65487  0.088991  -0.180837
7.22566  5.02655  5.65487  0.0356201  -0.121976
14.7655  5.02655  5.65487  0.00968492  -0.0652847
-16.6504  5.02655  6.28319  0.00895913  0.0579486
-7.22566  5.02655  6.28319  0.0405242  0.118521
-5.34071  5.02655  6.28319  0.0658355  0.145778
-4.08407  5.02655  6.28319  0.0971715  0.168634
-2.82743  5.02655  6.28319  0.153173  0.19092
-2.19911  5.02655  6.28319  0.196914  0.195894
-1.5708  5.02655  6.28319  0.254707  0.18726
-0.942478  5.02655  6.28319  0.323448  0.149806
-0.314159  5.02655  6.28319  0.382059  0.0648823
0.314159  5.02655  6.28319  0.382058  -0.0648841
0.942478  5.02655  6.28319  0.323447  -0.149807
1.5708  5.02655  6.28319  0.254705  -0.18726
2.19911  5.02655  6.28319  0.196914  -0.195894
2.82743  5.02655  6.28319  0.153173  -0.19092
4.08407  5.02655  6.28319  0.0971712  -0.168634
7.22566  5.02655  6.28319  0.0405241  -0.118521
14.7655  5.02655  6.28319  0.0112495  -0.0647675
-16.6504  5.65487  0  0.0121231  0.0567435
-7.22566  5.65487  0  0.0511275  0.108214
-5.34071  5.65487  0  0.0788292  0.1263
-4.08407  5.65487  0  0.10948  0.137421
-2.82743  5.65487  0  0.15616  0.140609
-2.19911  5.65487  0  0.18688  0.134107
-1.5708  5.65487  0  0.221461  0.11712
-0.942478  5.65487  0  0.255555  0.0846511
-0.314159  5.65487  0  0.27954  0.034067
0.314159  5.65487  0  0.27954  -0.0340679
0.942478  5.65487  0  0.255554  -0.0846516
1.5708  5.65487  0  0.221461  -0.11712
2.19911  5.65487  0  0.18688  -0.134107
2.82743  5.65487  0  0.156159  -0.140609
4.08407  5.65487  0  0.10948  -0.137421
7.22566  5.65487  0  0.0511274  -0.108214
14.7655  5.65487  0  0.015142  -0.0630868
-16.6504  5.65487  0.628319  0.0109389  0.0572432
-7.22566  5.65487  0.628319  0.0474634  0.112314
-5.34071  5.65487  0.628319  0.074695  0.133806
-4.08407  5.65487  0.628319  0.106158  0.149004
-2.82743  5.65487  0.628319  0.156979  0.158119
-2.19911  5.65487  0.628319  0.192506  0.15461
-1.5708  5.65487  0.628319  0.234667  0.139038
-0.942478  5.65487  0.628319  0.278734  0.103688
-0.314159  5.65487  0.628319  0.311708  0.0422561
0.314159  5.65487  0.628319  0.311708  -0.0422572
0.942478  5.65487  0.628319  0.278733  -0.103689
1.5708  5.65487  0.628319  0.234667  -0.139038
2.19911  5.65487  0.628319  0.192505  -0.15461
2.82743  5.65487  0.628319  0.156979  -0.158119
4.08407  5.65487  0.628319  0.106158  -0.149004
7.22566  5.65487  0.628319  0.0474633  -0.112314
14.7655  5.65487  0.628319  0.0136928  -0.0637816
-16.6504  5.65487  1.25664  0.00770063  0.0583169
-7.22566  5.65487  1.25664  0.0356202  0.121976
-5.34071  5.65487  1.25664  0.0589298  0.152783
-4.08407  5.65487  1.25664  0.0889913  0.180837
-2.82743  5.65487  1.25664  0.146308  0.213573
-2.19911  5.65487  1.25664  0.194608  0.226785
-1.5708  5.65487  1.25664  0.263804  0.2273
-0.942478  5.65487  1.25664  0.355317  0.193103
-0.314159  5.65487  1.25664  0.442256  0.090094
0.314159  5.65487  1.25664  0.442255  -0.0900966
0.942478  5.65487  1.25664  0.355315  -0.193104
1.5708  5.65487  1.25664  0.263803  -0.2273
2.19911  5.65487  1.25664  0.194607  -0.226785
2.82743  5.65487  1.25664  0.146307  -0.213572
4.08407  5.65487  1.25664  0.088991  -0.180837
7.22566  5.65487  1.25664  0.0356201  -0.121976
14.7655  5.65487  1.25664  0.00968492  -0.0652847
-16.6504  5.65487  1.88496  0.00349188  0.0591277
-7.22566  5.65487  1.88496  0.0170009  0.130165
-5.34071  5.65487  1.88496  0.029401  0.170454
-4.08407  5.65487  1.88496  0.0471323  0.214258
-2.82743  5.65487  1.88496  0.0877073  0.286786
-2.19911  5.65487  1.88496  0.131181  0.342978
-1.5708  5.65487  1.88496  0.216392  0.419721
-0.942478  5.65487  1.88496  0.409616  0.505293
-0.314159  5.65487  1.88496  0.846982  0.398588
0.314159  5.65487  1.88496  0.84697  -0.398598
0.942478  5.65487  1.88496  0.40961  -0.505291
1.5708  5.65487  1.88496  0.216389  -0.41972
2.19911  5.65487  1.88496  0.13118  -0.342977
2.82743  5.65487  1.88496  0.0877067  -0.286785
4.08407  5.65487  1.88496  0.047132  -0.214258
7.22566  5.65487  1.88496  0.0170009  -0.130165
14.7655  5.65487  1.88496  0.00440743  -0.0664294
-16.6504  5.65487  2.51327  -9.16902e-09  0.0593342
-7.22566  5.65487  2.51327  -7.25675e-08  0.132392
-5.34071  5.65487  2.51327  -2.48256e-08  0.175537
-4.08407  5.65487  2.51327  -1.31874e-07  0.224626
-2.82743  5.65487  2.51327  -3.66829e-07  0.313468
-2.19911  5.65487  2.51327  -5.96623e-07  0.39268
-1.5708  5.65487  2.51327  -1.15188e-06  0.529686
-0.942478  5.65487  2.51327  -3.07144e-06  0.830648
-0.314159  5.65487  2.51327  -2.22476e-05  2.09195
0.314159  5.65487  2.51327  -2.04961e-05  -2.09186
0.942478  5.65487  2.51327  -2.75185e-06  -0.830636
1.5708  5.65487  2.51327  -1.01635e-06  -0.529682
2.19911  5.65487  2.51327  -5.13888e-07  -0.392678
2.82743  5.65487  2.51327  -3.0109e-07  -0.313467
4.08407  5.65487  2.51327  -1.3275e-07  -0.224626
7.22566  5.65487  2.51327  -4.70869e-08  -0.132392
14.7655  5.65487  2.51327  -9.01932e-09  -0.0667222
-16.6504  5.65487  3.14159  -0.00133785  0.0593041
-7.22566  5.65487  3.14159  -0.00658957  0.132066
-5.34071  5.65487  3.14159  -0.0115152  0.174783
-4.08407  5.65487  3.14159  -0.0187336  0.223054
-2.82743  5.65487  3.14159  -0.0360524  0.309211
-2.19911  5.65487  3.14159  -0.0559405  0.384343
-1.5708  5.65487  3.14159  -0.0995651  0.509466
-0.942478  5.65487  3.14159  -0.230263  0.756792
-0.314159  5.65487  3.14159  -1.00917  1.31605
0.314159  5.65487  3.14159  -1.00911  -1.31604
0.942478  5.65487  3.14159  -0.230257  -0.756783
1.5708  5.65487  3.14159  -0.0995633  -0.509462
2.19911  5.65487  3.14159  -0.0559398  -0.384341
2.82743  5.65487  3.14159  -0.0360519  -0.30921
4.08407  5.65487  3.14159  -0.0187335  -0.223053
7.22566  5.65487  3.14159  -0.00658951  -0.132066
14.7655  5.65487  3.14159  -0.00168996  -0.0666795
-16.6504  5.65487  3.76991  -9.16902e-09  0.0593342
-7.22566  5.65487  3.76991  -7.25675e-08  0.132392
-5.34071  5.65487  3.76991  -2.48256e-08  0.175537
-4.08407  5.65487  3.76991  -1.31874e-07  0.224626
-2.82743  5.65487  3.76991  -3.66829e-07  0.313468
-2.19911  5.65487  3.76991  -5.96623e-07  0.39268
-1.5708  5.65487  3.76991  -1.15188e-06  0.529686
-0.942478  5.65487  3.76991  -3.07144e-06  0.830648
-0.314159  5.65487  3.76991  -2.22476e-05  2.09195
0.314159  5.65487  3.76991  -2.04961e-05  -2.09186
0.942478  5.65487  3.76991  -2.75185e-06  -0.830636
1.5708  5.65487  3.76991  -1.01635e-06  -0.529682
2.19911  5.65487  3.76991  -5.13888e-07  -0.392678
2.82743  5.65487  3.76991  -3.0109e-07  -0.313467
4.08407  5.65487  3.76991  -1.3275e-07  -0.224626
7.22566  5.65487  3.76991  -4.70869e-08  -0.132392
14.7655  5.65487  3.76991  -9.01932e-09  -0.0667222
-16.6504  5.65487  4.39823  0.00349188  0.0591277
-7.22566  5.65487  4.39823  0.0170009  0.130165
-5.34071  5.65487  4.39823  0.029401  0.170454
-4.08407  5.65487  4.39823  0.0471323  0.214258
-2.82743  5.65487  4.39823  0.0877073  0.286786
-2.19911  5.65487  4.39823  0.131181  0.342978
-1.5708  5.65487  4.39823  0.216392  0.419721
-0.942478  5.65487  4.39823  0.409616  0.505293
-0.314159  5.65487  4.39823  0.846982  0.398588
0.314159  5.65487  4.39823  0.84697  -0.398598
0.942478  5.65487  4.39823  0.40961  -0.505291
1.5708  5.65487  4.39823  0.216389  -0.41972
2.19911  5.65487  4.39823  0.13118  -0.342977
2.82743  5.65487  4.39823  0.0877067  -0.286785
4.08407  5.65487  4.39823  0.047132  -0.214258
7.22566  5.65487  4.39823  0.0170009  -0.130165
14.7655  5.65487  4.39823  0.00440743  -0.0664294
-16.6504  5.65487  5.02655  0.00770063  0.0583169
-7.22566  5.65487  5.02655  0.0356202  0.121976
-5.34071  5.65487  5.02655  0.0589298  0.152783
-4.08407  5.65487  5.02655  0.0889913  0.180837
-2.82743  5.65487  5.02655  0.146308  0.213573
-2.19911  5.65487  5.02655  0.194608  0.226785
-1.5708  5.65487  5.02655  0.263804  0.2273
-0.942478  5.65487  5.02655  0.355317  0.193103
-0.314159  5.65487  5.02655  0.442256  0.090094
0.314159  5.65487  5.02655  0.442255  -0.0900966
0.942478  5.65487  5.02655  0.355315  -0.193104
1.5708  5.65487  5.02655  0.263803  -0.2273
2.19911  5.65487  5.02655  0.194607  -0.226785
2.82743  5.65487  5.02655  0.146307  -0.213572
4.08407  5.65487  5.02655  0.088991  -0.180837
7.22566  5.65487  5.02655  0.0356201  -0.121976
14.7655  5.65487  5.02655  0.00968492  -0.0652847
-16.6504  5.65487  5.65487  0.0109389  0.0572432
-7.22566  5.65487  5.65487  0.0474634  0.112314
-5.34071  5.65487  5.65487  0.074695  0.133806
-4.08407  5.65487  5.65487  0.106158  0.149004
-2.82743  5.65487  5.65487  0.156979  0.158119
-2.19911  5.65487  5.65487  0.192506  0.15461
-1.5708  5.65487  5.65487  0.234667  0.139038
-0.942478  5.65487  5.65487  0.278734  0.103688
-0.314159  5.65487  5.65487  0.311708  0.0422561
0.314159  5.65487  5.65487  0.311708  -0.0422572
0.942478  5.65487  5.65487  0.278733  -0.103689
1.5708  5.65487  5.65487  0.234667  -0.139038
2.19911  5.65487  5.65487  0.192505  -0.15461
2.82743  5.65487  5.65487  0.156979  -0.158119
4.08407  5.65487  5.65487  0.106158  -0.149004
7.22566  5.65487  5.65487  0.0474633  -0.112314
14.7655  5.65487  5.65487  0.0136928  -0.0637816
-16.6504  5.65487  6.28319  0.0121231  0.0567435
-7.22566  5.65487  6.28319  0.0511275  0.108214
-5.34071  5.65487  6.28319  0.0788292  0.1263
-4.08407  5.65487  6.28319  0.10948  0.137421
-2.82743  5.65487  6.28319  0.15616  0.140609
-2.19911  5.65487  6.28319  0.18688  0.134107
-1.5708  5.65487  6.28319  0.221461  0.11712
-0.942478  5.65487  6.28319  0.255555  0.0846511
-0.314159  5.65487  6.28319  0.27954  0.034067
0.314159  5.65487  6.28319  0.27954  -0.0340679
0.942478  5.65487  6.28319  0.255554  -0.0846516
1.5708  5.65487  6.28319  0.221461  -0.11712
2.19911  5.65487  6.28319  0.18688  -0.134107
2.82743  5.65487  6.28319  0.156159  -0.140609
4.08407  5.65487  6.28319  0.10948  -0.137421
7.22566  5.65487  6.28319  0.0511274  -0.108214
14.7655  5.65487  6.28319  0.015142  -0.0630868
-16.6504  6.28319  0  0.0132739  0.0561983
-7.22566  6.28319  0  0.0543192  0.103996
-5.34071  6.28319  0  0.0820377  0.118888
-4.08407  6.28319  0  0.111428  0.126491
-2.82743  6.28319  0  0.153795  0.125182
-2.19911  6.28319  0  0.180209  0.116847
-1.5708  6.28319  0  0.208629  0.0996198
-0.942478  6.28319  0  0.235335  0.07032
-0.314159  6.28319  0  0.25345  0.0274382
0.314159  6.28319  0  0.25345  -0.0274389
0.942478  6.28319  0  0.235335  -0.0703204
1.5708  6.28319  0  0.208628  -0.0996201
2.19911  6.28319  0  0.180209  -0.116848
2.82743  6.28319  0  0.153795  -0.125182
4.08407  6.28319  0  0.111427  -0.126491
7.22566  6.28319  0  0.0543191  -0.103995
14.7655  6.28319  0  0.0165399  -0.0623321
-16.6504  6.28319  0.628319  0.0121231  0.0567435
-7.22566  6.28319  0.628319  0.0511275  0.108214
-5.34071  6.28319  0.628319  0.0788292  0.1263
-4.08407  6.28319  0.628319  0.10948  0.137421
-2.82743  6.28319  0.628319  0.15616  0.140609
-2.19911  6.28319  0.628319  0.18688  0.134107
-1.5708  6.28319  0.628319  0.221461  0.11712
-0.942478  6.28319  0.628319  0.255555  0.0846511
-0.314159  6.28319  0.628319  0.27954  0.034067
0.314159  6.28319  0.628319  0.27954  -0.0340679
0.942478  6.28319  0.628319  0.255554  -0.0846516
1.5708  6.28319  0.628319  0.221461  -0.11712
2.19911  6.28319  0.628319  0.18688  -0.134107
2.82743  6.28319  0.628319  0.156159  -0.140609
4.08407  6.28319  0.628319  0.10948  -0.137421
7.22566  6.28319  0.628319  0.0511274  -0.108214
14.7655  6.28319  0.628319  0.015142  -0.0630868
-16.6504  6.28319  1.25664  0.00895913  0.0579486
-7.22566  6.28319  1.25664  0.0405242  0.118521
-5.34071  6.28319  1.25664  0.0658355  0.145778
-4.08407  6.28319  1.25664  0.0971715  0.168634
-2.82743  6.28319  1.25664  0.153173  0.19092
-2.19911  6.28319  1.25664  0.196914  0.195894
-1.5708  6.28319  1.25664  0.254707  0.18726
-0.942478  6.28319  1.25664  0.323448  0.149806
-0.314159  6.28319  1.25664  0.382059  0.0648823
0.314159  6.28319  1.25664  0.382058  -0.0648841
0.942478  6.28319  1.25664  0.323447  -0.149807
1.5708  6.28319  1.25664  0.254705  -0.18726
2.19911  6.28319  1.25664  0.196914  -0.195894
2.82743  6.28319  1.25664  0.153173  -0.19092
4.08407  6.28319  1.25664  0.0971712  -0.168634
7.22566  6.28319  1.25664  0.0405241  -0.118521
14.7655  6.28319  1.25664  0.0112495  -0.0647675
-16.6504  6.28319  1.88496  0.00481049  0.0589414
-7.22566  6.28319  1.88496  0.0231423  0.128209
-5.34071  6.28319  1.88496  0.039591  0.166089
-4.08407  6.28319  1.88496  0.0625069  0.205619
-2.82743  6.28319  1.88496  0.112427  0.266055
-2.19911  6.28319  1.88496  0.162354  0.307251
-1.5708  6.28319  1.88496  0.250953  0.352352
-0.942478  6.28319  1.88496  0.416239  0.37127
-0.314159  6.28319  1.88496  0.670917  0.228166
0.314159  6.28319  1.88496  0.670912  -0.228172
0.942478  6.28319  1.88496  0.416235  -0.371271
1.5708  6.28319  1.88496  0.250951  -0.352352
2.19911  6.28319  1.88496  0.162352  -0.30725
2.82743  6.28319  1.88496  0.112426  -0.266054
4.08407  6.28319  1.88496  0.0625066  -0.205619
7.22566  6.28319  1.88496  0.0231422  -0.128209
14.7655  6.28319  1.88496  0.00606681  -0.0661656
-16.6504  6.28319  2.51327  0.00133783  0.0593041
-7.22566  6.28319  2.51327  0.00658942  0.132066
-5.34071  6.28319  2.51327  0.0115151  0.174783
-4.08407  6.28319  2.51327  0.0187333  0.223054
-2.82743  6.28319  2.51327  0.0360516  0.309211
-2.19911  6.28319  2.51327  0.0559394  0.384343
-1.5708  6.28319  2.51327  0.0995629  0.509467
-0.942478  6.28319  2.51327  0.230258  0.756795
-0.314159  6.28319  2.51327  1.00916  1.31608
0.314159  6.28319  2.51327  1.00911  -1.31607
0.942478  6.28319  2.51327  0.230253  -0.756787
1.5708  6.28319  2.51327  0.0995615  -0.509463
2.19911  6.28319  2.51327  0.0559388  -0.384341
2.82743  6.28319  2.51327  0.0360514  -0.30921
4.08407  6.28319  2.51327  0.0187332  -0.223053
7.22566  6.28319  2.51327  0.00658942  -0.132066
14.7655  6.28319  2.51327  0.00168994  -0.0666795
-16.6504  6.28319  3.14159  -9.17099e-09  0.0593344
-7.22566  6.28319  3.14159  -7.19608e-08  0.132398
-5.34071  6.28319  3.14159  -2.36192e-08  0.175548
-4.08407  6.28319  3.14159  -1.30948e-07  0.224633
-2.82743  6.28319  3.14159  -3.63864e-07  0.313376
-2.19911  6.28319  3.14159  -5.9038e-07  0.392327
-1.5708  6.28319  3.14159  -1.13675e-06  0.528309
-0.942478  6.28319  3.14159  -3.01586e-06  0.823572
-0.314159  6.28319  3.14159  -2.0954e-05  1.99515
0.314159  6.28319  3.14159  -1.92427e-05  -1.99507
0.942478  6.28319  3.14159  -2.69254e-06  -0.823561
1.5708  6.28319  3.14159  -1.0008e-06  -0.528305
2.19911  6.28319  3.14159  -5.06798e-07  -0.392325
2.82743  6.28319  3.14159  -2.9604e-07  -0.313375
4.08407  6.28319  3.14159  -1.32627e-07  -0.224632
7.22566  6.28319  3.14159  -4.71194e-08  -0.132398
14.7655  6.28319  3.14159  -8.98922e-09  -0.0667225
-16.6504  6.28319  3.76991  0.00133783  0.0593041
-7.22566  6.28319  3.76991  0.00658942  0.132066
-5.34071  6.28319  3.76991  0.0115151  0.174783
-4.08407  6.28319  3.76991  0.0187333  0.223054
-2.82743  6.28319  3.76991  0.0360516  0.309211
-2.19911  6.28319  3.76991  0.0559394  0.384343
-1.5708  6.28319  3.76991  0.0995629  0.509467
-0.942478  6.28319  3.76991  0.230258  0.756795
-0.314159  6.28319  3.76991  1.00916  1.31608
0.314159  6.28319  3.76991  1.00911  -1.31607
0.942478  6.28319  3.76991  0.230253  -0.756787
1.5708  6.28319  3.76991  0.0995615  -0.509463
2.19911  6.28319  3.76991  0.0559388  -0.384341
2.82743  6.28319  3.76991  0.0360514  -0.30921
4.08407  6.28319  3.76991  0.0187332  -0.223053
7.22566  6.28319  3.76991  0.00658942  -0.132066
14.7655  6.28319  3.76991  0.00168994  -0.0666795
-16.6504  6.28319  4.39823  0.00481049  0.0589414
-7.22566  6.28319  4.39823  0.0231423  0.128209
-5.34071  6.28319  4.39823  0.039591  0.166089
-4.08407  6.28319  4.39823  0.0625069  0.205619
-2.82743  6.28319  4.39823  0.112427  0.266055
-2.19911  6.28319  4.39823  0.162354  0.307251
-1.5708  6.28319  4.39823  0.250953  0.352352
-0.942478  6.28319  4.39823  0.416239  0.37127
-0.314159  6.28319  4.39823  0.670917  0.228166
0.314159  6.28319  4.39823  0.670912  -0.228172
0.942478  6.28319  4.39823  0.416235  -0.371271
1.5708  6.28319  4.39823  0.250951  -0.352352
2.19911  6.28319  4.39823  0.162352  -0.30725
2.82743  6.28319  4.39823  0.112426  -0.266054
4.08407  6.28319  4.39823  0.0625066  -0.205619
7.22566  6.28319  4.39823  0.0231422  -0.128209
14.7655  6.28319  4.39823  0.00606681  -0.0661656
-16.6504  6.28319  5.02655  0.00895913  0.0579486
-7.22566  6.28319  5.02655  0.0405242  0.118521
-5.34071  6.28319  5.02655  0.0658355  0.145778
-4.08407  6.28319  5.02655  0.0971715  0.168634
-2.82743  6.28319  5.02655  0.153173  0.19092
-2.19911  6.28319  5.02655  0.196914  0.195894
-1.5708  6.28319  5.02655  0.254707  0.18726
-0.942478  6.28319  5.02655  0.323448  0.149806
-0.314159  6.28319  5.02655  0.382059  0.0648823
0.314159  6.28319  5.02655  0.382058  -0.0648841
0.942478  6.28319  5.02655  0.323447  -0.149807
1.5708  6.28319  5.02655  0.254705  -0.18726
2.19911  6.28319  5.02655  0.196914  -0.195894
2.82743  6.28319  5.02655  0.153173  -0.19092
4.08407  6.28319  5.02655  0.0971712  -0.168634
7.22566  6.28319  5.02655  0.0405241  -0.118521
14.7655  6.28319  5.02655  0.0112495  -0.0647675
-16.6504  6.28319  5.65487  0.0121231  0.0567435
-7.22566  6.28319  5.65487  0.0511275  0.108214
-5.34071  6.28319  5.65487  0.0788292  0.1263
-4.08407  6.28319  5.65487  0.10948  0.137421
-2.82743  6.28319  5.65487  0.15616  0.140609
-2.19911  6.28319  5.65487  0.18688  0.134107
-1.5708  6.28319  5.65487  0.221461  0.11712
-0.942478  6.28319  5.65487  0.255555  0.0846511
-0.314159  6.28319  5.65487  0.27954  0.034067
0.314159  6.28319  5.65487  0.27954  -0.0340679
0.942478  6.28319  5.65487  0.255554  -0.0846516
1.5708  6.28319  5.65487  0.221461  -0.11712
2.19911  6.28319  5.65487  0.18688  -0.134107
2.82743  6.28319  5.65487  0.156159  -0.140609
4.08407  6.28319  5.65487  0.10948  -0.137421
7.22566  6.28319  5.65487  0.0511274  -0.108214
14.7655  6.28319  5.65487  0.015142  -0.0630868
-16.6504  6.28319  6.28319  0.0132739  0.0561983
-7.22566  6.28319  6.28319  0.0543192  0.103996
-5.34071  6.28319  6.28319  0.0820377  0.118888
-4.08407  6.28319  6.28319  0.111428  0.126491
-2.82743  6.28319  6.28319  0.153795  0.125182
-2.19911  6.28319  6.28319  0.180209  0.116847
-1.5708  6.28319  6.28319  0.208629  0.0996198
-0.942478  6.28319  6.28319  0.235335  0.07032
-0.314159  6.28319  6.28319  0.25345  0.0274382
0.314159  6.28319  6.28319  0.25345  -0.0274389
0.942478  6.28319  6.28319  0.235335  -0.0703204
1.5708  6.28319  6.28319  0.208628  -0.0996201
2.19911  6.28319  6.28319  0.180209  -0.116848
2.82743  6.28319  6.28319  0.153795  -0.125182
4.08407  6.28319  6.28319  0.111427  -0.126491
7.22566  6.28319  6.28319  0.0543191  -0.103995
14.7655  6.28319  6.28319  0.0165399  -0.0623321
