-16.6504  0  0  0.0191366  0.203436
-7.22566  0  0  0.0539728  0.329019
-5.34071  0  0  0.0680511  0.357317
-4.08407  0  0  0.0786473  0.367234
-2.82743  0  0  0.0889195  0.355834
-2.19911  0  0  0.0932715  0.33381
-1.5708  0  0  0.09669  0.292811
-0.942478  0  0  0.0989756  0.222939
-0.314159  0  0  0.100093  0.107795
0.314159  0  0  0.100093  -0.107805
0.942478  0  0  0.0989757  -0.222948
1.5708  0  0  0.0966902  -0.292819
2.19911  0  0  0.0932717  -0.333818
2.82743  0  0  0.0889198  -0.355841
4.08407  0  0  0.0786487  -0.36724
7.22566  0  0  0.0539721  -0.329029
14.7655  0  0  0.0229547  -0.222287
-16.6504  0  0.628319  0.0172357  0.203424
-7.22566  0  0.628319  0.0487179  0.328885
-5.34071  0  0.628319  0.0616336  0.357223
-4.08407  0  0.628319  0.0715516  0.367385
-2.82743  0  0.628319  0.0814825  0.35675
-2.19911  0  0.628319  0.085853  0.335405
-1.5708  0  0.628319  0.0893918  0.295104
-0.942478  0  0.628319  0.0918185  0.225334
-0.314159  0  0.628319  0.0930174  0.115059
0.314159  0  0.628319  0.0930174  -0.11507
0.942478  0  0.628319  0.0918186  -0.225344
1.5708  0  0.628319  0.0893919  -0.295113
2.19911  0  0.628319  0.0858532  -0.335413
2.82743  0  0.628319  0.0814828  -0.356757
4.08407  0  0.628319  0.0715529  -0.367392
7.22566  0  0.628319  0.0487171  -0.328895
14.7655  0  0.628319  0.0206742  -0.222267
-16.6504  0  1.25664  0.0123481  0.203378
-7.22566  0  1.25664  0.0351251  0.32849
-5.34071  0  1.25664  0.0448563  0.356905
-4.08407  0  1.25664  0.052742  0.367668
-2.82743  0  1.25664  0.0613735  0.359083
-2.19911  0  1.25664  0.0656182  0.339857
-1.5708  0  1.25664  0.0694273  0.302686
-0.942478  0  1.25664  0.0723521  0.236277
-0.314159  0  1.25664  0.0739422  0.117607
0.314159  0  1.25664  0.073942  -0.11762
0.942478  0  1.25664  0.072352  -0.236289
1.5708  0  1.25664  0.0694273  -0.302697
2.19911  0  1.25664  0.0656182  -0.339867
2.82743  0  1.25664  0.0613735  -0.359092
4.08407  0  1.25664  0.0527429  -0.367676
7.22566  0  1.25664  0.0351242  -0.328501
14.7655  0  1.25664  0.0148116  -0.222199
-16.6504  0  1.88496  0.00644699  0.203304
-7.22566  0  1.88496  0.0184912  0.32795
-5.34071  0  1.88496  0.0239011  0.3564
-4.08407  0  1.88496  0.0285825  0.367793
-2.82743  0  1.88496  0.0342952  0.361579
-2.19911  0  1.88496  0.0375197  0.344982
-1.5708  0  1.88496  0.0408547  0.311909
-0.942478  0  1.88496  0.0439353  0.250652
-0.314159  0  1.88496  0.0459176  0.139716
0.314159  0  1.88496  0.0459173  -0.139733
0.942478  0  1.88496  0.043935  -0.250666
1.5708  0  1.88496  0.0408544  -0.311923
2.19911  0  1.88496  0.0375195  -0.344994
2.82743  0  1.88496  0.0342949  -0.361591
4.08407  0  1.88496  0.0285829  -0.367804
7.22566  0  1.88496  0.0184901  -0.327964
14.7655  0  1.88496  0.00773323  -0.222093
-16.6504  0  2.51327  0.00176685  0.203231
-7.22566  0  2.51327  0.00509852  0.327476
-5.34071  0  2.51327  0.00665248  0.355897
-4.08407  0  2.51327  0.00807047  0.36767
-2.82743  0  2.51327  0.00994986  0.363098
-2.19911  0  2.51327  0.0111224  0.348582
-1.5708  0  2.51327  0.0124707  0.319593
-0.942478  0  2.51327  0.0139733  0.266557
-0.314159  0  2.51327  0.0150279  0.163717
0.314159  0  2.51327  0.0150272  -0.163736
0.942478  0  2.51327  0.0139728  -0.266573
1.5708  0  2.51327  0.0124703  -0.319608
2.19911  0  2.51327  0.0111219  -0.348596
2.82743  0  2.51327  0.00994925  -0.363111
4.08407  0  2.51327  0.0080706  -0.367682
7.22566  0  2.51327  0.00509717  -0.327491
14.7655  0  2.51327  0.00211863  -0.221992
-16.6504  0  3.14159  2.60848e-06  0.2032
-7.22566  0  3.14159  4.11698e-06  0.327285
-5.34071  0  3.14159  7.87408e-07  0.355678
-4.08407  0  3.14159  2.61525e-06  0.367558
-2.82743  0  3.14159  3.73032e-06  0.363491
-2.19911  0  3.14159  3.86468e-06  0.34961
-1.5708  0  3.14159  4.10701e-06  0.321802
-0.942478  0  3.14159  4.48804e-06  0.271395
-0.314159  0  3.14159  5.31566e-06  0.1861
0.314159  0  3.14159  4.88162e-06  -0.18612
0.942478  0  3.14159  4.0006e-06  -0.271412
1.5708  0  3.14159  3.60762e-06  -0.321817
2.19911  0  3.14159  3.30868e-06  -0.349624
2.82743  0  3.14159  3.02637e-06  -0.363506
4.08407  0  3.14159  2.63464e-06  -0.367571
7.22566  0  3.14159  2.68689e-06  -0.327302
14.7655  0  3.14159  2.01482e-06  -0.221951
-16.6504  0  3.76991  0.00176685  0.203231
-7.22566  0  3.76991  0.00509852  0.327476
-5.34071  0  3.76991  0.00665248  0.355897
-4.08407  0  3.76991  0.00807047  0.36767
-2.82743  0  3.76991  0.00994986  0.363098
-2.19911  0  3.76991  0.0111224  0.348582
-1.5708  0  3.76991  0.0124707  0.319593
-0.942478  0  3.76991  0.0139733  0.266557
-0.314159  0  3.76991  0.0150279  0.163717
0.314159  0  3.76991  0.0150272  -0.163736
0.942478  0  3.76991  0.0139728  -0.266573
1.5708  0  3.76991  0.0124703  -0.319608
2.19911  0  3.76991  0.0111219  -0.348596
2.82743  0  3.76991  0.00994925  -0.363111
4.08407  0  3.76991  0.0080706  -0.367682
7.22566  0  3.76991  0.00509717  -0.327491
14.7655  0  3.76991  0.00211863  -0.221992
-16.6504  0  4.39823  0.00644699  0.203304
-7.22566  0  4.39823  0.0184912  0.32795
-5.34071  0  4.39823  0.0239011  0.3564
-4.08407  0  4.39823  0.0285825  0.367793
-2.82743  0  4.39823  0.0342952  0.361579
-2.19911  0  4.39823  0.0375197  0.344982
-1.5708  0  4.39823  0.0408547  0.311909
-0.942478  0  4.39823  0.0439353  0.250652
-0.314159  0  4.39823  0.0459176  0.139716
0.314159  0  4.39823  0.0459173  -0.139733
0.942478  0  4.39823  0.043935  -0.250666
1.5708  0  4.39823  0.0408544  -0.311923
2.19911  0  4.39823  0.0375195  -0.344994
2.82743  0  4.39823  0.0342949  -0.361591
4.08407  0  4.39823  0.0285829  -0.367804
7.22566  0  4.39823  0.0184901  -0.327964
14.7655  0  4.39823  0.00773323  -0.222093
-16.6504  0  5.02655  0.0123481  0.203378
-7.22566  0  5.02655  0.0351251  0.32849
-5.34071  0  5.02655  0.0448563  0.356905
-4.08407  0  5.02655  0.052742  0.367668
-2.82743  0  5.02655  0.0613735  0.359083
-2.19911  0  5.02655  0.0656182  0.339857
-1.5708  0  5.02655  0.0694273  0.302686
-0.942478  0  5.02655  0.0723521  0.236277
-0.314159  0  5.02655  0.0739422  0.117607
0.314159  0  5.02655  0.073942  -0.11762
0.942478  0  5.02655  0.072352  -0.236289
1.5708  0  5.02655  0.0694273  -0.302697
2.19911  0  5.02655  0.0656182  -0.339867
2.82743  0  5.02655  0.0613735  -0.359092
4.08407  0  5.02655  0.0527429  -0.367676
7.22566  0  5.02655  0.0351242  -0.328501
14.7655  0  5.02655  0.0148116  -0.222199
-16.6504  0  5.65487  0.0172357  0.203424
-7.22566  0  5.65487  0.0487179  0.328885
-5.34071  0  5.65487  0.0616336  0.357223
-4.08407  0  5.65487  0.0715516  0.367385
-2.82743  0  5.65487  0.0814825  0.35675
-2.19911  0  5.65487  0.085853  0.335405
-1.5708  0  5.65487  0.0893918  0.295104
-0.942478  0  5.65487  0.0918185  0.225334
-0.314159  0  5.65487  0.0930174  0.115059
0.314159  0  5.65487  0.0930174  -0.11507
0.942478  0  5.65487  0.0918186  -0.225344
1.5708  0  5.65487  0.0893919  -0.295113
2.19911  0  5.65487  0.0858532  -0.335413
2.82743  0  5.65487  0.0814828  -0.356757
4.08407  0  5.65487  0.0715529  -0.367392
7.22566  0  5.65487  0.0487171  -0.328895
14.7655  0  5.65487  0.0206742  -0.222267
-16.6504  0  6.28319  0.0191366  0.203436
-7.22566  0  6.28319  0.0539728  0.329019
-5.34071  0  6.28319  0.0680511  0.357317
-4.08407  0  6.28319  0.0786473  0.367234
-2.82743  0  6.28319  0.0889195  0.355834
-2.19911  0  6.28319  0.0932715  0.33381
-1.5708  0  6.28319  0.09669  0.292811
-0.942478  0  6.28319  0.0989756  0.222939
-0.314159  0  6.28319  0.100093  0.107795
0.314159  0  6.28319  0.100093  -0.107805
0.942478  0  6.28319  0.0989757  -0.222948
1.5708  0  6.28319  0.0966902  -0.292819
2.19911  0  6.28319  0.0932717  -0.333818
2.82743  0  6.28319  0.0889198  -0.355841
4.08407  0  6.28319  0.0786487  -0.36724
7.22566  0  6.28319  0.0539721  -0.329029
14.7655  0  6.28319  0.0229547  -0.222287
-16.6504  0.628319  0  0.0172357  0.203424
-7.22566  0.628319  0  0.0487179  0.328885
-5.34071  0.628319  0  0.0616336  0.357223
-4.08407  0.628319  0  0.0715516  0.367385
-2.82743  0.628319  0  0.0814825  0.35675
-2.19911  0.628319  0  0.085853  0.335405
-1.5708  0.628319  0  0.0893918  0.295104
-0.942478  0.628319  0  0.0918185  0.225334
-0.314159  0.628319  0  0.0930174  0.115059
0.314159  0.628319  0  0.0930174  -0.11507
0.942478  0.628319  0  0.0918186  -0.225344
1.5708  0.628319  0  0.0893919  -0.295113
2.19911  0.628319  0  0.0858532  -0.335413
2.82743  0.628319  0  0.0814828  -0.356757
4.08407  0.628319  0  0.0715529  -0.367392
7.22566  0.628319  0  0.0487171  -0.328895
14.7655  0.628319  0  0.0206742  -0.222267
-16.6504  0.628319  0.628319  0.0153777  0.203415
-7.22566  0.628319  0.628319  0.0435607  0.328774
-5.34071  0.628319  0.628319  0.0552793  0.357132
-4.08407  0.628319  0.628319  0.064445  0.367474
-2.82743  0.628319  0.628319  0.0739173  0.357486
-2.19911  0.628319  0.628319  0.078256  0.336866
-1.5708  0.628319  0.628319  0.0818938  0.29779
-0.942478  0.628319  0.628319  0.0844724  0.229646
-0.314159  0.628319  0.628319  0.0857726  0.112643
0.314159  0.628319  0.628319  0.0857725  -0.112655
0.942478  0.628319  0.628319  0.0844724  -0.229657
1.5708  0.628319  0.628319  0.0818939  -0.2978
2.19911  0.628319  0.628319  0.0782561  -0.336875
2.82743  0.628319  0.628319  0.0739175  -0.357494
4.08407  0.628319  0.628319  0.0644462  -0.367481
7.22566  0.628319  0.628319  0.0435599  -0.328784
14.7655  0.628319  0.628319  0.0184458  -0.222253
-16.6504  0.628319  1.25664  0.0105475  0.20338
-7.22566  0.628319  1.25664  0.0300389  0.328447
-5.34071  0.628319  1.25664  0.0384216  0.356836
-4.08407  0.628319  1.25664  0.0452854  0.367607
-2.82743  0.628319  1.25664  0.0529582  0.359174
-2.19911  0.628319  1.25664  0.0568487  0.340199
-1.5708  0.628319  1.25664  0.0604545  0.303515
-0.942478  0.628319  1.25664  0.0633378  0.23805
-0.314159  0.628319  1.25664  0.0649762  0.127696
0.314159  0.628319  1.25664  0.064976  -0.127711
0.942478  0.628319  1.25664  0.0633377  -0.238063
1.5708  0.628319  1.25664  0.0604544  -0.303527
2.19911  0.628319  1.25664  0.0568486  -0.34021
2.82743  0.628319  1.25664  0.0529581  -0.359184
4.08407  0.628319  1.25664  0.0452862  -0.367616
7.22566  0.628319  1.25664  0.030038  -0.328459
14.7655  0.628319  1.25664  0.0126521  -0.222201
-16.6504  0.628319  1.88496  0.00467415  0.203319
-7.22566  0.628319  1.88496  0.0133978  0.328007
-5.34071  0.628319  1.88496  0.0173018  0.356421
-4.08407  0.628319  1.88496  0.0206733  0.367686
-2.82743  0.628319  1.88496  0.0247888  0.361115
-2.19911  0.628319  1.88496  0.0271244  0.344261
-1.5708  0.628319  1.88496  0.0295628  0.311209
-0.942478  0.628319  1.88496  0.0318421  0.251452
-0.314159  0.628319  1.88496  0.0333565  0.140278
0.314159  0.628319  1.88496  0.0333561  -0.140295
0.942478  0.628319  1.88496  0.0318417  -0.251467
1.5708  0.628319  1.88496  0.0295625  -0.311223
2.19911  0.628319  1.88496  0.0271241  -0.344274
2.82743  0.628319  1.88496  0.0247884  -0.361127
4.08407  0.628319  1.88496  0.0206736  -0.367698
7.22566  0.628319  1.88496  0.0133965  -0.328021
14.7655  0.628319  1.88496  0.00560644  -0.222114
-16.6504  0.628319  2.51327  2.60795e-06  0.203256
-7.22566  0.628319  2.51327  4.15219e-06  0.327628
-5.34071  0.628319  2.51327  8.2701e-07  0.35605
-4.08407  0.628319  2.51327  2.63434e-06  0.367688
-2.82743  0.628319  2.51327  3.7591e-06  0.362553
-2.19911  0.628319  2.51327  3.89917e-06  0.347318
-1.5708  0.628319  2.51327  4.14069e-06  0.316885
-0.942478  0.628319  2.51327  4.49358e-06  0.26108
-0.314159  0.628319  2.51327  5.13385e-06  0.163151
0.314159  0.628319  2.51327  4.72727e-06  -0.163171
0.942478  0.628319  2.51327  4.01842e-06  -0.261097
1.5708  0.628319  2.51327  3.64445e-06  -0.316901
2.19911  0.628319  2.51327  3.34896e-06  -0.347333
2.82743  0.628319  2.51327  3.07617e-06  -0.362567
4.08407  0.628319  2.51327  2.63735e-06  -0.367701
7.22566  0.628319  2.51327  2.68527e-06  -0.327644
14.7655  0.628319  2.51327  2.02158e-06  -0.222029
-16.6504  0.628319  3.14159  -0.00176163  0.203229
-7.22566  0.628319  3.14159  -0.00509025  0.327475
-5.34071  0.628319  3.14159  -0.00665085  0.355896
-4.08407  0.628319  3.14159  -0.00806522  0.367669
-2.82743  0.628319  3.14159  -0.00994235  0.363097
-2.19911  0.628319  3.14159  -0.0111146  0.348581
-1.5708  0.628319  3.14159  -0.0124624  0.319592
-0.942478  0.628319  3.14159  -0.0139641  0.266556
-0.314159  0.628319  3.14159  -0.0150173  0.163717
0.314159  0.628319  3.14159  -0.015018  -0.163737
0.942478  0.628319  3.14159  -0.0139648  -0.266574
1.5708  0.628319  3.14159  -0.012463  -0.319609
2.19911  0.628319  3.14159  -0.0111152  -0.348597
2.82743  0.628319  3.14159  -0.00994315  -0.363112
4.08407  0.628319  3.14159  -0.00806533  -0.367683
7.22566  0.628319  3.14159  -0.00509179  -0.327492
14.7655  0.628319  3.14159  -0.0021146  -0.221993
-16.6504  0.628319  3.76991  2.60795e-06  0.203256
-7.22566  0.628319  3.76991  4.15219e-06  0.327628
-5.34071  0.628319  3.76991  8.2701e-07  0.35605
-4.08407  0.628319  3.76991  2.63434e-06  0.367688
-2.82743  0.628319  3.76991  3.7591e-06  0.362553
-2.19911  0.628319  3.76991  3.89917e-06  0.347318
-1.5708  0.628319  3.76991  4.14069e-06  0.316885
-0.942478  0.628319  3.76991  4.49358e-06  0.26108
-0.314159  0.628319  3.76991  5.13385e-06  0.163151
0.314159  0.628319  3.76991  4.72727e-06  -0.163171
0.942478  0.628319  3.76991  4.01842e-06  -0.261097
1.5708  0.628319  3.76991  3.64445e-06  -0.316901
2.19911  0.628319  3.76991  3.34896e-06  -0.347333
2.82743  0.628319  3.76991  3.07617e-06  -0.362567
4.08407  0.628319  3.76991  2.63735e-06  -0.367701
7.22566  0.628319  3.76991  2.68527e-06  -0.327644
14.7655  0.628319  3.76991  2.02158e-06  -0.222029
-16.6504  0.628319  4.39823  0.00467415  0.203319
-7.22566  0.628319  4.39823  0.0133978  0.328007
-5.34071  0.628319  4.39823  0.0173018  0.356421
-4.08407  0.628319  4.39823  0.0206733  0.367686
-2.82743  0.628319  4.39823  0.0247888  0.361115
-2.19911  0.628319  4.39823  0.0271244  0.344261
-1.5708  0.628319  4.39823  0.0295628  0.311209
-0.942478  0.628319  4.39823  0.0318421  0.251452
-0.314159  0.628319  4.39823  0.0333565  0.140278
0.314159  0.628319  4.39823  0.0333561  -0.140295
0.942478  0.628319  4.39823  0.0318417  -0.251467
1.5708  0.628319  4.39823  0.0295625  -0.311223
2.19911  0.628319  4.39823  0.0271241  -0.344274
2.82743  0.628319  4.39823  0.0247884  -0.361127
4.08407  0.628319  4.39823  0.0206736  -0.367698
7.22566  0.628319  4.39823  0.0133965  -0.328021
14.7655  0.628319  4.39823  0.00560644  -0.222114
-16.6504  0.628319  5.02655  0.0105475  0.20338
-7.22566  0.628319  5.02655  0.0300389  0.328447
-5.34071  0.628319  5.02655  0.0384216  0.356836
-4.08407  0.628319  5.02655  0.0452854  0.367607
-2.82743  0.628319  5.02655  0.0529582  0.359174
-2.19911  0.628319  5.02655  0.0568487  0.340199
-1.5708  0.628319  5.02655  0.0604545  0.303515
-0.942478  0.628319  5.02655  0.0633378  0.23805
-0.314159  0.628319  5.02655  0.0649762  0.127696
0.314159  0.628319  5.02655  0.064976  -0.127711
0.942478  0.628319  5.02655  0.0633377  -0.238063
1.5708  0.628319  5.02655  0.0604544  -0.303527
2.19911  0.628319  5.02655  0.0568486  -0.34021
2.82743  0.628319  5.02655  0.0529581  -0.359184
4.08407  0.628319  5.02655  0.0452862  -0.367616
7.22566  0.628319  5.02655  0.030038  -0.328459
14.7655  0.628319  5.02655  0.0126521  -0.222201
-16.6504  0.628319  5.65487  0.0153777  0.203415
-7.22566  0.628319  5.65487  0.0435607  0.328774
-5.34071  0.628319  5.65487  0.0552793  0.357132
-4.08407  0.628319  5.65487  0.064445  0.367474
-2.82743  0.628319  5.65487  0.0739173  0.357486
-2.19911  0.628319  5.65487  0.078256  0.336866
-1.5708  0.628319  5.65487  0.0818938  0.29779
-0.942478  0.628319  5.65487  0.0844724  0.229646
-0.314159  0.628319  5.65487  0.0857726  0.112643
0.314159  0.628319  5.65487  0.0857725  -0.112655
0.942478  0.628319  5.65487  0.0844724  -0.229657
1.5708  0.628319  5.65487  0.0818939  -0.2978
2.19911  0.628319  5.65487  0.0782561  -0.336875
2.82743  0.628319  5.65487  0.0739175  -0.357494
4.08407  0.628319  5.65487  0.0644462  -0.367481
7.22566  0.628319  5.65487  0.0435599  -0.328784
14.7655  0.628319  5.65487  0.0184458  -0.222253
-16.6504  0.628319  6.28319  0.0172357  0.203424
-7.22566  0.628319  6.28319  0.0487179  0.328885
-5.34071  0.628319  6.28319  0.0616336  0.357223
-4.08407  0.628319  6.28319  0.0715516  0.367385
-2.82743  0.628319  6.28319  0.0814825  0.35675
-2.19911  0.628319  6.28319  0.085853  0.335405
-1.5708  0.628319  6.28319  0.0893918  0.295104
-0.942478  0.628319  6.28319  0.0918185  0.225334
-0.314159  0.628319  6.28319  0.0930174  0.115059
0.314159  0.628319  6.28319  0.0930174  -0.11507
0.942478  0.628319  6.28319  0.0918186  -0.225344
1.5708  0.628319  6.28319  0.0893919  -0.295113
2.19911  0.628319  6.28319  0.0858532  -0.335413
2.82743  0.628319  6.28319  0.0814828  -0.356757
4.08407  0.628319  6.28319  0.0715529  -0.367392
7.22566  0.628319  6.28319  0.0487171  -0.328895
14.7655  0.628319  6.28319  0.0206742  -0.222267
-16.6504  1.25664  0  0.0123481  0.203378
-7.22566  1.25664  0  0.0351251  0.32849
-5.34071  1.25664  0  0.0448563  0.356905
-4.08407  1.25664  0  0.052742  0.367668
-2.82743  1.25664  0  0.0613735  0.359083
-2.19911  1.25664  0  0.0656182  0.339857
-1.5708  1.25664  0  0.0694273  0.302686
-0.942478  1.25664  0  0.0723521  0.236277
-0.314159  1.25664  0  0.0739422  0.117607
0.314159  1.25664  0  0.073942  -0.11762
0.942478  1.25664  0  0.072352  -0.236289
1.5708  1.25664  0  0.0694273  -0.302697
2.19911  1.25664  0  0.0656182  -0.339867
2.82743  1.25664  0  0.0613735  -0.359092
4.08407  1.25664  0  0.0527429  -0.367676
7.22566  1.25664  0  0.0351242  -0.328501
14.7655  1.25664  0  0.0148116  -0.222199
-16.6504  1.25664  0.628319  0.0105475  0.20338
-7.22566  1.25664  0.628319  0.0300389  0.328447
-5.34071  1.25664  0.628319  0.0384216  0.356836
-4.08407  1.25664  0.628319  0.0452854  0.367607
-2.82743  1.25664  0.628319  0.0529582  0.359174
-2.19911  1.25664  0.628319  0.0568487  0.340199
-1.5708  1.25664  0.628319  0.0604545  0.303515
-0.942478  1.25664  0.628319  0.0633378  0.23805
-0.314159  1.25664  0.628319  0.0649762  0.127696
0.314159  1.25664  0.628319  0.064976  -0.127711
0.942478  1.25664  0.628319  0.0633377  -0.238063
1.5708  1.25664  0.628319  0.0604544  -0.303527
2.19911  1.25664  0.628319  0.0568486  -0.34021
2.82743  1.25664  0.628319  0.0529581  -0.359184
4.08407  1.25664  0.628319  0.0452862  -0.367616
7.22566  1.25664  0.628319  0.030038  -0.328459
14.7655  1.25664  0.628319  0.0126521  -0.222201
-16.6504  1.25664  1.25664  0.00582258  0.203374
-7.22566  1.25664  1.25664  0.0166236  0.328318
-5.34071  1.25664  1.25664  0.0213378  0.356662
-4.08407  1.25664  1.25664  0.0252877  0.367488
-2.82743  1.25664  1.25664  0.0299034  0.359495
-2.19911  1.25664  1.25664  0.0323994  0.341253
-1.5708  1.25664  1.25664  0.0348814  0.306322
-0.942478  1.25664  1.25664  0.0370359  0.244799
-0.314159  1.25664  1.25664  0.038357  0.134927
0.314159  1.25664  1.25664  0.0383567  -0.134944
0.942478  1.25664  1.25664  0.0370356  -0.244814
1.5708  1.25664  1.25664  0.0348812  -0.306335
2.19911  1.25664  1.25664  0.0323992  -0.341266
2.82743  1.25664  1.25664  0.0299031  -0.359507
4.08407  1.25664  1.25664  0.0252881  -0.367499
7.22566  1.25664  1.25664  0.0166223  -0.328332
14.7655  1.25664  1.25664  0.00698429  -0.222192
-16.6504  1.25664  1.88496  2.6049e-06  0.203348
-7.22566  1.25664  1.88496  4.21502e-06  0.328146
-5.34071  1.25664  1.88496  8.86566e-07  0.356494
-4.08407  1.25664  1.88496  2.6393e-06  0.367489
-2.82743  1.25664  1.88496  3.75586e-06  0.360095
-2.19911  1.25664  1.88496  3.87949e-06  0.342452
-1.5708  1.25664  1.88496  4.08311e-06  0.308381
-0.942478  1.25664  1.88496  4.37331e-06  0.248447
-0.314159  1.25664  1.88496  4.9623e-06  0.151624
0.314159  1.25664  1.88496  4.68505e-06  -0.151643
0.942478  1.25664  1.88496  4.02428e-06  -0.248464
1.5708  1.25664  1.88496  3.68102e-06  -0.308397
2.19911  1.25664  1.88496  3.40122e-06  -0.342467
2.82743  1.25664  1.88496  3.15553e-06  -0.36011
4.08407  1.25664  1.88496  2.65634e-06  -0.367502
7.22566  1.25664  1.88496  2.68614e-06  -0.328162
14.7655  1.25664  1.88496  2.02685e-06  -0.222158
-16.6504  1.25664  2.51327  -0.00466894  0.203314
-7.22566  1.25664  2.51327  -0.0133894  0.328005
-5.34071  1.25664  2.51327  -0.0173001  0.356419
-4.08407  1.25664  2.51327  -0.020668  0.367685
-2.82743  1.25664  2.51327  -0.0247812  0.361113
-2.19911  1.25664  2.51327  -0.0271166  0.344259
-1.5708  1.25664  2.51327  -0.0295545  0.311207
-0.942478  1.25664  2.51327  -0.0318331  0.25145
-0.314159  1.25664  2.51327  -0.0333465  0.140276
0.314159  1.25664  2.51327  -0.033347  -0.140297
0.942478  1.25664  2.51327  -0.0318336  -0.251469
1.5708  1.25664  2.51327  -0.0295551  -0.311225
2.19911  1.25664  2.51327  -0.0271173  -0.344276
2.82743  1.25664  2.51327  -0.0247821  -0.361129
4.08407  1.25664  2.51327  -0.0206683  -0.3677
7.22566  1.25664  2.51327  -0.0133912  -0.328024
14.7655  1.25664  2.51327  -0.0056024  -0.222115
-16.6504  1.25664  3.14159  -0.00644178  0.203297
-7.22566  1.25664  3.14159  -0.0184829  0.327948
-5.34071  1.25664  3.14159  -0.0238994  0.356398
-4.08407  1.25664  3.14159  -0.0285772  0.367791
-2.82743  1.25664  3.14159  -0.0342877  0.361576
-2.19911  1.25664  3.14159  -0.0375119  0.344979
-1.5708  1.25664  3.14159  -0.0408464  0.311907
-0.942478  1.25664  3.14159  -0.0439263  0.250649
-0.314159  1.25664  3.14159  -0.0459077  0.139714
0.314159  1.25664  3.14159  -0.0459081  -0.139736
0.942478  1.25664  3.14159  -0.0439269  -0.250669
1.5708  1.25664  3.14159  -0.0408471  -0.311925
2.19911  1.25664  3.14159  -0.0375127  -0.344997
2.82743  1.25664  3.14159  -0.0342886  -0.361594
4.08407  1.25664  3.14159  -0.0285776  -0.367807
7.22566  1.25664  3.14159  -0.0184847  -0.327967
14.7655  1.25664  3.14159  -0.00772919  -0.222095
-16.6504  1.25664  3.76991  -0.00466894  0.203314
-7.22566  1.25664  3.76991  -0.0133894  0.328005
-5.34071  1.25664  3.76991  -0.0173001  0.356419
-4.08407  1.25664  3.76991  -0.020668  0.367685
-2.82743  1.25664  3.76991  -0.0247812  0.361113
-2.19911  1.25664  3.76991  -0.0271166  0.344259
-1.5708  1.25664  3.76991  -0.0295545  0.311207
-0.942478  1.25664  3.76991  -0.0318331  0.25145
-0.314159  1.25664  3.76991  -0.0333465  0.140276
0.314159  1.25664  3.76991  -0.033347  -0.140297
0.942478  1.25664  3.76991  -0.0318336  -0.251469
1.5708  1.25664  3.76991  -0.0295551  -0.311225
2.19911  1.25664  3.76991  -0.0271173  -0.344276
2.82743  1.25664  3.76991  -0.0247821  -0.361129
4.08407  1.25664  3.76991  -0.0206683  -0.3677
7.22566  1.25664  3.76991  -0.0133912  -0.328024
14.7655  1.25664  3.76991  -0.0056024  -0.222115
-16.6504  1.25664  4.39823  2.6049e-06  0.203348
-7.22566  1.25664  4.39823  4.21502e-06  0.328146
-5.34071  1.25664  4.39823  8.86566e-07  0.356494
-4.08407  1.25664  4.39823  2.6393e-06  0.367489
-2.82743  1.25664  4.39823  3.75586e-06  0.360095
-2.19911  1.25664  4.39823  3.87949e-06  0.342452
-1.5708  1.25664  4.39823  4.08311e-06  0.308381
-0.942478  1.25664  4.39823  4.37331e-06  0.248447
-0.314159  1.25664  4.39823  4.9623e-06  0.151624
0.314159  1.25664  4.39823  4.68505e-06  -0.151643
0.942478  1.25664  4.39823  4.02428e-06  -0.248464
1.5708  1.25664  4.39823  3.68102e-06  -0.308397
2.19911  1.25664  4.39823  3.40122e-06  -0.342467
2.82743  1.25664  4.39823  3.15553e-06  -0.36011
4.08407  1.25664  4.39823  2.65634e-06  -0.367502
7.22566  1.25664  4.39823  2.68614e-06  -0.328162
14.7655  1.25664  4.39823  2.02685e-06  -0.222158
-16.6504  1.25664  5.02655  0.00582258  0.203374
-7.22566  1.25664  5.02655  0.0166236  0.328318
-5.34071  1.25664  5.02655  0.0213378  0.356662
-4.08407  1.25664  5.02655  0.0252877  0.367488
-2.82743  1.25664  5.02655  0.0299034  0.359495
-2.19911  1.25664  5.02655  0.0323994  0.341253
-1.5708  1.25664  5.02655  0.0348814  0.306322
-0.942478  1.25664  5.02655  0.0370359  0.244799
-0.314159  1.25664  5.02655  0.038357  0.134927
0.314159  1.25664  5.02655  0.0383567  -0.134944
0.942478  1.25664  5.02655  0.0370356  -0.244814
1.5708  1.25664  5.02655  0.0348812  -0.306335
2.19911  1.25664  5.02655  0.0323992  -0.341266
2.82743  1.25664  5.02655  0.0299031  -0.359507
4.08407  1.25664  5.02655  0.0252881  -0.367499
7.22566  1.25664  5.02655  0.0166223  -0.328332
14.7655  1.25664  5.02655  0.00698429  -0.222192
-16.6504  1.25664  5.65487  0.0105475  0.20338
-7.22566  1.25664  5.65487  0.0300389  0.328447
-5.34071  1.25664  5.65487  0.0384216  0.356836
-4.08407  1.25664  5.65487  0.0452854  0.367607
-2.82743  1.25664  5.65487  0.0529582  0.359174
-2.19911  1.25664  5.65487  0.0568487  0.340199
-1.5708  1.25664  5.65487  0.0604545  0.303515
-0.942478  1.25664  5.65487  0.0633378  0.23805
-0.314159  1.25664  5.65487  0.0649762  0.127696
0.314159  1.25664  5.65487  0.064976  -0.127711
0.942478  1.25664  5.65487  0.0633377  -0.238063
1.5708  1.25664  5.65487  0.0604544  -0.303527
2.19911  1.25664  5.65487  0.0568486  -0.34021
2.82743  1.25664  5.65487  0.0529581  -0.359184
4.08407  1.25664  5.65487  0.0452862  -0.367616
7.22566  1.25664  5.65487  0.030038  -0.328459
14.7655  1.25664  5.65487  0.0126521  -0.222201
-16.6504  1.25664  6.28319  0.0123481  0.203378
-7.22566  1.25664  6.28319  0.0351251  0.32849
-5.34071  1.25664  6.28319  0.0448563  0.356905
-4.08407  1.25664  6.28319  0.052742  0.367668
-2.82743  1.25664  6.28319  0.0613735  0.359083
-2.19911  1.25664  6.28319  0.0656182  0.339857
-1.5708  1.25664  6.28319  0.0694273  0.302686
-0.942478  1.25664  6.28319  0.0723521  0.236277
-0.314159  1.25664  6.28319  0.0739422  0.117607
0.314159  1.25664  6.28319  0.073942  -0.11762
0.942478  1.25664  6.28319  0.072352  -0.236289
1.5708  1.25664  6.28319  0.0694273  -0.302697
2.19911  1.25664  6.28319  0.0656182  -0.339867
2.82743  1.25664  6.28319  0.0613735  -0.359092
4.08407  1.25664  6.28319  0.0527429  -0.367676
7.22566  1.25664  6.28319  0.0351242  -0.328501
14.7655  1.25664  6.28319  0.0148116  -0.222199
-16.6504  1.88496  0  0.00644699  0.203304
-7.22566  1.88496  0  0.0184912  0.32795
-5.34071  1.88496  0  0.0239011  0.3564
-4.08407  1.88496  0  0.0285825  0.367793
-2.82743  1.88496  0  0.0342952  0.361579
-2.19911  1.88496  0  0.0375197  0.344982
-1.5708  1.88496  0  0.0408547  0.311909
-0.942478  1.88496  0  0.0439353  0.250652
-0.314159  1.88496  0  0.0459176  0.139716
0.314159  1.88496  0  0.0459173  -0.139733
0.942478  1.88496  0  0.043935  -0.250666
1.5708  1.88496  0  0.0408544  -0.311923
2.19911  1.88496  0  0.0375195  -0.344994
2.82743  1.88496  0  0.0342949  -0.361591
4.08407  1.88496  0  0.0285829  -0.367804
7.22566  1.88496  0  0.0184901  -0.327964
14.7655  1.88496  0  0.00773323  -0.222093
-16.6504  1.88496  0.628319  0.00467415  0.203319
-7.22566  1.88496  0.628319  0.0133978  0.328007
-5.34071  1.88496  0.628319  0.0173018  0.356421
-4.08407  1.88496  0.628319  0.0206733  0.367686
-2.82743  1.88496  0.628319  0.0247888  0.361115
-2.19911  1.88496  0.628319  0.0271244  0.344261
-1.5708  1.88496  0.628319  0.0295628  0.311209
-0.942478  1.88496  0.628319  0.0318421  0.251452
-0.314159  1.88496  0.628319  0.0333565  0.140278
0.314159  1.88496  0.628319  0.0333561  -0.140295
0.942478  1.88496  0.628319  0.0318417  -0.251467
1.5708  1.88496  0.628319  0.0295625  -0.311223
2.19911  1.88496  0.628319  0.0271241  -0.344274
2.82743  1.88496  0.628319  0.0247884  -0.361127
4.08407  1.88496  0.628319  0.0206736  -0.367698
7.22566  1.88496  0.628319  0.0133965  -0.328021
14.7655  1.88496  0.628319  0.00560644  -0.222114
-16.6504  1.88496  1.25664  2.6049e-06  0.203348
-7.22566  1.88496  1.25664  4.21502e-06  0.328146
-5.34071  1.88496  1.25664  8.86566e-07  0.356494
-4.08407  1.88496  1.25664  2.6393e-06  0.367489
-2.82743  1.88496  1.25664  3.75586e-06  0.360095
-2.19911  1.88496  1.25664  3.87949e-06  0.342452
-1.5708  1.88496  1.25664  4.08311e-06  0.308381
-0.942478  1.88496  1.25664  4.37331e-06  0.248447
-0.314159  1.88496  1.25664  4.9623e-06  0.151624
0.314159  1.88496  1.25664  4.68505e-06  -0.151643
0.942478  1.88496  1.25664  4.02428e-06  -0.248464
1.5708  1.88496  1.25664  3.68102e-06  -0.308397
2.19911  1.88496  1.25664  3.40122e-06  -0.342467
2.82743  1.88496  1.25664  3.15553e-06  -0.36011
4.08407  1.88496  1.25664  2.65634e-06  -0.367502
7.22566  1.88496  1.25664  2.68614e-06  -0.328162
14.7655  1.88496  1.25664  2.02685e-06  -0.222158
-16.6504  1.88496  1.88496  -0.00581738  0.203368
-7.22566  1.88496  1.88496  -0.0166151  0.328317
-5.34071  1.88496  1.88496  -0.021336  0.35666
-4.08407  1.88496  1.88496  -0.0252824  0.367486
-2.82743  1.88496  1.88496  -0.0298959  0.359493
-2.19911  1.88496  1.88496  -0.0323916  0.341251
-1.5708  1.88496  1.88496  -0.0348732  0.30632
-0.942478  1.88496  1.88496  -0.037027  0.244797
-0.314159  1.88496  1.88496  -0.0383472  0.134925
0.314159  1.88496  1.88496  -0.0383477  -0.134946
0.942478  1.88496  1.88496  -0.0370275  -0.244816
1.5708  1.88496  1.88496  -0.0348738  -0.306338
2.19911  1.88496  1.88496  -0.0323923  -0.341268
2.82743  1.88496  1.88496  -0.0298968  -0.359509
4.08407  1.88496  1.88496  -0.0252828  -0.367501
7.22566  1.88496  1.88496  -0.016617  -0.328335
14.7655  1.88496  1.88496  -0.00698025  -0.222193
-16.6504  1.88496  2.51327  -0.0105423  0.203369
-7.22566  1.88496  2.51327  -0.0300305  0.328444
-5.34071  1.88496  2.51327  -0.0384198  0.356833
-4.08407  1.88496  2.51327  -0.0452801  0.367603
-2.82743  1.88496  2.51327  -0.0529507  0.35917
-2.19911  1.88496  2.51327  -0.0568409  0.340196
-1.5708  1.88496  2.51327  -0.0604463  0.303511
-0.942478  1.88496  2.51327  -0.0633291  0.238046
-0.314159  1.88496  2.51327  -0.0649667  0.127692
0.314159  1.88496  2.51327  -0.0649669  -0.127715
0.942478  1.88496  2.51327  -0.0633296  -0.238067
1.5708  1.88496  2.51327  -0.060447  -0.303531
2.19911  1.88496  2.51327  -0.0568417  -0.340215
2.82743  1.88496  2.51327  -0.0529517  -0.359188
4.08407  1.88496  2.51327  -0.0452809  -0.367621
7.22566  1.88496  2.51327  -0.0300326  -0.328464
14.7655  1.88496  2.51327  -0.0126481  -0.222203
-16.6504  1.88496  3.14159  -0.0123429  0.203365
-7.22566  1.88496  3.14159  -0.0351166  0.328487
-5.34071  1.88496  3.14159  -0.0448545  0.356901
-4.08407  1.88496  3.14159  -0.0527367  0.367663
-2.82743  1.88496  3.14159  -0.0613659  0.359078
-2.19911  1.88496  3.14159  -0.0656104  0.339852
-1.5708  1.88496  3.14159  -0.0694191  0.302681
-0.942478  1.88496  3.14159  -0.0723434  0.236272
-0.314159  1.88496  3.14159  -0.0739328  0.117602
0.314159  1.88496  3.14159  -0.0739331  -0.117626
0.942478  1.88496  3.14159  -0.0723439  -0.236294
1.5708  1.88496  3.14159  -0.0694198  -0.302702
2.19911  1.88496  3.14159  -0.0656113  -0.339872
2.82743  1.88496  3.14159  -0.0613671  -0.359098
4.08407  1.88496  3.14159  -0.0527376  -0.367681
7.22566  1.88496  3.14159  -0.0351188  -0.328508
14.7655  1.88496  3.14159  -0.0148076  -0.222203
-16.6504  1.88496  3.76991  -0.0105423  0.203369
-7.22566  1.88496  3.76991  -0.0300305  0.328444
-5.34071  1.88496  3.76991  -0.0384198  0.356833
-4.08407  1.88496  3.76991  -0.0452801  0.367603
-2.82743  1.88496  3.76991  -0.0529507  0.35917
-2.19911  1.88496  3.76991  -0.0568409  0.340196
-1.5708  1.88496  3.76991  -0.0604463  0.303511
-0.942478  1.88496  3.76991  -0.0633291  0.238046
-0.314159  1.88496  3.76991  -0.0649667  0.127692
0.314159  1.88496  3.76991  -0.0649669  -0.127715
0.942478  1.88496  3.76991  -0.0633296  -0.238067
1.5708  1.88496  3.76991  -0.060447  -0.303531
2.19911  1.88496  3.76991  -0.0568417  -0.340215
2.82743  1.88496  3.76991  -0.0529517  -0.359188
4.08407  1.88496  3.76991  -0.0452809  -0.367621
7.22566  1.88496  3.76991  -0.0300326  -0.328464
14.7655  1.88496  3.76991  -0.0126481  -0.222203
-16.6504  1.88496  4.39823  -0.00581738  0.203368
-7.22566  1.88496  4.39823  -0.0166151  0.328317
-5.34071  1.88496  4.39823  -0.021336  0.35666
-4.08407  1.88496  4.39823  -0.0252824  0.367486
-2.82743  1.88496  4.39823  -0.0298959  0.359493
-2.19911  1.88496  4.39823  -0.0323916  0.341251
-1.5708  1.88496  4.39823  -0.0348732  0.30632
-0.942478  1.88496  4.39823  -0.037027  0.244797
-0.314159  1.88496  4.39823  -0.0383472  0.134925
0.314159  1.88496  4.39823  -0.0383477  -0.134946
0.942478  1.88496  4.39823  -0.0370275  -0.244816
1.5708  1.88496  4.39823  -0.0348738  -0.306338
2.19911  1.88496  4.39823  -0.0323923  -0.341268
2.82743  1.88496  4.39823  -0.0298968  -0.359509
4.08407  1.88496  4.39823  -0.0252828  -0.367501
7.22566  1.88496  4.39823  -0.016617  -0.328335
14.7655  1.88496  4.39823  -0.00698025  -0.222193
-16.6504  1.88496  5.02655  2.6049e-06  0.203348
-7.22566  1.88496  5.02655  4.21502e-06  0.328146
-5.34071  1.88496  5.02655  8.86566e-07  0.356494
-4.08407  1.88496  5.02655  2.6393e-06  0.367489
-2.82743  1.88496  5.02655  3.75586e-06  0.360095
-2.19911  1.88496  5.02655  3.87949e-06  0.342452
-1.5708  1.88496  5.02655  4.08311e-06  0.308381
-0.942478  1.88496  5.02655  4.37331e-06  0.248447
-0.314159  1.88496  5.02655  4.9623e-06  0.151624
0.314159  1.88496  5.02655  4.68505e-06  -0.151643
0.942478  1.88496  5.02655  4.02428e-06  -0.248464
1.5708  1.88496  5.02655  3.68102e-06  -0.308397
2.19911  1.88496  5.02655  3.40122e-06  -0.342467
2.82743  1.88496  5.02655  3.15553e-06  -0.36011
4.08407  1.88496  5.02655  2.65634e-06  -0.367502
7.22566  1.88496  5.02655  2.68614e-06  -0.328162
14.7655  1.88496  5.02655  2.02685e-06  -0.222158
-16.6504  1.88496  5.65487  0.00467415  0.203319
-7.22566  1.88496  5.65487  0.0133978  0.328007
-5.34071  1.88496  5.65487  0.0173018  0.356421
-4.08407  1.88496  5.65487  0.0206733  0.367686
-2.82743  1.88496  5.65487  0.0247888  0.361115
-2.19911  1.88496  5.65487  0.0271244  0.344261
-1.5708  1.88496  5.65487  0.0295628  0.311209
-0.942478  1.88496  5.65487  0.0318421  0.251452
-0.314159  1.88496  5.65487  0.0333565  0.140278
0.314159  1.88496  5.65487  0.0333561  -0.140295
0.942478  1.88496  5.65487  0.0318417  -0.251467
1.5708  1.88496  5.65487  0.0295625  -0.311223
2.19911  1.88496  5.65487  0.0271241  -0.344274
2.82743  1.88496  5.65487  0.0247884  -0.361127
4.08407  1.88496  5.65487  0.0206736  -0.367698
7.22566  1.88496  5.65487  0.0133965  -0.328021
14.7655  1.88496  5.65487  0.00560644  -0.222114
-16.6504  1.88496  6.28319  0.00644699  0.203304
-7.22566  1.88496  6.28319  0.0184912  0.32795
-5.34071  1.88496  6.28319  0.0239011  0.3564
-4.08407  1.88496  6.28319  0.0285825  0.367793
-2.82743  1.88496  6.28319  0.0342952  0.361579
-2.19911  1.88496  6.28319  0.0375197  0.344982
-1.5708  1.88496  6.28319  0.0408547  0.311909
-0.942478  1.88496  6.28319  0.0439353  0.250652
-0.314159  1.88496  6.28319  0.0459176  0.139716
0.314159  1.88496  6.28319  0.0459173  -0.139733
0.942478  1.88496  6.28319  0.043935  -0.250666
1.5708  1.88496  6.28319  0.0408544  -0.311923
2.19911  1.88496  6.28319  0.0375195  -0.344994
2.82743  1.88496  6.28319  0.0342949  -0.361591
4.08407  1.88496  6.28319  0.0285829  -0.367804
7.22566  1.88496  6.28319  0.0184901  -0.327964
14.7655  1.88496  6.28319  0.00773323  -0.222093
-16.6504  2.51327  0  0.00176685  0.203231
-7.22566  2.51327  0  0.00509852  0.327476
-5.34071  2.51327  0  0.00665248  0.355897
-4.08407  2.51327  0  0.00807047  0.36767
-2.82743  2.51327  0  0.00994986  0.363098
-2.19911  2.51327  0  0.0111224  0.348582
-1.5708  2.51327  0  0.0124707  0.319593
-0.942478  2.51327  0  0.0139733  0.266557
-0.314159  2.51327  0  0.0150279  0.163717
0.314159  2.51327  0  0.0150272  -0.163736
0.942478  2.51327  0  0.0139728  -0.266573
1.5708  2.51327  0  0.0124703  -0.319608
2.19911  2.51327  0  0.0111219  -0.348596
2.82743  2.51327  0  0.00994925  -0.363111
4.08407  2.51327  0  0.0080706  -0.367682
7.22566  2.51327  0  0.00509717  -0.327491
14.7655  2.51327  0  0.00211863  -0.221992
-16.6504  2.51327  0.628319  2.60795e-06  0.203256
-7.22566  2.51327  0.628319  4.15219e-06  0.327628
-5.34071  2.51327  0.628319  8.2701e-07  0.35605
-4.08407  2.51327  0.628319  2.63434e-06  0.367688
-2.82743  2.51327  0.628319  3.7591e-06  0.362553
-2.19911  2.51327  0.628319  3.89917e-06  0.347318
-1.5708  2.51327  0.628319  4.14069e-06  0.316885
-0.942478  2.51327  0.628319  4.49358e-06  0.26108
-0.314159  2.51327  0.628319  5.13385e-06  0.163151
0.314159  2.51327  0.628319  4.72727e-06  -0.163171
0.942478  2.51327  0.628319  4.01842e-06  -0.261097
1.5708  2.51327  0.628319  3.64445e-06  -0.316901
2.19911  2.51327  0.628319  3.34896e-06  -0.347333
2.82743  2.51327  0.628319  3.07617e-06  -0.362567
4.08407  2.51327  0.628319  2.63735e-06  -0.367701
7.22566  2.51327  0.628319  2.68527e-06  -0.327644
14.7655  2.51327  0.628319  2.02158e-06  -0.222029
-16.6504  2.51327  1.25664  -0.00466894  0.203314
-7.22566  2.51327  1.25664  -0.0133894  0.328005
-5.34071  2.51327  1.25664  -0.0173001  0.356419
-4.08407  2.51327  1.25664  -0.020668  0.367685
-2.82743  2.51327  1.25664  -0.0247812  0.361113
-2.19911  2.51327  1.25664  -0.0271166  0.344259
-1.5708  2.51327  1.25664  -0.0295545  0.311207
-0.942478  2.51327  1.25664  -0.0318331  0.25145
-0.314159  2.51327  1.25664  -0.0333465  0.140276
0.314159  2.51327  1.25664  -0.033347  -0.140297
0.942478  2.51327  1.25664  -0.0318336  -0.251469
1.5708  2.51327  1.25664  -0.0295551  -0.311225
2.19911  2.51327  1.25664  -0.0271173  -0.344276
2.82743  2.51327  1.25664  -0.0247821  -0.361129
4.08407  2.51327  1.25664  -0.0206683  -0.3677
7.22566  2.51327  1.25664  -0.0133912  -0.328024
14.7655  2.51327  1.25664  -0.0056024  -0.222115
-16.6504  2.51327  1.88496  -0.0105423  0.203369
-7.22566  2.51327  1.88496  -0.0300305  0.328444
-5.34071  2.51327  1.88496  -0.0384198  0.356833
-4.08407  2.51327  1.88496  -0.0452801  0.367603
-2.82743  2.51327  1.88496  -0.0529507  0.35917
-2.19911  2.51327  1.88496  -0.0568409  0.340196
-1.5708  2.51327  1.88496  -0.0604463  0.303511
-0.942478  2.51327  1.88496  -0.0633291  0.238046
-0.314159  2.51327  1.88496  -0.0649667  0.127692
0.314159  2.51327  1.88496  -0.0649669  -0.127715
0.942478  2.51327  1.88496  -0.0633296  -0.238067
1.5708  2.51327  1.88496  -0.060447  -0.303531
2.19911  2.51327  1.88496  -0.0568417  -0.340215
2.82743  2.51327  1.88496  -0.0529517  -0.359188
4.08407  2.51327  1.88496  -0.0452809  -0.367621
7.22566  2.51327  1.88496  -0.0300326  -0.328464
14.7655  2.51327  1.88496  -0.0126481  -0.222203
-16.6504  2.51327  2.51327  -0.0153725  0.203399
-7.22566  2.51327  2.51327  -0.0435521  0.32877
-5.34071  2.51327  2.51327  -0.0552773  0.357127
-4.08407  2.51327  2.51327  -0.0644397  0.367468
-2.82743  2.51327  2.51327  -0.0739097  0.35748
-2.19911  2.51327  2.51327  -0.0782482  0.33686
-1.5708  2.51327  2.51327  -0.0818857  0.297784
-0.942478  2.51327  2.51327  -0.0844638  0.22964
-0.314159  2.51327  2.51327  -0.0857633  0.112637
0.314159  2.51327  2.51327  -0.0857636  -0.112661
0.942478  2.51327  2.51327  -0.0844642  -0.229663
1.5708  2.51327  2.51327  -0.0818863  -0.297806
2.19911  2.51327  2.51327  -0.0782491  -0.336881
2.82743  2.51327  2.51327  -0.0739109  -0.357501
4.08407  2.51327  2.51327  -0.0644408  -0.367488
7.22566  2.51327  2.51327  -0.0435545  -0.328792
14.7655  2.51327  2.51327  -0.0184418  -0.222257
-16.6504  2.51327  3.14159  -0.0172305  0.203405
-7.22566  2.51327  3.14159  -0.0487093  0.328881
-5.34071  2.51327  3.14159  -0.0616316  0.357217
-4.08407  2.51327  3.14159  -0.0715463  0.367379
-2.82743  2.51327  3.14159  -0.081475  0.356743
-2.19911  2.51327  3.14159  -0.0858453  0.335399
-1.5708  2.51327  3.14159  -0.0893837  0.295097
-0.942478  2.51327  3.14159  -0.0918101  0.225328
-0.314159  2.51327  3.14159  -0.0930083  0.115052
0.314159  2.51327  3.14159  -0.0930084  -0.115077
0.942478  2.51327  3.14159  -0.0918105  -0.225351
1.5708  2.51327  3.14159  -0.0893844  -0.29512
2.19911  2.51327  3.14159  -0.0858462  -0.335421
2.82743  2.51327  3.14159  -0.0814762  -0.356765
4.08407  2.51327  3.14159  -0.0715475  -0.367399
7.22566  2.51327  3.14159  -0.0487118  -0.328903
14.7655  2.51327  3.14159  -0.0206702  -0.222272
-16.6504  2.51327  3.76991  -0.0153725  0.203399
-7.22566  2.51327  3.76991  -0.0435521  0.32877
-5.34071  2.51327  3.76991  -0.0552773  0.357127
-4.08407  2.51327  3.76991  -0.0644397  0.367468
-2.82743  2.51327  3.76991  -0.0739097  0.35748
-2.19911  2.51327  3.76991  -0.0782482  0.33686
-1.5708  2.51327  3.76991  -0.0818857  0.297784
-0.942478  2.51327  3.76991  -0.0844638  0.22964
-0.314159  2.51327  3.76991  -0.0857633  0.112637
0.314159  2.51327  3.76991  -0.0857636  -0.112661
0.942478  2.51327  3.76991  -0.0844642  -0.229663
1.5708  2.51327  3.76991  -0.0818863  -0.297806
2.19911  2.51327  3.76991  -0.0782491  -0.336881
2.82743  2.51327  3.76991  -0.0739109  -0.357501
4.08407  2.51327  3.76991  -0.0644408  -0.367488
7.22566  2.51327  3.76991  -0.0435545  -0.328792
14.7655  2.51327  3.76991  -0.0184418  -0.222257
-16.6504  2.51327  4.39823  -0.0105423  0.203369
-7.22566  2.51327  4.39823  -0.0300305  0.328444
-5.34071  2.51327  4.39823  -0.0384198  0.356833
-4.08407  2.51327  4.39823  -0.0452801  0.367603
-2.82743  2.51327  4.39823  -0.0529507  0.35917
-2.19911  2.51327  4.39823  -0.0568409  0.340196
-1.5708  2.51327  4.39823  -0.0604463  0.303511
-0.942478  2.51327  4.39823  -0.0633291  0.238046
-0.314159  2.51327  4.39823  -0.0649667  0.127692
0.314159  2.51327  4.39823  -0.0649669  -0.127715
0.942478  2.51327  4.39823  -0.0633296  -0.238067
1.5708  2.51327  4.39823  -0.060447  -0.303531
2.19911  2.51327  4.39823  -0.0568417  -0.340215
2.82743  2.51327  4.39823  -0.0529517  -0.359188
4.08407  2.51327  4.39823  -0.0452809  -0.367621
7.22566  2.51327  4.39823  -0.0300326  -0.328464
14.7655  2.51327  4.39823  -0.0126481  -0.222203
-16.6504  2.51327  5.02655  -0.00466894  0.203314
-7.22566  2.51327  5.02655  -0.0133894  0.328005
-5.34071  2.51327  5.02655  -0.0173001  0.356419
-4.08407  2.51327  5.02655  -0.020668  0.367685
-2.82743  2.51327  5.02655  -0.0247812  0.361113
-2.19911  2.51327  5.02655  -0.0271166  0.344259
-1.5708  2.51327  5.02655  -0.0295545  0.311207
-0.942478  2.51327  5.02655  -0.0318331  0.25145
-0.314159  2.51327  5.02655  -0.0333465  0.140276
0.314159  2.51327  5.02655  -0.033347  -0.140297
0.942478  2.51327  5.02655  -0.0318336  -0.251469
1.5708  2.51327  5.02655  -0.0295551  -0.311225
2.19911  2.51327  5.02655  -0.0271173  -0.344276
2.82743  2.51327  5.02655  -0.0247821  -0.361129
4.08407  2.51327  5.02655  -0.0206683  -0.3677
7.22566  2.51327  5.02655  -0.0133912  -0.328024
14.7655  2.51327  5.02655  -0.0056024  -0.222115
-16.6504  2.51327  5.65487  2.60795e-06  0.203256
-7.22566  2.51327  5.65487  4.15219e-06  0.327628
-5.34071  2.51327  5.65487  8.2701e-07  0.35605
-4.08407  2.51327  5.65487  2.63434e-06  0.367688
-2.82743  2.51327  5.65487  3.7591e-06  0.362553
-2.19911  2.51327  5.65487  3.89917e-06  0.347318
-1.5708  2.51327  5.65487  4.14069e-06  0.316885
-0.942478  2.51327  5.65487  4.49358e-06  0.26108
-0.314159  2.51327  5.65487  5.13385e-06  0.163151
0.314159  2.51327  5.65487  4.72727e-06  -0.163171
0.942478  2.51327  5.65487  4.01842e-06  -0.261097
1.5708  2.51327  5.65487  3.64445e-06  -0.316901
2.19911  2.51327  5.65487  3.34896e-06  -0.347333
2.82743  2.51327  5.65487  3.07617e-06  -0.362567
4.08407  2.51327  5.65487  2.63735e-06  -0.367701
7.22566  2.51327  5.65487  2.68527e-06  -0.327644
14.7655  2.51327  5.65487  2.02158e-06  -0.222029
-16.6504  2.51327  6.28319  0.00176685  0.203231
-7.22566  2.51327  6.28319  0.00509852  0.327476
-5.34071  2.51327  6.28319  0.00665248  0.355897
-4.08407  2.51327  6.28319  0.00807047  0.36767
-2.82743  2.51327  6.28319  0.00994986  0.363098
-2.19911  2.51327  6.28319  0.0111224  0.348582
-1.5708  2.51327  6.28319  0.0124707  0.319593
-0.942478  2.51327  6.28319  0.0139733  0.266557
-0.314159  2.51327  6.28319  0.0150279  0.163717
0.314159  2.51327  6.28319  0.0150272  -0.163736
0.942478  2.51327  6.28319  0.0139728  -0.266573
1.5708  2.51327  6.28319  0.0124703  -0.319608
2.19911  2.51327  6.28319  0.0111219  -0.348596
2.82743  2.51327  6.28319  0.00994925  -0.363111
4.08407  2.51327  6.28319  0.0080706  -0.367682
7.22566  2.51327  6.28319  0.00509717  -0.327491
14.7655  2.51327  6.28319  0.00211863  -0.221992
-16.6504  3.14159  0  2.60848e-06  0.2032
-7.22566  3.14159  0  4.11698e-06  0.327285
-5.34071  3.14159  0  7.87408e-07  0.355678
-4.08407  3.14159  0  2.61525e-06  0.367558
-2.82743  3.14159  0  3.73032e-06  0.363491
-2.19911  3.14159  0  3.86468e-06  0.34961
-1.5708  3.14159  0  4.10701e-06  0.321802
-0.942478  3.14159  0  4.48804e-06  0.271395
-0.314159  3.14159  0  5.31566e-06  0.1861
0.314159  3.14159  0  4.88162e-06  -0.18612
0.942478  3.14159  0  4.0006e-06  -0.271412
1.5708  3.14159  0  3.60762e-06  -0.321817
2.19911  3.14159  0  3.30868e-06  -0.349624
2.82743  3.14159  0  3.02637e-06  -0.363506
4.08407  3.14159  0  2.63464e-06  -0.367571
7.22566  3.14159  0  2.68689e-06  -0.327302
14.7655  3.14159  0  2.01482e-06  -0.221951
-16.6504  3.14159  0.628319  -0.00176163  0.203229
-7.22566  3.14159  0.628319  -0.00509025  0.327475
-5.34071  3.14159  0.628319  -0.00665085  0.355896
-4.08407  3.14159  0.628319  -0.00806522  0.367669
-2.82743  3.14159  0.628319  -0.00994235  0.363097
-2.19911  3.14159  0.628319  -0.0111146  0.348581
-1.5708  3.14159  0.628319  -0.0124624  0.319592
-0.942478  3.14159  0.628319  -0.0139641  0.266556
-0.314159  3.14159  0.628319  -0.0150173  0.163717
0.314159  3.14159  0.628319  -0.015018  -0.163737
0.942478  3.14159  0.628319  -0.0139648  -0.266574
1.5708  3.14159  0.628319  -0.012463  -0.319609
2.19911  3.14159  0.628319  -0.0111152  -0.348597
2.82743  3.14159  0.628319  -0.00994315  -0.363112
4.08407  3.14159  0.628319  -0.00806533  -0.367683
7.22566  3.14159  0.628319  -0.00509179  -0.327492
14.7655  3.14159  0.628319  -0.0021146  -0.221993
-16.6504  3.14159  1.25664  -0.00644178  0.203297
-7.22566  3.14159  1.25664  -0.0184829  0.327948
-5.34071  3.14159  1.25664  -0.0238994  0.356398
-4.08407  3.14159  1.25664  -0.0285772  0.367791
-2.82743  3.14159  1.25664  -0.0342877  0.361576
-2.19911  3.14159  1.25664  -0.0375119  0.344979
-1.5708  3.14159  1.25664  -0.0408464  0.311907
-0.942478  3.14159  1.25664  -0.0439263  0.250649
-0.314159  3.14159  1.25664  -0.0459077  0.139714
0.314159  3.14159  1.25664  -0.0459081  -0.139736
0.942478  3.14159  1.25664  -0.0439269  -0.250669
1.5708  3.14159  1.25664  -0.0408471  -0.311925
2.19911  3.14159  1.25664  -0.0375127  -0.344997
2.82743  3.14159  1.25664  -0.0342886  -0.361594
4.08407  3.14159  1.25664  -0.0285776  -0.367807
7.22566  3.14159  1.25664  -0.0184847  -0.327967
14.7655  3.14159  1.25664  -0.00772919  -0.222095
-16.6504  3.14159  1.88496  -0.0123429  0.203365
-7.22566  3.14159  1.88496  -0.0351166  0.328487
-5.34071  3.14159  1.88496  -0.0448545  0.356901
-4.08407  3.14159  1.88496  -0.0527367  0.367663
-2.82743  3.14159  1.88496  -0.0613659  0.359078
-2.19911  3.14159  1.88496  -0.0656104  0.339852
-1.5708  3.14159  1.88496  -0.0694191  0.302681
-0.942478  3.14159  1.88496  -0.0723434  0.236272
-0.314159  3.14159  1.88496  -0.0739328  0.117602
0.314159  3.14159  1.88496  -0.0739331  -0.117626
0.942478  3.14159  1.88496  -0.0723439  -0.236294
1.5708  3.14159  1.88496  -0.0694198  -0.302702
2.19911  3.14159  1.88496  -0.0656113  -0.339872
2.82743  3.14159  1.88496  -0.0613671  -0.359098
4.08407  3.14159  1.88496  -0.0527376  -0.367681
7.22566  3.14159  1.88496  -0.0351188  -0.328508
14.7655  3.14159  1.88496  -0.0148076  -0.222203
-16.6504  3.14159  2.51327  -0.0172305  0.203405
-7.22566  3.14159  2.51327  -0.0487093  0.328881
-5.34071  3.14159  2.51327  -0.0616316  0.357217
-4.08407  3.14159  2.51327  -0.0715463  0.367379
-2.82743  3.14159  2.51327  -0.081475  0.356743
-2.19911  3.14159  2.51327  -0.0858453  0.335399
-1.5708  3.14159  2.51327  -0.0893837  0.295097
-0.942478  3.14159  2.51327  -0.0918101  0.225328
-0.314159  3.14159  2.51327  -0.0930083  0.115052
0.314159  3.14159  2.51327  -0.0930084  -0.115077
0.942478  3.14159  2.51327  -0.0918105  -0.225351
1.5708  3.14159  2.51327  -0.0893844  -0.29512
2.19911  3.14159  2.51327  -0.0858462  -0.335421
2.82743  3.14159  2.51327  -0.0814762  -0.356765
4.08407  3.14159  2.51327  -0.0715475  -0.367399
7.22566  3.14159  2.51327  -0.0487118  -0.328903
14.7655  3.14159  2.51327  -0.0206702  -0.222272
-16.6504  3.14159  3.14159  -0.0191315  0.203415
-7.22566  3.14159  3.14159  -0.0539641  0.329015
-5.34071  3.14159  3.14159  -0.0680491  0.357311
-4.08407  3.14159  3.14159  -0.078642  0.367227
-2.82743  3.14159  3.14159  -0.088912  0.355828
-2.19911  3.14159  3.14159  -0.0932637  0.333803
-1.5708  3.14159  3.14159  -0.096682  0.292804
-0.942478  3.14159  3.14159  -0.0989671  0.222932
-0.314159  3.14159  3.14159  -0.100084  0.107787
0.314159  3.14159  3.14159  -0.100084  -0.107813
0.942478  3.14159  3.14159  -0.0989675  -0.222956
1.5708  3.14159  3.14159  -0.0966826  -0.292827
2.19911  3.14159  3.14159  -0.0932647  -0.333826
2.82743  3.14159  3.14159  -0.0889132  -0.35585
4.08407  3.14159  3.14159  -0.0786433  -0.367248
7.22566  3.14159  3.14159  -0.0539667  -0.329038
14.7655  3.14159  3.14159  -0.0229508  -0.222292
-16.6504  3.14159  3.76991  -0.0172305  0.203405
-7.22566  3.14159  3.76991  -0.0487093  0.328881
-5.34071  3.14159  3.76991  -0.0616316  0.357217
-4.08407  3.14159  3.76991  -0.0715463  0.367379
-2.82743  3.14159  3.76991  -0.081475  0.356743
-2.19911  3.14159  3.76991  -0.0858453  0.335399
-1.5708  3.14159  3.76991  -0.0893837  0.295097
-0.942478  3.14159  3.76991  -0.0918101  0.225328
-0.314159  3.14159  3.76991  -0.0930083  0.115052
0.314159  3.14159  3.76991  -0.0930084  -0.115077
0.942478  3.14159  3.76991  -0.0918105  -0.225351
1.5708  3.14159  3.76991  -0.0893844  -0.29512
2.19911  3.14159  3.76991  -0.0858462  -0.335421
2.82743  3.14159  3.76991  -0.0814762  -0.356765
4.08407  3.14159  3.76991  -0.0715475  -0.367399
7.22566  3.14159  3.76991  -0.0487118  -0.328903
14.7655  3.14159  3.76991  -0.0206702  -0.222272
-16.6504  3.14159  4.39823  -0.0123429  0.203365
-7.22566  3.14159  4.39823  -0.0351166  0.328487
-5.34071  3.14159  4.39823  -0.0448545  0.356901
-4.08407  3.14159  4.39823  -0.0527367  0.367663
-2.82743  3.14159  4.39823  -0.0613659  0.359078
-2.19911  3.14159  4.39823  -0.0656104  0.339852
-1.5708  3.14159  4.39823  -0.0694191  0.302681
-0.942478  3.14159  4.39823  -0.0723434  0.236272
-0.314159  3.14159  4.39823  -0.0739328  0.117602
0.314159  3.14159  4.39823  -0.0739331  -0.117626
0.942478  3.14159  4.39823  -0.0723439  -0.236294
1.5708  3.14159  4.39823  -0.0694198  -0.302702
2.19911  3.14159  4.39823  -0.0656113  -0.339872
2.82743  3.14159  4.39823  -0.0613671  -0.359098
4.08407  3.14159  4.39823  -0.0527376  -0.367681
7.22566  3.14159  4.39823  -0.0351188  -0.328508
14.7655  3.14159  4.39823  -0.0148076  -0.222203
-16.6504  3.14159  5.02655  -0.00644178  0.203297
-7.22566  3.14159  5.02655  -0.0184829  0.327948
-5.34071  3.14159  5.02655  -0.0238994  0.356398
-4.08407  3.14159  5.02655  -0.0285772  0.367791
-2.82743  3.14159  5.02655  -0.0342877  0.361576
-2.19911  3.14159  5.02655  -0.0375119  0.344979
-1.5708  3.14159  5.02655  -0.0408464  0.311907
-0.942478  3.14159  5.02655  -0.0439263  0.250649
-0.314159  3.14159  5.02655  -0.0459077  0.139714
0.314159  3.14159  5.02655  -0.0459081  -0.139736
0.942478  3.14159  5.02655  -0.0439269  -0.250669
1.5708  3.14159  5.02655  -0.0408471  -0.311925
2.19911  3.14159  5.02655  -0.0375127  -0.344997
2.82743  3.14159  5.02655  -0.0342886  -0.361594
4.08407  3.14159  5.02655  -0.0285776  -0.367807
7.22566  3.14159  5.02655  -0.0184847  -0.327967
14.7655  3.14159  5.02655  -0.00772919  -0.222095
-16.6504  3.14159  5.65487  -0.00176163  0.203229
-7.22566  3.14159  5.65487  -0.00509025  0.327475
-5.34071  3.14159  5.65487  -0.00665085  0.355896
-4.08407  3.14159  5.65487  -0.00806522  0.367669
-2.82743  3.14159  5.65487  -0.00994235  0.363097
-2.19911  3.14159  5.65487  -0.0111146  0.348581
-1.5708  3.14159  5.65487  -0.0124624  0.319592
-0.942478  3.14159  5.65487  -0.0139641  0.266556
-0.314159  3.14159  5.65487  -0.0150173  0.163717
0.314159  3.14159  5.65487  -0.015018  -0.163737
0.942478  3.14159  5.65487  -0.0139648  -0.266574
1.5708  3.14159  5.65487  -0.012463  -0.319609
2.19911  3.14159  5.65487  -0.0111152  -0.348597
2.82743  3.14159  5.65487  -0.00994315  -0.363112
4.08407  3.14159  5.65487  -0.00806533  -0.367683
7.22566  3.14159  5.65487  -0.00509179  -0.327492
14.7655  3.14159  5.65487  -0.0021146  -0.221993
-16.6504  3.14159  6.28319  2.60848e-06  0.2032
-7.22566  3.14159  6.28319  4.11698e-06  0.327285
-5.34071  3.14159  6.28319  7.87408e-07  0.355678
-4.08407  3.14159  6.28319  2.61525e-06  0.367558
-2.82743  3.14159  6.28319  3.73032e-06  0.363491
-2.19911  3.14159  6.28319  3.86468e-06  0.34961
-1.5708  3.14159  6.28319  4.10701e-06  0.321802
-0.942478  3.14159  6.28319  4.48804e-06  0.271395
-0.314159  3.14159  6.28319  5.31566e-06  0.1861
0.314159  3.14159  6.28319  4.88162e-06  -0.18612
0.942478  3.14159  6.28319  4.0006e-06  -0.271412
1.5708  3.14159  6.28319  3.60762e-06  -0.321817
2.19911  3.14159  6.28319  3.30868e-06  -0.349624
2.82743  3.14159  6.28319  3.02637e-06  -0.363506
4.08407  3.14159  6.28319  2.63464e-06  -0.367571
7.22566  3.14159  6.28319  2.68689e-06  -0.327302
14.7655  3.14159  6.28319  2.01482e-06  -0.221951
-16.6504  3.76991  0  0.00176685  0.203231
-7.22566  3.76991  0  0.00509852  0.327476
-5.34071  3.76991  0  0.00665248  0.355897
-4.08407  3.76991  0  0.00807047  0.36767
-2.82743  3.76991  0  0.00994986  0.363098
-2.19911  3.76991  0  0.0111224  0.348582
-1.5708  3.76991  0  0.0124707  0.319593
-0.942478  3.76991  0  0.0139733  0.266557
-0.314159  3.76991  0  0.0150279  0.163717
0.314159  3.76991  0  0.0150272  -0.163736
0.942478  3.76991  0  0.0139728  -0.266573
1.5708  3.76991  0  0.0124703  -0.319608
2.19911  3.76991  0  0.0111219  -0.348596
2.82743  3.76991  0  0.00994925  -0.363111
4.08407  3.76991  0  0.0080706  -0.367682
7.22566  3.76991  0  0.00509717  -0.327491
14.7655  3.76991  0  0.00211863  -0.221992
-16.6504  3.76991  0.628319  2.60795e-06  0.203256
-7.22566  3.76991  0.628319  4.15219e-06  0.327628
-5.34071  3.76991  0.628319  8.2701e-07  0.35605
-4.08407  3.76991  0.628319  2.63434e-06  0.367688
-2.82743  3.76991  0.628319  3.7591e-06  0.362553
-2.19911  3.76991  0.628319  3.89917e-06  0.347318
-1.5708  3.76991  0.628319  4.14069e-06  0.316885
-0.942478  3.76991  0.628319  4.49358e-06  0.26108
-0.314159  3.76991  0.628319  5.13385e-06  0.163151
0.314159  3.76991  0.628319  4.72727e-06  -0.163171
0.942478  3.76991  0.628319  4.01842e-06  -0.261097
1.5708  3.76991  0.628319  3.64445e-06  -0.316901
2.19911  3.76991  0.628319  3.34896e-06  -0.347333
2.82743  3.76991  0.628319  3.07617e-06  -0.362567
4.08407  3.76991  0.628319  2.63735e-06  -0.367701
7.22566  3.76991  0.628319  2.68527e-06  -0.327644
14.7655  3.76991  0.628319  2.02158e-06  -0.222029
-16.6504  3.76991  1.25664  -0.00466894  0.203314
-7.22566  3.76991  1.25664  -0.0133894  0.328005
-5.34071  3.76991  1.25664  -0.0173001  0.356419
-4.08407  3.76991  1.25664  -0.020668  0.367685
-2.82743  3.76991  1.25664  -0.0247812  0.361113
-2.19911  3.76991  1.25664  -0.0271166  0.344259
-1.5708  3.76991  1.25664  -0.0295545  0.311207
-0.942478  3.76991  1.25664  -0.0318331  0.25145
-0.314159  3.76991  1.25664  -0.0333465  0.140276
0.314159  3.76991  1.25664  -0.033347  -0.140297
0.942478  3.76991  1.25664  -0.0318336  -0.251469
1.5708  3.76991  1.25664  -0.0295551  -0.311225
2.19911  3.76991  1.25664  -0.0271173  -0.344276
2.82743  3.76991  1.25664  -0.0247821  -0.361129
4.08407  3.76991  1.25664  -0.0206683  -0.3677
7.22566  3.76991  1.25664  -0.0133912  -0.328024
14.7655  3.76991  1.25664  -0.0056024  -0.222115
-16.6504  3.76991  1.88496  -0.0105423  0.203369
-7.22566  3.76991  1.88496  -0.0300305  0.328444
-5.34071  3.76991  1.88496  -0.0384198  0.356833
-4.08407  3.76991  1.88496  -0.0452801  0.367603
-2.82743  3.76991  1.88496  -0.0529507  0.35917
-2.19911  3.76991  1.88496  -0.0568409  0.340196
-1.5708  3.76991  1.88496  -0.0604463  0.303511
-0.942478  3.76991  1.88496  -0.0633291  0.238046
-0.314159  3.76991  1.88496  -0.0649667  0.127692
0.314159  3.76991  1.88496  -0.0649669  -0.127715
0.942478  3.76991  1.88496  -0.0633296  -0.238067
1.5708  3.76991  1.88496  -0.060447  -0.303531
2.19911  3.76991  1.88496  -0.0568417  -0.340215
2.82743  3.76991  1.88496  -0.0529517  -0.359188
4.08407  3.76991  1.88496  -0.0452809  -0.367621
7.22566  3.76991  1.88496  -0.0300326  -0.328464
14.7655  3.76991  1.88496  -0.0126481  -0.222203
-16.6504  3.76991  2.51327  -0.0153725  0.203399
-7.22566  3.76991  2.51327  -0.0435521  0.32877
-5.34071  3.76991  2.51327  -0.0552773  0.357127
-4.08407  3.76991  2.51327  -0.0644397  0.367468
-2.82743  3.76991  2.51327  -0.0739097  0.35748
-2.19911  3.76991  2.51327  -0.0782482  0.33686
-1.5708  3.76991  2.51327  -0.0818857  0.297784
-0.942478  3.76991  2.51327  -0.0844638  0.22964
-0.314159  3.76991  2.51327  -0.0857633  0.112637
0.314159  3.76991  2.51327  -0.0857636  -0.112661
0.942478  3.76991  2.51327  -0.0844642  -0.229663
1.5708  3.76991  2.51327  -0.0818863  -0.297806
2.19911  3.76991  2.51327  -0.0782491  -0.336881
2.82743  3.76991  2.51327  -0.0739109  -0.357501
4.08407  3.76991  2.51327  -0.0644408  -0.367488
7.22566  3.76991  2.51327  -0.0435545  -0.328792
14.7655  3.76991  2.51327  -0.0184418  -0.222257
-16.6504  3.76991  3.14159  -0.0172305  0.203405
-7.22566  3.76991  3.14159  -0.0487093  0.328881
-5.34071  3.76991  3.14159  -0.0616316  0.357217
-4.08407  3.76991  3.14159  -0.0715463  0.367379
-2.82743  3.76991  3.14159  -0.081475  0.356743
-2.19911  3.76991  3.14159  -0.0858453  0.335399
-1.5708  3.76991  3.14159  -0.0893837  0.295097
-0.942478  3.76991  3.14159  -0.0918101  0.225328
-0.314159  3.76991  3.14159  -0.0930083  0.115052
0.314159  3.76991  3.14159  -0.0930084  -0.115077
0.942478  3.76991  3.14159  -0.0918105  -0.225351
1.5708  3.76991  3.14159  -0.0893844  -0.29512
2.19911  3.76991  3.14159  -0.0858462  -0.335421
2.82743  3.76991  3.14159  -0.0814762  -0.356765
4.08407  3.76991  3.14159  -0.0715475  -0.367399
7.22566  3.76991  3.14159  -0.0487118  -0.328903
14.7655  3.76991  3.14159  -0.0206702  -0.222272
-16.6504  3.76991  3.76991  -0.0153725  0.203399
-7.22566  3.76991  3.76991  -0.0435521  0.32877
-5.34071  3.76991  3.76991  -0.0552773  0.357127
-4.08407  3.76991  3.76991  -0.0644397  0.367468
-2.82743  3.76991  3.76991  -0.0739097  0.35748
-2.19911  3.76991  3.76991  -0.0782482  0.33686
-1.5708  3.76991  3.76991  -0.0818857  0.297784
-0.942478  3.76991  3.76991  -0.0844638  0.22964
-0.314159  3.76991  3.76991  -0.0857633  0.112637
0.314159  3.76991  3.76991  -0.0857636  -0.112661
0.942478  3.76991  3.76991  -0.0844642  -0.229663
1.5708  3.76991  3.76991  -0.0818863  -0.297806
2.19911  3.76991  3.76991  -0.0782491  -0.336881
2.82743  3.76991  3.76991  -0.0739109  -0.357501
4.08407  3.76991  3.76991  -0.0644408  -0.367488
7.22566  3.76991  3.76991  -0.0435545  -0.328792
14.7655  3.76991  3.76991  -0.0184418  -0.222257
-16.6504  3.76991  4.39823  -0.0105423  0.203369
-7.22566  3.76991  4.39823  -0.0300305  0.328444
-5.34071  3.76991  4.39823  -0.0384198  0.356833
-4.08407  3.76991  4.39823  -0.0452801  0.367603
-2.82743  3.76991  4.39823  -0.0529507  0.35917
-2.19911  3.76991  4.39823  -0.0568409  0.340196
-1.5708  3.76991  4.39823  -0.0604463  0.303511
-0.942478  3.76991  4.39823  -0.0633291  0.238046
-0.314159  3.76991  4.39823  -0.0649667  0.127692
0.314159  3.76991  4.39823  -0.0649669  -0.127715
0.942478  3.76991  4.39823  -0.0633296  -0.238067
1.5708  3.76991  4.39823  -0.060447  -0.303531
2.19911  3.76991  4.39823  -0.0568417  -0.340215
2.82743  3.76991  4.39823  -0.0529517  -0.359188
4.08407  3.76991  4.39823  -0.0452809  -0.367621
7.22566  3.76991  4.39823  -0.0300326  -0.328464
14.7655  3.76991  4.39823  -0.0126481  -0.222203
-16.6504  3.76991  5.02655  -0.00466894  0.203314
-7.22566  3.76991  5.02655  -0.0133894  0.328005
-5.34071  3.76991  5.02655  -0.0173001  0.356419
-4.08407  3.76991  5.02655  -0.020668  0.367685
-2.82743  3.76991  5.02655  -0.0247812  0.361113
-2.19911  3.76991  5.02655  -0.0271166  0.344259
-1.5708  3.76991  5.02655  -0.0295545  0.311207
-0.942478  3.76991  5.02655  -0.0318331  0.25145
-0.314159  3.76991  5.02655  -0.0333465  0.140276
0.314159  3.76991  5.02655  -0.033347  -0.140297
0.942478  3.76991  5.02655  -0.0318336  -0.251469
1.5708  3.76991  5.02655  -0.0295551  -0.311225
2.19911  3.76991  5.02655  -0.0271173  -0.344276
2.82743  3.76991  5.02655  -0.0247821  -0.361129
4.08407  3.76991  5.02655  -0.0206683  -0.3677
7.22566  3.76991  5.02655  -0.0133912  -0.328024
14.7655  3.76991  5.02655  -0.0056024  -0.222115
-16.6504  3.76991  5.65487  2.60795e-06  0.203256
-7.22566  3.76991  5.65487  4.15219e-06  0.327628
-5.34071  3.76991  5.65487  8.2701e-07  0.35605
-4.08407  3.76991  5.65487  2.63434e-06  0.367688
-2.82743  3.76991  5.65487  3.7591e-06  0.362553
-2.19911  3.76991  5.65487  3.89917e-06  0.347318
-1.5708  3.76991  5.65487  4.14069e-06  0.316885
-0.942478  3.76991  5.65487  4.49358e-06  0.26108
-0.314159  3.76991  5.65487  5.13385e-06  0.163151
0.314159  3.76991  5.65487  4.72727e-06  -0.163171
0.942478  3.76991  5.65487  4.01842e-06  -0.261097
1.5708  3.76991  5.65487  3.64445e-06  -0.316901
2.19911  3.76991  5.65487  3.34896e-06  -0.347333
2.82743  3.76991  5.65487  3.07617e-06  -0.362567
4.08407  3.76991  5.65487  2.63735e-06  -0.367701
7.22566  3.76991  5.65487  2.68527e-06  -0.327644
14.7655  3.76991  5.65487  2.02158e-06  -0.222029
-16.6504  3.76991  6.28319  0.00176685  0.203231
-7.22566  3.76991  6.28319  0.00509852  0.327476
-5.34071  3.76991  6.28319  0.00665248  0.355897
-4.08407  3.76991  6.28319  0.00807047  0.36767
-2.82743  3.76991  6.28319  0.00994986  0.363098
-2.19911  3.76991  6.28319  0.0111224  0.348582
-1.5708  3.76991  6.28319  0.0124707  0.319593
-0.942478  3.76991  6.28319  0.0139733  0.266557
-0.314159  3.76991  6.28319  0.0150279  0.163717
0.314159  3.76991  6.28319  0.0150272  -0.163736
0.942478  3.76991  6.28319  0.0139728  -0.266573
1.5708  3.76991  6.28319  0.0124703  -0.319608
2.19911  3.76991  6.28319  0.0111219  -0.348596
2.82743  3.76991  6.28319  0.00994925  -0.363111
4.08407  3.76991  6.28319  0.0080706  -0.367682
7.22566  3.76991  6.28319  0.00509717  -0.327491
14.7655  3.76991  6.28319  0.00211863  -0.221992
-16.6504  4.39823  0  0.00644699  0.203304
-7.22566  4.39823  0  0.0184912  0.32795
-5.34071  4.39823  0  0.0239011  0.3564
-4.08407  4.39823  0  0.0285825  0.367793
-2.82743  4.39823  0  0.0342952  0.361579
-2.19911  4.39823  0  0.0375197  0.344982
-1.5708  4.39823  0  0.0408547  0.311909
-0.942478  4.39823  0  0.0439353  0.250652
-0.314159  4.39823  0  0.0459176  0.139716
0.314159  4.39823  0  0.0459173  -0.139733
0.942478  4.39823  0  0.043935  -0.250666
1.5708  4.39823  0  0.0408544  -0.311923
2.19911  4.39823  0  0.0375195  -0.344994
2.82743  4.39823  0  0.0342949  -0.361591
4.08407  4.39823  0  0.0285829  -0.367804
7.22566  4.39823  0  0.0184901  -0.327964
14.7655  4.39823  0  0.00773323  -0.222093
-16.6504  4.39823  0.628319  0.00467415  0.203319
-7.22566  4.39823  0.628319  0.0133978  0.328007
-5.34071  4.39823  0.628319  0.0173018  0.356421
-4.08407  4.39823  0.628319  0.0206733  0.367686
-2.82743  4.39823  0.628319  0.0247888  0.361115
-2.19911  4.39823  0.628319  0.0271244  0.344261
-1.5708  4.39823  0.628319  0.0295628  0.311209
-0.942478  4.39823  0.628319  0.0318421  0.251452
-0.314159  4.39823  0.628319  0.0333565  0.140278
0.314159  4.39823  0.628319  0.0333561  -0.140295
0.942478  4.39823  0.628319  0.0318417  -0.251467
1.5708  4.39823  0.628319  0.0295625  -0.311223
2.19911  4.39823  0.628319  0.0271241  -0.344274
2.82743  4.39823  0.628319  0.0247884  -0.361127
4.08407  4.39823  0.628319  0.0206736  -0.367698
7.22566  4.39823  0.628319  0.0133965  -0.328021
14.7655  4.39823  0.628319  0.00560644  -0.222114
-16.6504  4.39823  1.25664  2.6049e-06  0.203348
-7.22566  4.39823  1.25664  4.21502e-06  0.328146
-5.34071  4.39823  1.25664  8.86566e-07  0.356494
-4.08407  4.39823  1.25664  2.6393e-06  0.367489
-2.82743  4.39823  1.25664  3.75586e-06  0.360095
-2.19911  4.39823  1.25664  3.87949e-06  0.342452
-1.5708  4.39823  1.25664  4.08311e-06  0.308381
-0.942478  4.39823  1.25664  4.37331e-06  0.248447
-0.314159  4.39823  1.25664  4.9623e-06  0.151624
0.314159  4.39823  1.25664  4.68505e-06  -0.151643
0.942478  4.39823  1.25664  4.02428e-06  -0.248464
1.5708  4.39823  1.25664  3.68102e-06  -0.308397
2.19911  4.39823  1.25664  3.40122e-06  -0.342467
2.82743  4.39823  1.25664  3.15553e-06  -0.36011
4.08407  4.39823  1.25664  2.65634e-06  -0.367502
7.22566  4.39823  1.25664  2.68614e-06  -0.328162
14.7655  4.39823  1.25664  2.02685e-06  -0.222158
-16.6504  4.39823  1.88496  -0.00581738  0.203368
-7.22566  4.39823  1.88496  -0.0166151  0.328317
-5.34071  4.39823  1.88496  -0.021336  0.35666
-4.08407  4.39823  1.88496  -0.0252824  0.367486
-2.82743  4.39823  1.88496  -0.0298959  0.359493
-2.19911  4.39823  1.88496  -0.0323916  0.341251
-1.5708  4.39823  1.88496  -0.0348732  0.30632
-0.942478  4.39823  1.88496  -0.037027  0.244797
-0.314159  4.39823  1.88496  -0.0383472  0.134925
0.314159  4.39823  1.88496  -0.0383477  -0.134946
0.942478  4.39823  1.88496  -0.0370275  -0.244816
1.5708  4.39823  1.88496  -0.0348738  -0.306338
2.19911  4.39823  1.88496  -0.0323923  -0.341268
2.82743  4.39823  1.88496  -0.0298968  -0.359509
4.08407  4.39823  1.88496  -0.0252828  -0.367501
7.22566  4.39823  1.88496  -0.016617  -0.328335
14.7655  4.39823  1.88496  -0.00698025  -0.222193
-16.6504  4.39823  2.51327  -0.0105423  0.203369
-7.22566  4.39823  2.51327  -0.0300305  0.328444
-5.34071  4.39823  2.51327  -0.0384198  0.356833
-4.08407  4.39823  2.51327  -0.0452801  0.367603
-2.82743  4.39823  2.51327  -0.0529507  0.35917
-2.19911  4.39823  2.51327  -0.0568409  0.340196
-1.5708  4.39823  2.51327  -0.0604463  0.303511
-0.942478  4.39823  2.51327  -0.0633291  0.238046
-0.314159  4.39823  2.51327  -0.0649667  0.127692
0.314159  4.39823  2.51327  -0.0649669  -0.127715
0.942478  4.39823  2.51327  -0.0633296  -0.238067
1.5708  4.39823  2.51327  -0.060447  -0.303531
2.19911  4.39823  2.51327  -0.0568417  -0.340215
2.82743  4.39823  2.51327  -0.0529517  -0.359188
4.08407  4.39823  2.51327  -0.0452809  -0.367621
7.22566  4.39823  2.51327  -0.0300326  -0.328464
14.7655  4.39823  2.51327  -0.0126481  -0.222203
-16.6504  4.39823  3.14159  -0.0123429  0.203365
-7.22566  4.39823  3.14159  -0.0351166  0.328487
-5.34071  4.39823  3.14159  -0.0448545  0.356901
-4.08407  4.39823  3.14159  -0.0527367  0.367663
-2.82743  4.39823  3.14159  -0.0613659  0.359078
-2.19911  4.39823  3.14159  -0.0656104  0.339852
-1.5708  4.39823  3.14159  -0.0694191  0.302681
-0.942478  4.39823  3.14159  -0.0723434  0.236272
-0.314159  4.39823  3.14159  -0.0739328  0.117602
0.314159  4.39823  3.14159  -0.0739331  -0.117626
0.942478  4.39823  3.14159  -0.0723439  -0.236294
1.5708  4.39823  3.14159  -0.0694198  -0.302702
2.19911  4.39823  3.14159  -0.0656113  -0.339872
2.82743  4.39823  3.14159  -0.0613671  -0.359098
4.08407  4.39823  3.14159  -0.0527376  -0.367681
7.22566  4.39823  3.14159  -0.0351188  -0.328508
14.7655  4.39823  3.14159  -0.0148076  -0.222203
-16.6504  4.39823  3.76991  -0.0105423  0.203369
-7.22566  4.39823  3.76991  -0.0300305  0.328444
-5.34071  4.39823  3.76991  -0.0384198  0.356833
-4.08407  4.39823  3.76991  -0.0452801  0.367603
-2.82743  4.39823  3.76991  -0.0529507  0.35917
-2.19911  4.39823  3.76991  -0.0568409  0.340196
-1.5708  4.39823  3.76991  -0.0604463  0.303511
-0.942478  4.39823  3.76991  -0.0633291  0.238046
-0.314159  4.39823  3.76991  -0.0649667  0.127692
0.314159  4.39823  3.76991  -0.0649669  -0.127715
0.942478  4.39823  3.76991  -0.0633296  -0.238067
1.5708  4.39823  3.76991  -0.060447  -0.303531
2.19911  4.39823  3.76991  -0.0568417  -0.340215
2.82743  4.39823  3.76991  -0.0529517  -0.359188
4.08407  4.39823  3.76991  -0.0452809  -0.367621
7.22566  4.39823  3.76991  -0.0300326  -0.328464
14.7655  4.39823  3.76991  -0.0126481  -0.222203
-16.6504  4.39823  4.39823  -0.00581738  0.203368
-7.22566  4.39823  4.39823  -0.0166151  0.328317
-5.34071  4.39823  4.39823  -0.021336  0.35666
-4.08407  4.39823  4.39823  -0.0252824  0.367486
-2.82743  4.39823  4.39823  -0.0298959  0.359493
-2.19911  4.39823  4.39823  -0.0323916  0.341251
-1.5708  4.39823  4.39823  -0.0348732  0.30632
-0.942478  4.39823  4.39823  -0.037027  0.244797
-0.314159  4.39823  4.39823  -0.0383472  0.134925
0.314159  4.39823  4.39823  -0.0383477  -0.134946
0.942478  4.39823  4.39823  -0.0370275  -0.244816
1.5708  4.39823  4.39823  -0.0348738  -0.306338
2.19911  4.39823  4.39823  -0.0323923  -0.341268
2.82743  4.39823  4.39823  -0.0298968  -0.359509
4.08407  4.39823  4.39823  -0.0252828  -0.367501
7.22566  4.39823  4.39823  -0.016617  -0.328335
14.7655  4.39823  4.39823  -0.00698025  -0.222193
-16.6504  4.39823  5.02655  2.6049e-06  0.203348
-7.22566  4.39823  5.02655  4.21502e-06  0.328146
-5.34071  4.39823  5.02655  8.86566e-07  0.356494
-4.08407  4.39823  5.02655  2.6393e-06  0.367489
-2.82743  4.39823  5.02655  3.75586e-06  0.360095
-2.19911  4.39823  5.02655  3.87949e-06  0.342452
-1.5708  4.39823  5.02655  4.08311e-06  0.308381
-0.942478  4.39823  5.02655  4.37331e-06  0.248447
-0.314159  4.39823  5.02655  4.9623e-06  0.151624
0.314159  4.39823  5.02655  4.68505e-06  -0.151643
0.942478  4.39823  5.02655  4.02428e-06  -0.248464
1.5708  4.39823  5.02655  3.68102e-06  -0.308397
2.19911  4.39823  5.02655  3.40122e-06  -0.342467
2.82743  4.39823  5.02655  3.15553e-06  -0.36011
4.08407  4.39823  5.02655  2.65634e-06  -0.367502
7.22566  4.39823  5.02655  2.68614e-06  -0.328162
14.7655  4.39823  5.02655  2.02685e-06  -0.222158
-16.6504  4.39823  5.65487  0.00467415  0.203319
-7.22566  4.39823  5.65487  0.0133978  0.328007
-5.34071  4.39823  5.65487  0.0173018  0.356421
-4.08407  4.39823  5.65487  0.0206733  0.367686
-2.82743  4.39823  5.65487  0.0247888  0.361115
-2.19911  4.39823  5.65487  0.0271244  0.344261
-1.5708  4.39823  5.65487  0.0295628  0.311209
-0.942478  4.39823  5.65487  0.0318421  0.251452
-0.314159  4.39823  5.65487  0.0333565  0.140278
0.314159  4.39823  5.65487  0.0333561  -0.140295
0.942478  4.39823  5.65487  0.0318417  -0.251467
1.5708  4.39823  5.65487  0.0295625  -0.311223
2.19911  4.39823  5.65487  0.0271241  -0.344274
2.82743  4.39823  5.65487  0.0247884  -0.361127
4.08407  4.39823  5.65487  0.0206736  -0.367698
7.22566  4.39823  5.65487  0.0133965  -0.328021
14.7655  4.39823  5.65487  0.00560644  -0.222114
-16.6504  4.39823  6.28319  0.00644699  0.203304
-7.22566  4.39823  6.28319  0.0184912  0.32795
-5.34071  4.39823  6.28319  0.0239011  0.3564
-4.08407  4.39823  6.28319  0.0285825  0.367793
-2.82743  4.39823  6.28319  0.0342952  0.361579
-2.19911  4.39823  6.28319  0.0375197  0.344982
-1.5708  4.39823  6.28319  0.0408547  0.311909
-0.942478  4.39823  6.28319  0.0439353  0.250652
-0.314159  4.39823  6.28319  0.0459176  0.139716
0.314159  4.39823  6.28319  0.0459173  -0.139733
0.942478  4.39823  6.28319  0.043935  -0.250666
1.5708  4.39823  6.28319  0.0408544  -0.311923
2.19911  4.39823  6.28319  0.0375195  -0.344994
2.82743  4.39823  6.28319  0.0342949  -0.361591
4.08407  4.39823  6.28319  0.0285829  -0.367804
7.22566  4.39823  6.28319  0.0184901  -0.327964
14.7655  4.39823  6.28319  0.00773323  -0.222093
-16.6504  5.02655  0  0.0123481  0.203378
-7.22566  5.02655  0  0.0351251  0.32849
-5.34071  5.02655  0  0.0448563  0.356905
-4.08407  5.02655  0  0.052742  0.367668
-2.82743  5.02655  0  0.0613735  0.359083
-2.19911  5.02655  0  0.0656182  0.339857
-1.5708  5.02655  0  0.0694273  0.302686
-0.942478  5.02655  0  0.0723521  0.236277
-0.314159  5.02655  0  0.0739422  0.117607
0.314159  5.02655  0  0.073942  -0.11762
0.942478  5.02655  0  0.072352  -0.236289
1.5708  5.02655  0  0.0694273  -0.302697
2.19911  5.02655  0  0.0656182  -0.339867
2.82743  5.02655  0  0.0613735  -0.359092
4.08407  5.02655  0  0.0527429  -0.367676
7.22566  5.02655  0  0.0351242  -0.328501
14.7655  5.02655  0  0.0148116  -0.222199
-16.6504  5.02655  0.628319  0.0105475  0.20338
-7.22566  5.02655  0.628319  0.0300389  0.328447
-5.34071  5.02655  0.628319  0.0384216  0.356836
-4.08407  5.02655  0.628319  0.0452854  0.367607
-2.82743  5.02655  0.628319  0.0529582  0.359174
-2.19911  5.02655  0.628319  0.0568487  0.340199
-1.5708  5.02655  0.628319  0.0604545  0.303515
-0.942478  5.02655  0.628319  0.0633378  0.23805
-0.314159  5.02655  0.628319  0.0649762  0.127696
0.314159  5.02655  0.628319  0.064976  -0.127711
0.942478  5.02655  0.628319  0.0633377  -0.238063
1.5708  5.02655  0.628319  0.0604544  -0.303527
2.19911  5.02655  0.628319  0.0568486  -0.34021
2.82743  5.02655  0.628319  0.0529581  -0.359184
4.08407  5.02655  0.628319  0.0452862  -0.367616
7.22566  5.02655  0.628319  0.030038  -0.328459
14.7655  5.02655  0.628319  0.0126521  -0.222201
-16.6504  5.02655  1.25664  0.00582258  0.203374
-7.22566  5.02655  1.25664  0.0166236  0.328318
-5.34071  5.02655  1.25664  0.0213378  0.356662
-4.08407  5.02655  1.25664  0.0252877  0.367488
-2.82743  5.02655  1.25664  0.0299034  0.359495
-2.19911  5.02655  1.25664  0.0323994  0.341253
-1.5708  5.02655  1.25664  0.0348814  0.306322
-0.942478  5.02655  1.25664  0.0370359  0.244799
-0.314159  5.02655  1.25664  0.038357  0.134927
0.314159  5.02655  1.25664  0.0383567  -0.134944
0.942478  5.02655  1.25664  0.0370356  -0.244814
1.5708  5.02655  1.25664  0.0348812  -0.306335
2.19911  5.02655  1.25664  0.0323992  -0.341266
2.82743  5.02655  1.25664  0.0299031  -0.359507
4.08407  5.02655  1.25664  0.0252881  -0.367499
7.22566  5.02655  1.25664  0.0166223  -0.328332
14.7655  5.02655  1.25664  0.00698429  -0.222192
-16.6504  5.02655  1.88496  2.6049e-06  0.203348
-7.22566  5.02655  1.88496  4.21502e-06  0.328146
-5.34071  5.02655  1.88496  8.86566e-07  0.356494
-4.08407  5.02655  1.88496  2.6393e-06  0.367489
-2.82743  5.02655  1.88496  3.75586e-06  0.360095
-2.19911  5.02655  1.88496  3.87949e-06  0.342452
-1.5708  5.02655  1.88496  4.08311e-06  0.308381
-0.942478  5.02655  1.88496  4.37331e-06  0.248447
-0.314159  5.02655  1.88496  4.9623e-06  0.151624
0.314159  5.02655  1.88496  4.68505e-06  -0.151643
0.942478  5.02655  1.88496  4.02428e-06  -0.248464
1.5708  5.02655  1.88496  3.68102e-06  -0.308397
2.19911  5.02655  1.88496  3.40122e-06  -0.342467
2.82743  5.02655  1.88496  3.15553e-06  -0.36011
4.08407  5.02655  1.88496  2.65634e-06  -0.367502
7.22566  5.02655  1.88496  2.68614e-06  -0.328162
14.7655  5.02655  1.88496  2.02685e-06  -0.222158
-16.6504  5.02655  2.51327  -0.00466894  0.203314
-7.22566  5.02655  2.51327  -0.0133894  0.328005
-5.34071  5.02655  2.51327  -0.0173001  0.356419
-4.08407  5.02655  2.51327  -0.020668  0.367685
-2.82743  5.02655  2.51327  -0.0247812  0.361113
-2.19911  5.02655  2.51327  -0.0271166  0.344259
-1.5708  5.02655  2.51327  -0.0295545  0.311207
-0.942478  5.02655  2.51327  -0.0318331  0.25145
-0.314159  5.02655  2.51327  -0.0333465  0.140276
0.314159  5.02655  2.51327  -0.033347  -0.140297
0.942478  5.02655  2.51327  -0.0318336  -0.251469
1.5708  5.02655  2.51327  -0.0295551  -0.311225
2.19911  5.02655  2.51327  -0.0271173  -0.344276
2.82743  5.02655  2.51327  -0.0247821  -0.361129
4.08407  5.02655  2.51327  -0.0206683  -0.3677
7.22566  5.02655  2.51327  -0.0133912  -0.328024
14.7655  5.02655  2.51327  -0.0056024  -0.222115
-16.6504  5.02655  3.14159  -0.00644178  0.203297
-7.22566  5.02655  3.14159  -0.0184829  0.327948
-5.34071  5.02655  3.14159  -0.0238994  0.356398
-4.08407  5.02655  3.14159  -0.0285772  0.367791
-2.82743  5.02655  3.14159  -0.0342877  0.361576
-2.19911  5.02655  3.14159  -0.0375119  0.344979
-1.5708  5.02655  3.14159  -0.0408464  0.311907
-0.942478  5.02655  3.14159  -0.0439263  0.250649
-0.314159  5.02655  3.14159  -0.0459077  0.139714
0.314159  5.02655  3.14159  -0.0459081  -0.139736
0.942478  5.02655  3.14159  -0.0439269  -0.250669
1.5708  5.02655  3.14159  -0.0408471  -0.311925
2.19911  5.02655  3.14159  -0.0375127  -0.344997
2.82743  5.02655  3.14159  -0.0342886  -0.361594
4.08407  5.02655  3.14159  -0.0285776  -0.367807
7.22566  5.02655  3.14159  -0.0184847  -0.327967
14.7655  5.02655  3.14159  -0.00772919  -0.222095
-16.6504  5.02655  3.76991  -0.00466894  0.203314
-7.22566  5.02655  3.76991  -0.0133894  0.328005
-5.34071  5.02655  3.76991  -0.0173001  0.356419
-4.08407  5.02655  3.76991  -0.020668  0.367685
-2.82743  5.02655  3.76991  -0.0247812  0.361113
-2.19911  5.02655  3.76991  -0.0271166  0.344259
-1.5708  5.02655  3.76991  -0.0295545  0.311207
-0.942478  5.02655  3.76991  -0.0318331  0.25145
-0.314159  5.02655  3.76991  -0.0333465  0.140276
0.314159  5.02655  3.76991  -0.033347  -0.140297
0.942478  5.02655  3.76991  -0.0318336  -0.251469
1.5708  5.02655  3.76991  -0.0295551  -0.311225
2.19911  5.02655  3.76991  -0.0271173  -0.344276
2.82743  5.02655  3.76991  -0.0247821  -0.361129
4.08407  5.02655  3.76991  -0.0206683  -0.3677
7.22566  5.02655  3.76991  -0.0133912  -0.328024
14.7655  5.02655  3.76991  -0.0056024  -0.222115
-16.6504  5.02655  4.39823  2.6049e-06  0.203348
-7.22566  5.02655  4.39823  4.21502e-06  0.328146
-5.34071  5.02655  4.39823  8.86566e-07  0.356494
-4.08407  5.02655  4.39823  2.6393e-06  0.367489
-2.82743  5.02655  4.39823  3.75586e-06  0.360095
-2.19911  5.02655  4.39823  3.87949e-06  0.342452
-1.5708  5.02655  4.39823  4.08311e-06  0.308381
-0.942478  5.02655  4.39823  4.37331e-06  0.248447
-0.314159  5.02655  4.39823  4.9623e-06  0.151624
0.314159  5.02655  4.39823  4.68505e-06  -0.151643
0.942478  5.02655  4.39823  4.02428e-06  -0.248464
1.5708  5.02655  4.39823  3.68102e-06  -0.308397
2.19911  5.02655  4.39823  3.40122e-06  -0.342467
2.82743  5.02655  4.39823  3.15553e-06  -0.36011
4.08407  5.02655  4.39823  2.65634e-06  -0.367502
7.22566  5.02655  4.39823  2.68614e-06  -0.328162
14.7655  5.02655  4.39823  2.02685e-06  -0.222158
-16.6504  5.02655  5.02655  0.00582258  0.203374
-7.22566  5.02655  5.02655  0.0166236  0.328318
-5.34071  5.02655  5.02655  0.0213378  0.356662
-4.08407  5.02655  5.02655  0.0252877  0.367488
-2.82743  5.02655  5.02655  0.0299034  0.359495
-2.19911  5.02655  5.02655  0.0323994  0.341253
-1.5708  5.02655  5.02655  0.0348814  0.306322
-0.942478  5.02655  5.02655  0.0370359  0.244799
-0.314159  5.02655  5.02655  0.038357  0.134927
0.314159  5.02655  5.02655  0.0383567  -0.134944
0.942478  5.02655  5.02655  0.0370356  -0.244814
1.5708  5.02655  5.02655  0.0348812  -0.306335
2.19911  5.02655  5.02655  0.0323992  -0.341266
2.82743  5.02655  5.02655  0.0299031  -0.359507
4.08407  5.02655  5.02655  0.0252881  -0.367499
7.22566  5.02655  5.02655  0.0166223  -0.328332
14.7655  5.02655  5.02655  0.00698429  -0.222192
-16.6504  5.02655  5.65487  0.0105475  0.20338
-7.22566  5.02655  5.65487  0.0300389  0.328447
-5.34071  5.02655  5.65487  0.0384216  0.356836
-4.08407  5.02655  5.65487  0.0452854  0.367607
-2.82743  5.02655  5.65487  0.0529582  0.359174
-2.19911  5.02655  5.65487  0.0568487  0.340199
-1.5708  5.02655  5.65487  0.0604545  0.303515
-0.942478  5.02655  5.65487  0.0633378  0.23805
-0.314159  5.02655  5.65487  0.0649762  0.127696
0.314159  5.02655  5.65487  0.064976  -0.127711
0.942478  5.02655  5.65487  0.0633377  -0.238063
1.5708  5.02655  5.65487  0.0604544  -0.303527
2.19911  5.02655  5.65487  0.0568486  -0.34021
2.82743  5.02655  5.65487  0.0529581  -0.359184
4.08407  5.02655  5.65487  0.0452862  -0.367616
7.22566  5.02655  5.65487  0.030038  -0.328459
14.7655  5.02655  5.65487  0.0126521  -0.222201
-16.6504  5.02655  6.28319  0.0123481  0.203378
-7.22566  5.02655  6.28319  0.0351251  0.32849
-5.34071  5.02655  6.28319  0.0448563  0.356905
-4.08407  5.02655  6.28319  0.052742  0.367668
-2.82743  5.02655  6.28319  0.0613735  0.359083
-2.19911  5.02655  6.28319  0.0656182  0.339857
-1.5708  5.02655  6.28319  0.0694273  0.302686
-0.942478  5.02655  6.28319  0.0723521  0.236277
-0.314159  5.02655  6.28319  0.0739422  0.117607
0.314159  5.02655  6.28319  0.073942  -0.11762
0.942478  5.02655  6.28319  0.072352  -0.236289
1.5708  5.02655  6.28319  0.0694273  -0.302697
2.19911  5.02655  6.28319  0.0656182  -0.339867
2.82743  5.02655  6.28319  0.0613735  -0.359092
4.08407  5.02655  6.28319  0.0527429  -0.367676
7.22566  5.02655  6.28319  0.0351242  -0.328501
14.7655  5.02655  6.28319  0.0148116  -0.222199
-16.6504  5.65487  0  0.0172357  0.203424
-7.22566  5.65487  0  0.0487179  0.328885
-5.34071  5.65487  0  0.0616336  0.357223
-4.08407  5.65487  0  0.0715516  0.367385
-2.82743  5.65487  0  0.0814825  0.35675
-2.19911  5.65487  0  0.085853  0.335405
-1.5708  5.65487  0  0.0893918  0.295104
-0.942478  5.65487  0  0.0918185  0.225334
-0.314159  5.65487  0  0.0930174  0.115059
0.314159  5.65487  0  0.0930174  -0.11507
0.942478  5.65487  0  0.0918186  -0.225344
1.5708  5.65487  0  0.0893919  -0.295113
2.19911  5.65487  0  0.0858532  -0.335413
2.82743  5.65487  0  0.0814828  -0.356757
4.08407  5.65487  0  0.0715529  -0.367392
7.22566  5.65487  0  0.0487171  -0.328895
14.7655  5.65487  0  0.0206742  -0.222267
-16.6504  5.65487  0.628319  0.0153777  0.203415
-7.22566  5.65487  0.628319  0.0435607  0.328774
-5.34071  5.65487  0.628319  0.0552793  0.357132
-4.08407  5.65487  0.628319  0.064445  0.367474
-2.82743  5.65487  0.628319  0.0739173  0.357486
-2.19911  5.65487  0.628319  0.078256  0.336866
-1.5708  5.65487  0.628319  0.0818938  0.29779
-0.942478  5.65487  0.628319  0.0844724  0.229646
-0.314159  5.65487  0.628319  0.0857726  0.112643
0.314159  5.65487  0.628319  0.0857725  -0.112655
0.942478  5.65487  0.628319  0.0844724  -0.229657
1.5708  5.65487  0.628319  0.0818939  -0.2978
2.19911  5.65487  0.628319  0.0782561  -0.336875
2.82743  5.65487  0.628319  0.0739175  -0.357494
4.08407  5.65487  0.628319  0.0644462  -0.367481
7.22566  5.65487  0.628319  0.0435599  -0.328784
14.7655  5.65487  0.628319  0.0184458  -0.222253
-16.6504  5.65487  1.25664  0.0105475  0.20338
-7.22566  5.65487  1.25664  0.0300389  0.328447
-5.34071  5.65487  1.25664  0.0384216  0.356836
-4.08407  5.65487  1.25664  0.0452854  0.367607
-2.82743  5.65487  1.25664  0.0529582  0.359174
-2.19911  5.65487  1.25664  0.0568487  0.340199
-1.5708  5.65487  1.25664  0.0604545  0.303515
-0.942478  5.65487  1.25664  0.0633378  0.23805
-0.314159  5.65487  1.25664  0.0649762  0.127696
0.314159  5.65487  1.25664  0.064976  -0.127711
0.942478  5.65487  1.25664  0.0633377  -0.238063
1.5708  5.65487  1.25664  0.0604544  -0.303527
2.19911  5.65487  1.25664  0.0568486  -0.34021
2.82743  5.65487  1.25664  0.0529581  -0.359184
4.08407  5.65487  1.25664  0.0452862  -0.367616
7.22566  5.65487  1.25664  0.030038  -0.328459
14.7655  5.65487  1.25664  0.0126521  -0.222201
-16.6504  5.65487  1.88496  0.00467415  0.203319
-7.22566  5.65487  1.88496  0.0133978  0.328007
-5.34071  5.65487  1.88496  0.0173018  0.356421
-4.08407  5.65487  1.88496  0.0206733  0.367686
-2.82743  5.65487  1.88496  0.0247888  0.361115
-2.19911  5.65487  1.88496  0.0271244  0.344261
-1.5708  5.65487  1.88496  0.0295628  0.311209
-0.942478  5.65487  1.88496  0.0318421  0.251452
-0.314159  5.65487  1.88496  0.0333565  0.140278
0.314159  5.65487  1.88496  0.0333561  -0.140295
0.942478  5.65487  1.88496  0.0318417  -0.251467
1.5708  5.65487  1.88496  0.0295625  -0.311223
2.19911  5.65487  1.88496  0.0271241  -0.344274
2.82743  5.65487  1.88496  0.0247884  -0.361127
4.08407  5.65487  1.88496  0.0206736  -0.367698
7.22566  5.65487  1.88496  0.0133965  -0.328021
14.7655  5.65487  1.88496  0.00560644  -0.222114
-16.6504  5.65487  2.51327  2.60795e-06  0.203256
-7.22566  5.65487  2.51327  4.15219e-06  0.327628
-5.34071  5.65487  2.51327  8.2701e-07  0.35605
-4.08407  5.65487  2.51327  2.63434e-06  0.367688
-2.82743  5.65487  2.51327  3.7591e-06  0.362553
-2.19911  5.65487  2.51327  3.89917e-06  0.347318
-1.5708  5.65487  2.51327  4.14069e-06  0.316885
-0.942478  5.65487  2.51327  4.49358e-06  0.26108
-0.314159  5.65487  2.51327  5.13385e-06  0.163151
0.314159  5.65487  2.51327  4.72727e-06  -0.163171
0.942478  5.65487  2.51327  4.01842e-06  -0.261097
1.5708  5.65487  2.51327  3.64445e-06  -0.316901
2.19911  5.65487  2.51327  3.34896e-06  -0.347333
2.82743  5.65487  2.51327  3.07617e-06  -0.362567
4.08407  5.65487  2.51327  2.63735e-06  -0.367701
7.22566  5.65487  2.51327  2.68527e-06  -0.327644
14.7655  5.65487  2.51327  2.02158e-06  -0.222029
-16.6504  5.65487  3.14159  -0.00176163  0.203229
-7.22566  5.65487  3.14159  -0.00509025  0.327475
-5.34071  5.65487  3.14159  -0.00665085  0.355896
-4.08407  5.65487  3.14159  -0.00806522  0.367669
-2.82743  5.65487  3.14159  -0.00994235  0.363097
-2.19911  5.65487  3.14159  -0.0111146  0.348581
-1.5708  5.65487  3.14159  -0.0124624  0.319592
-0.942478  5.65487  3.14159  -0.0139641  0.266556
-0.314159  5.65487  3.14159  -0.0150173  0.163717
0.314159  5.65487  3.14159  -0.015018  -0.163737
0.942478  5.65487  3.14159  -0.0139648  -0.266574
1.5708  5.65487  3.14159  -0.012463  -0.319609
2.19911  5.65487  3.14159  -0.0111152  -0.348597
2.82743  5.65487  3.14159  -0.00994315  -0.363112
4.08407  5.65487  3.14159  -0.00806533  -0.367683
7.22566  5.65487  3.14159  -0.00509179  -0.327492
14.7655  5.65487  3.14159  -0.0021146  -0.221993
-16.6504  5.65487  3.76991  2.60795e-06  0.203256
-7.22566  5.65487  3.76991  4.15219e-06  0.327628
-5.34071  5.65487  3.76991  8.2701e-07  0.35605
-4.08407  5.65487  3.76991  2.63434e-06  0.367688
-2.82743  5.65487  3.76991  3.7591e-06  0.362553
-2.19911  5.65487  3.76991  3.89917e-06  0.347318
-1.5708  5.65487  3.76991  4.14069e-06  0.316885
-0.942478  5.65487  3.76991  4.49358e-06  0.26108
-0.314159  5.65487  3.76991  5.13385e-06  0.163151
0.314159  5.65487  3.76991  4.72727e-06  -0.163171
0.942478  5.65487  3.76991  4.01842e-06  -0.261097
1.5708  5.65487  3.76991  3.64445e-06  -0.316901
2.19911  5.65487  3.76991  3.34896e-06  -0.347333
2.82743  5.65487  3.76991  3.07617e-06  -0.362567
4.08407  5.65487  3.76991  2.63735e-06  -0.367701
7.22566  5.65487  3.76991  2.68527e-06  -0.327644
14.7655  5.65487  3.76991  2.02158e-06  -0.222029
-16.6504  5.65487  4.39823  0.00467415  0.203319
-7.22566  5.65487  4.39823  0.0133978  0.328007
-5.34071  5.65487  4.39823  0.0173018  0.356421
-4.08407  5.65487  4.39823  0.0206733  0.367686
-2.82743  5.65487  4.39823  0.0247888  0.361115
-2.19911  5.65487  4.39823  0.0271244  0.344261
-1.5708  5.65487  4.39823  0.0295628  0.311209
-0.942478  5.65487  4.39823  0.0318421  0.251452
-0.314159  5.65487  4.39823  0.0333565  0.140278
0.314159  5.65487  4.39823  0.0333561  -0.140295
0.942478  5.65487  4.39823  0.0318417  -0.251467
1.5708  5.65487  4.39823  0.0295625  -0.311223
2.19911  5.65487  4.39823  0.0271241  -0.344274
2.82743  5.65487  4.39823  0.0247884  -0.361127
4.08407  5.65487  4.39823  0.0206736  -0.367698
7.22566  5.65487  4.39823  0.0133965  -0.328021
14.7655  5.65487  4.39823  0.00560644  -0.222114
-16.6504  5.65487  5.02655  0.0105475  0.20338
-7.22566  5.65487  5.02655  0.0300389  0.328447
-5.34071  5.65487  5.02655  0.0384216  0.356836
-4.08407  5.65487  5.02655  0.0452854  0.367607
-2.82743  5.65487  5.02655  0.0529582  0.359174
-2.19911  5.65487  5.02655  0.0568487  0.340199
-1.5708  5.65487  5.02655  0.0604545  0.303515
-0.942478  5.65487  5.02655  0.0633378  0.23805
-0.314159  5.65487  5.02655  0.0649762  0.127696
0.314159  5.65487  5.02655  0.064976  -0.127711
0.942478  5.65487  5.02655  0.0633377  -0.238063
1.5708  5.65487  5.02655  0.0604544  -0.303527
2.19911  5.65487  5.02655  0.0568486  -0.34021
2.82743  5.65487  5.02655  0.0529581  -0.359184
4.08407  5.65487  5.02655  0.0452862  -0.367616
7.22566  5.65487  5.02655  0.030038  -0.328459
14.7655  5.65487  5.02655  0.0126521  -0.222201
-16.6504  5.65487  5.65487  0.0153777  0.203415
-7.22566  5.65487  5.65487  0.0435607  0.328774
-5.34071  5.65487  5.65487  0.0552793  0.357132
-4.08407  5.65487  5.65487  0.064445  0.367474
-2.82743  5.65487  5.65487  0.0739173  0.357486
-2.19911  5.65487  5.65487  0.078256  0.336866
-1.5708  5.65487  5.65487  0.0818938  0.29779
-0.942478  5.65487  5.65487  0.0844724  0.229646
-0.314159  5.65487  5.65487  0.0857726  0.112643
0.314159  5.65487  5.65487  0.0857725  -0.112655
0.942478  5.65487  5.65487  0.0844724  -0.229657
1.5708  5.65487  5.65487  0.0818939  -0.2978
2.19911  5.65487  5.65487  0.0782561  -0.336875
2.82743  5.65487  5.65487  0.0739175  -0.357494
4.08407  5.65487  5.65487  0.0644462  -0.367481
7.22566  5.65487  5.65487  0.0435599  -0.328784
14.7655  5.65487  5.65487  0.0184458  -0.222253
-16.6504  5.65487  6.28319  0.0172357  0.203424
-7.22566  5.65487  6.28319  0.0487179  0.328885
-5.34071  5.65487  6.28319  0.0616336  0.357223
-4.08407  5.65487  6.28319  0.0715516  0.367385
-2.82743  5.65487  6.28319  0.0814825  0.35675
-2.19911  5.65487  6.28319  0.085853  0.335405
-1.5708  5.65487  6.28319  0.0893918  0.295104
-0.942478  5.65487  6.28319  0.0918185  0.225334
-0.314159  5.65487  6.28319  0.0930174  0.115059
0.314159  5.65487  6.28319  0.0930174  -0.11507
0.942478  5.65487  6.28319  0.0918186  -0.225344
1.5708  5.65487  6.28319  0.0893919  -0.295113
2.19911  5.65487  6.28319  0.0858532  -0.335413
2.82743  5.65487  6.28319  0.0814828  -0.356757
4.08407  5.65487  6.28319  0.0715529  -0.367392
7.22566  5.65487  6.28319  0.0487171  -0.328895
14.7655  5.65487  6.28319  0.0206742  -0.222267
-16.6504  6.28319  0  0.0191366  0.203436
-7.22566  6.28319  0  0.0539728  0.329019
-5.34071  6.28319  0  0.0680511  0.357317
-4.08407  6.28319  0  0.0786473  0.367234
-2.82743  6.28319  0  0.0889195  0.355834
-2.19911  6.28319  0  0.0932715  0.33381
-1.5708  6.28319  0  0.09669  0.292811
-0.942478  6.28319  0  0.0989756  0.222939
-0.314159  6.28319  0  0.100093  0.107795
0.314159  6.28319  0  0.100093  -0.107805
0.942478  6.28319  0  0.0989757  -0.222948
1.5708  6.28319  0  0.0966902  -0.292819
2.19911  6.28319  0  0.0932717  -0.333818
2.82743  6.28319  0  0.0889198  -0.355841
4.08407  6.28319  0  0.0786487  -0.36724
7.22566  6.28319  0  0.0539721  -0.329029
14.7655  6.28319  0  0.0229547  -0.222287
-16.6504  6.28319  0.628319  0.0172357  0.203424
-7.22566  6.28319  0.628319  0.0487179  0.328885
-5.34071  6.28319  0.628319  0.0616336  0.357223
-4.08407  6.28319  0.628319  0.0715516  0.367385
-2.82743  6.28319  0.628319  0.0814825  0.35675
-2.19911  6.28319  0.628319  0.085853  0.335405
-1.5708  6.28319  0.628319  0.0893918  0.295104
-0.942478  6.28319  0.628319  0.0918185  0.225334
-0.314159  6.28319  0.628319  0.0930174  0.115059
0.314159  6.28319  0.628319  0.0930174  -0.11507
0.942478  6.28319  0.628319  0.0918186  -0.225344
1.5708  6.28319  0.628319  0.0893919  -0.295113
2.19911  6.28319  0.628319  0.0858532  -0.335413
2.82743  6.28319  0.628319  0.0814828  -0.356757
4.08407  6.28319  0.628319  0.0715529  -0.367392
7.22566  6.28319  0.628319  0.0487171  -0.328895
14.7655  6.28319  0.628319  0.0206742  -0.222267
-16.6504  6.28319  1.25664  0.0123481  0.203378
-7.22566  6.28319  1.25664  0.0351251  0.32849
-5.34071  6.28319  1.25664  0.0448563  0.356905
-4.08407  6.28319  1.25664  0.052742  0.367668
-2.82743  6.28319  1.25664  0.0613735  0.359083
-2.19911  6.28319  1.25664  0.0656182  0.339857
-1.5708  6.28319  1.25664  0.0694273  0.302686
-0.942478  6.28319  1.25664  0.0723521  0.236277
-0.314159  6.28319  1.25664  0.0739422  0.117607
0.314159  6.28319  1.25664  0.073942  -0.11762
0.942478  6.28319  1.25664  0.072352  -0.236289
1.5708  6.28319  1.25664  0.0694273  -0.302697
2.19911  6.28319  1.25664  0.0656182  -0.339867
2.82743  6.28319  1.25664  0.0613735  -0.359092
4.08407  6.28319  1.25664  0.0527429  -0.367676
7.22566  6.28319  1.25664  0.0351242  -0.328501
14.7655  6.28319  1.25664  0.0148116  -0.222199
-16.6504  6.28319  1.88496  0.00644699  0.203304
-7.22566  6.28319  1.88496  0.0184912  0.32795
-5.34071  6.28319  1.88496  0.0239011  0.3564
-4.08407  6.28319  1.88496  0.0285825  0.367793
-2.82743  6.28319  1.88496  0.0342952  0.361579
-2.19911  6.28319  1.88496  0.0375197  0.344982
-1.5708  6.28319  1.88496  0.0408547  0.311909
-0.942478  6.28319  1.88496  0.0439353  0.250652
-0.314159  6.28319  1.88496  0.0459176  0.139716
0.314159  6.28319  1.88496  0.0459173  -0.139733
0.942478  6.28319  1.88496  0.043935  -0.250666
1.5708  6.28319  1.88496  0.0408544  -0.311923
2.19911  6.28319  1.88496  0.0375195  -0.344994
2.82743  6.28319  1.88496  0.0342949  -0.361591
4.08407  6.28319  1.88496  0.0285829  -0.367804
7.22566  6.28319  1.88496  0.0184901  -0.327964
14.7655  6.28319  1.88496  0.00773323  -0.222093
-16.6504  6.28319  2.51327  0.00176685  0.203231
-7.22566  6.28319  2.51327  0.00509852  0.327476
-5.34071  6.28319  2.51327  0.00665248  0.355897
-4.08407  6.28319  2.51327  0.00807047  0.36767
-2.82743  6.28319  2.51327  0.00994986  0.363098
-2.19911  6.28319  2.51327  0.0111224  0.348582
-1.5708  6.28319  2.51327  0.0124707  0.319593
-0.942478  6.28319  2.51327  0.0139733  0.266557
-0.314159  6.28319  2.51327  0.0150279  0.163717
0.314159  6.28319  2.51327  0.0150272  -0.163736
0.942478  6.28319  2.51327  0.0139728  -0.266573
1.5708  6.28319  2.51327  0.0124703  -0.319608
2.19911  6.28319  2.51327  0.0111219  -0.348596
2.82743  6.28319  2.51327  0.00994925  -0.363111
4.08407  6.28319  2.51327  0.0080706  -0.367682
7.22566  6.28319  2.51327  0.00509717  -0.327491
14.7655  6.28319  2.51327  0.00211863  -0.221992
-16.6504  6.28319  3.14159  2.60848e-06  0.2032
-7.22566  6.28319  3.14159  4.11698e-06  0.327285
-5.34071  6.28319  3.14159  7.87408e-07  0.355678
-4.08407  6.28319  3.14159  2.61525e-06  0.367558
-2.82743  6.28319  3.14159  3.73032e-06  0.363491
-2.19911  6.28319  3.14159  3.86468e-06  0.34961
-1.5708  6.28319  3.14159  4.10701e-06  0.321802
-0.942478  6.28319  3.14159  4.48804e-06  0.271395
-0.314159  6.28319  3.14159  5.31566e-06  0.1861
0.314159  6.28319  3.14159  4.88162e-06  -0.18612
0.942478  6.28319  3.14159  4.0006e-06  -0.271412
1.5708  6.28319  3.14159  3.60762e-06  -0.321817
2.19911  6.28319  3.14159  3.30868e-06  -0.349624
2.82743  6.28319  3.14159  3.02637e-06  -0.363506
4.08407  6.28319  3.14159  2.63464e-06  -0.367571
7.22566  6.28319  3.14159  2.68689e-06  -0.327302
14.7655  6.28319  3.14159  2.01482e-06  -0.221951
-16.6504  6.28319  3.76991  0.00176685  0.203231
-7.22566  6.28319  3.76991  0.00509852  0.327476
-5.34071  6.28319  3.76991  0.00665248  0.355897
-4.08407  6.28319  3.76991  0.00807047  0.36767
-2.82743  6.28319  3.76991  0.00994986  0.363098
-2.19911  6.28319  3.76991  0.0111224  0.348582
-1.5708  6.28319  3.76991  0.0124707  0.319593
-0.942478  6.28319  3.76991  0.0139733  0.266557
-0.314159  6.28319  3.76991  0.0150279  0.163717
0.314159  6.28319  3.76991  0.0150272  -0.163736
0.942478  6.28319  3.76991  0.0139728  -0.266573
1.5708  6.28319  3.76991  0.0124703  -0.319608
2.19911  6.28319  3.76991  0.0111219  -0.348596
2.82743  6.28319  3.76991  0.00994925  -0.363111
4.08407  6.28319  3.76991  0.0080706  -0.367682
7.22566  6.28319  3.76991  0.00509717  -0.327491
14.7655  6.28319  3.76991  0.00211863  -0.221992
-16.6504  6.28319  4.39823  0.00644699  0.203304
-7.22566  6.28319  4.39823  0.0184912  0.32795
-5.34071  6.28319  4.39823  0.0239011  0.3564
-4.08407  6.28319  4.39823  0.0285825  0.367793
-2.82743  6.28319  4.39823  0.0342952  0.361579
-2.19911  6.28319  4.39823  0.0375197  0.344982
-1.5708  6.28319  4.39823  0.0408547  0.311909
-0.942478  6.28319  4.39823  0.0439353  0.250652
-0.314159  6.28319  4.39823  0.0459176  0.139716
0.314159  6.28319  4.39823  0.0459173  -0.139733
0.942478  6.28319  4.39823  0.043935  -0.250666
1.5708  6.28319  4.39823  0.0408544  -0.311923
2.19911  6.28319  4.39823  0.0375195  -0.344994
2.82743  6.28319  4.39823  0.0342949  -0.361591
4.08407  6.28319  4.39823  0.0285829  -0.367804
7.22566  6.28319  4.39823  0.0184901  -0.327964
14.7655  6.28319  4.39823  0.00773323  -0.222093
-16.6504  6.28319  5.02655  0.0123481  0.203378
-7.22566  6.28319  5.02655  0.0351251  0.32849
-5.34071  6.28319  5.02655  0.0448563  0.356905
-4.08407  6.28319  5.02655  0.052742  0.367668
-2.82743  6.28319  5.02655  0.0613735  0.359083
-2.19911  6.28319  5.02655  0.0656182  0.339857
-1.5708  6.28319  5.02655  0.0694273  0.302686
-0.942478  6.28319  5.02655  0.0723521  0.236277
-0.314159  6.28319  5.02655  0.0739422  0.117607
0.314159  6.28319  5.02655  0.073942  -0.11762
0.942478  6.28319  5.02655  0.072352  -0.236289
1.5708  6.28319  5.02655  0.0694273  -0.302697
2.19911  6.28319  5.02655  0.0656182  -0.339867
2.82743  6.28319  5.02655  0.0613735  -0.359092
4.08407  6.28319  5.02655  0.0527429  -0.367676
7.22566  6.28319  5.02655  0.0351242  -0.328501
14.7655  6.28319  5.02655  0.0148116  -0.222199
-16.6504  6.28319  5.65487  0.0172357  0.203424
-7.22566  6.28319  5.65487  0.0487179  0.328885
-5.34071  6.28319  5.65487  0.0616336  0.357223
-4.08407  6.28319  5.65487  0.0715516  0.367385
-2.82743  6.28319  5.65487  0.0814825  0.35675
-2.19911  6.28319  5.65487  0.085853  0.335405
-1.5708  6.28319  5.65487  0.0893918  0.295104
-0.942478  6.28319  5.65487  0.0918185  0.225334
-0.314159  6.28319  5.65487  0.0930174  0.115059
0.314159  6.28319  5.65487  0.0930174  -0.11507
0.942478  6.28319  5.65487  0.0918186  -0.225344
1.5708  6.28319  5.65487  0.0893919  -0.295113
2.19911  6.28319  5.65487  0.0858532  -0.335413
2.82743  6.28319  5.65487  0.0814828  -0.356757
4.08407  6.28319  5.65487  0.0715529  -0.367392
7.22566  6.28319  5.65487  0.0487171  -0.328895
14.7655  6.28319  5.65487  0.0206742  -0.222267
-16.6504  6.28319  6.28319  0.0191366  0.203436
-7.22566  6.28319  6.28319  0.0539728  0.329019
-5.34071  6.28319  6.28319  0.0680511  0.357317
-4.08407  6.28319  6.28319  0.0786473  0.367234
-2.82743  6.28319  6.28319  0.0889195  0.355834
-2.19911  6.28319  6.28319  0.0932715  0.33381
-1.5708  6.28319  6.28319  0.09669  0.292811
-0.942478  6.28319  6.28319  0.0989756  0.222939
-0.314159  6.28319  6.28319  0.100093  0.107795
0.314159  6.28319  6.28319  0.100093  -0.107805
0.942478  6.28319  6.28319  0.0989757  -0.222948
1.5708  6.28319  6.28319  0.0966902  -0.292819
2.19911  6.28319  6.28319  0.0932717  -0.333818
2.82743  6.28319  6.28319  0.0889198  -0.355841
4.08407  6.28319  6.28319  0.0786487  -0.36724
7.22566  6.28319  6.28319  0.0539721  -0.329029
14.7655  6.28319  6.28319  0.0229547  -0.222287
