-16.6504  0  0  0.0132739  0.0561982
-7.22566  0  0  0.0543198  0.103995
-5.34071  0  0  0.0820392  0.118888
-4.08407  0  0  0.11143  0.126489
-2.82743  0  0  0.153799  0.125179
-2.19911  0  0  0.180214  0.116842
-1.5708  0  0  0.208634  0.0996109
-0.942478  0  0  0.235339  0.0703067
-0.314159  0  0  0.253449  0.0274222
0.314159  0  0  0.253449  -0.0274229
0.942478  0  0  0.235339  -0.0703071
1.5708  0  0  0.208634  -0.0996112
2.19911  0  0  0.180214  -0.116842
2.82743  0  0  0.153799  -0.125179
4.08407  0  0  0.11143  -0.126489
7.22566  0  0  0.0543197  -0.103995
14.7655  0  0  0.01654  -0.0623321
-16.6504  0  0.628319  0.0121231  0.0567435
-7.22566  0  0.628319  0.0511281  0.108214
-5.34071  0  0.628319  0.0788307  0.1263
-4.08407  0  0.628319  0.109483  0.13742
-2.82743  0  0.628319  0.156165  0.140606
-2.19911  0  0.628319  0.186887  0.134101
-1.5708  0  0.628319  0.221469  0.11711
-0.942478  0  0.628319  0.25556  0.0846365
-0.314159  0  0.628319  0.279542  0.034038
0.314159  0  0.628319  0.279542  -0.0340389
0.942478  0  0.628319  0.25556  -0.084637
1.5708  0  0.628319  0.221468  -0.11711
2.19911  0  0.628319  0.186887  -0.134101
2.82743  0  0.628319  0.156165  -0.140606
4.08407  0  0.628319  0.109483  -0.13742
7.22566  0  0.628319  0.051128  -0.108214
14.7655  0  0.628319  0.0151421  -0.0630867
-16.6504  0  1.25664  0.00895915  0.0579486
-7.22566  0  1.25664  0.0405247  0.118521
-5.34071  0  1.25664  0.0658371  0.145779
-4.08407  0  1.25664  0.0971749  0.168635
-2.82743  0  1.25664  0.153182  0.190919
-2.19911  0  1.25664  0.196927  0.19589
-1.5708  0  1.25664  0.254725  0.187248
-0.942478  0  1.25664  0.323468  0.149779
-0.314159  0  1.25664  0.382063  0.0648412
0.314159  0  1.25664  0.382062  -0.0648431
0.942478  0  1.25664  0.323467  -0.14978
1.5708  0  1.25664  0.254724  -0.187249
2.19911  0  1.25664  0.196927  -0.19589
2.82743  0  1.25664  0.153181  -0.190919
4.08407  0  1.25664  0.0971747  -0.168635
7.22566  0  1.25664  0.0405246  -0.118521
14.7655  0  1.25664  0.0112495  -0.0647675
-16.6504  0  1.88496  0.0048105  0.0589414
-7.22566  0  1.88496  0.0231426  0.12821
-5.34071  0  1.88496  0.0395921  0.16609
-4.08407  0  1.88496  0.0625098  0.205622
-2.82743  0  1.88496  0.112437  0.266061
-2.19911  0  1.88496  0.162373  0.307259
-1.5708  0  1.88496  0.250996  0.352358
-0.942478  0  1.88496  0.416328  0.371242
-0.314159  0  1.88496  0.671034  0.22796
0.314159  0  1.88496  0.671029  -0.227967
0.942478  0  1.88496  0.416324  -0.371243
1.5708  0  1.88496  0.250994  -0.352357
2.19911  0  1.88496  0.162372  -0.307259
2.82743  0  1.88496  0.112436  -0.26606
4.08407  0  1.88496  0.0625095  -0.205621
7.22566  0  1.88496  0.0231426  -0.128209
14.7655  0  1.88496  0.00606682  -0.0661656
-16.6504  0  2.51327  0.00133783  0.0593041
-7.22566  0  2.51327  0.00658952  0.132066
-5.34071  0  2.51327  0.0115155  0.174784
-4.08407  0  2.51327  0.0187343  0.223058
-2.82743  0  2.51327  0.0360555  0.309223
-2.19911  0  2.51327  0.0559487  0.384368
-1.5708  0  2.51327  0.0995918  0.509525
-0.942478  0  2.51327  0.230401  0.756979
-0.314159  0  2.51327  1.01082  1.31643
0.314159  0  2.51327  1.01077  -1.31641
0.942478  0  2.51327  0.230395  -0.75697
1.5708  0  2.51327  0.0995904  -0.509522
2.19911  0  2.51327  0.0559481  -0.384365
2.82743  0  2.51327  0.0360552  -0.309222
4.08407  0  2.51327  0.0187342  -0.223057
7.22566  0  2.51327  0.00658952  -0.132066
14.7655  0  2.51327  0.00168995  -0.0666795
-16.6504  0  3.14159  -9.18332e-09  0.0593344
-7.22566  0  3.14159  -7.21682e-08  0.132399
-5.34071  0  3.14159  -2.42662e-08  0.17555
-4.08407  0  3.14159  -1.3197e-07  0.224637
-2.82743  0  3.14159  -3.66364e-07  0.313389
-2.19911  0  3.14159  -5.94932e-07  0.392353
-1.5708  0  3.14159  -1.14659e-06  0.528374
-0.942478  0  3.14159  -3.04587e-06  0.82381
-0.314159  0  3.14159  -2.12406e-05  1.99896
0.314159  0  3.14159  -1.95046e-05  -1.99888
0.942478  0  3.14159  -2.71498e-06  -0.823798
1.5708  0  3.14159  -1.00716e-06  -0.52837
2.19911  0  3.14159  -5.09336e-07  -0.392351
2.82743  0  3.14159  -2.97224e-07  -0.313387
4.08407  0  3.14159  -1.32948e-07  -0.224636
7.22566  0  3.14159  -4.70994e-08  -0.132398
14.7655  0  3.14159  -8.96978e-09  -0.0667226
-16.6504  0  3.76991  0.00133783  0.0593041
-7.22566  0  3.76991  0.00658952  0.132066
-5.34071  0  3.76991  0.0115155  0.174784
-4.08407  0  3.76991  0.0187343  0.223058
-2.82743  0  3.76991  0.0360555  0.309223
-2.19911  0  3.76991  0.0559487  0.384368
-1.5708  0  3.76991  0.0995918  0.509525
-0.942478  0  3.76991  0.230401  0.756979
-0.314159  0  3.76991  1.01082  1.31643
0.314159  0  3.76991  1.01077  -1.31641
0.942478  0  3.76991  0.230395  -0.75697
1.5708  0  3.76991  0.0995904  -0.509522
2.19911  0  3.76991  0.0559481  -0.384365
2.82743  0  3.76991  0.0360552  -0.309222
4.08407  0  3.76991  0.0187342  -0.223057
7.22566  0  3.76991  0.00658952  -0.132066
14.7655  0  3.76991  0.00168995  -0.0666795
-16.6504  0  4.39823  0.0048105  0.0589414
-7.22566  0  4.39823  0.0231426  0.12821
-5.34071  0  4.39823  0.0395921  0.16609
-4.08407  0  4.39823  0.0625098  0.205622
-2.82743  0  4.39823  0.112437  0.266061
-2.19911  0  4.39823  0.162373  0.307259
-1.5708  0  4.39823  0.250996  0.352358
-0.942478  0  4.39823  0.416328  0.371242
-0.314159  0  4.39823  0.671034  0.22796
0.314159  0  4.39823  0.671029  -0.227967
0.942478  0  4.39823  0.416324  -0.371243
1.5708  0  4.39823  0.250994  -0.352357
2.19911  0  4.39823  0.162372  -0.307259
2.82743  0  4.39823  0.112436  -0.26606
4.08407  0  4.39823  0.0625095  -0.205621
7.22566  0  4.39823  0.0231426  -0.128209
14.7655  0  4.39823  0.00606682  -0.0661656
-16.6504  0  5.02655  0.00895915  0.0579486
-7.22566  0  5.02655  0.0405247  0.118521
-5.34071  0  5.02655  0.0658371  0.145779
-4.08407  0  5.02655  0.0971749  0.168635
-2.82743  0  5.02655  0.153182  0.190919
-2.19911  0  5.02655  0.196927  0.19589
-1.5708  0  5.02655  0.254725  0.187248
-0.942478  0  5.02655  0.323468  0.149779
-0.314159  0  5.02655  0.382063  0.0648412
0.314159  0  5.02655  0.382062  -0.0648431
0.942478  0  5.02655  0.323467  -0.14978
1.5708  0  5.02655  0.254724  -0.187249
2.19911  0  5.02655  0.196927  -0.19589
2.82743  0  5.02655  0.153181  -0.190919
4.08407  0  5.02655  0.0971747  -0.168635
7.22566  0  5.02655  0.0405246  -0.118521
14.7655  0  5.02655  0.0112495  -0.0647675
-16.6504  0  5.65487  0.0121231  0.0567435
-7.22566  0  5.65487  0.0511281  0.108214
-5.34071  0  5.65487  0.0788307  0.1263
-4.08407  0  5.65487  0.109483  0.13742
-2.82743  0  5.65487  0.156165  0.140606
-2.19911  0  5.65487  0.186887  0.134101
-1.5708  0  5.65487  0.221469  0.11711
-0.942478  0  5.65487  0.25556  0.0846365
-0.314159  0  5.65487  0.279542  0.034038
0.314159  0  5.65487  0.279542  -0.0340389
0.942478  0  5.65487  0.25556  -0.084637
1.5708  0  5.65487  0.221468  -0.11711
2.19911  0  5.65487  0.186887  -0.134101
2.82743  0  5.65487  0.156165  -0.140606
4.08407  0  5.65487  0.109483  -0.13742
7.22566  0  5.65487  0.051128  -0.108214
14.7655  0  5.65487  0.0151421  -0.0630867
-16.6504  0  6.28319  0.0132739  0.0561982
-7.22566  0  6.28319  0.0543198  0.103995
-5.34071  0  6.28319  0.0820392  0.118888
-4.08407  0  6.28319  0.11143  0.126489
-2.82743  0  6.28319  0.153799  0.125179
-2.19911  0  6.28319  0.180214  0.116842
-1.5708  0  6.28319  0.208634  0.0996109
-0.942478  0  6.28319  0.235339  0.0703067
-0.314159  0  6.28319  0.253449  0.0274222
0.314159  0  6.28319  0.253449  -0.0274229
0.942478  0  6.28319  0.235339  -0.0703071
1.5708  0  6.28319  0.208634  -0.0996112
2.19911  0  6.28319  0.180214  -0.116842
2.82743  0  6.28319  0.153799  -0.125179
4.08407  0  6.28319  0.11143  -0.126489
7.22566  0  6.28319  0.0543197  -0.103995
14.7655  0  6.28319  0.01654  -0.0623321
-16.6504  0.628319  0  0.0121231  0.0567435
-7.22566  0.628319  0  0.0511281  0.108214
-5.34071  0.628319  0  0.0788307  0.1263
-4.08407  0.628319  0  0.109483  0.13742
-2.82743  0.628319  0  0.156165  0.140606
-2.19911  0.628319  0  0.186887  0.134101
-1.5708  0.628319  0  0.221469  0.11711
-0.942478  0.628319  0  0.25556  0.0846365
-0.314159  0.628319  0  0.279542  0.034038
0.314159  0.628319  0  0.279542  -0.0340389
0.942478  0.628319  0  0.25556  -0.084637
1.5708  0.628319  0  0.221468  -0.11711
2.19911  0.628319  0  0.186887  -0.134101
2.82743  0.628319  0  0.156165  -0.140606
4.08407  0.628319  0  0.109483  -0.13742
7.22566  0.628319  0  0.051128  -0.108214
14.7655  0.628319  0  0.0151421  -0.0630867
-16.6504  0.628319  0.628319  0.0109389  0.0572432
-7.22566  0.628319  0.628319  0.047464  0.112314
-5.34071  0.628319  0.628319  0.0746966  0.133806
-4.08407  0.628319  0.628319  0.106162  0.149003
-2.82743  0.628319  0.628319  0.156986  0.158116
-2.19911  0.628319  0.628319  0.192515  0.154605
-1.5708  0.628319  0.628319  0.234678  0.139027
-0.942478  0.628319  0.628319  0.278744  0.103669
-0.314159  0.628319  0.628319  0.311709  0.0422304
0.314159  0.628319  0.628319  0.311709  -0.0422316
0.942478  0.628319  0.628319  0.278743  -0.10367
1.5708  0.628319  0.628319  0.234677  -0.139028
2.19911  0.628319  0.628319  0.192514  -0.154605
2.82743  0.628319  0.628319  0.156985  -0.158116
4.08407  0.628319  0.628319  0.106161  -0.149003
7.22566  0.628319  0.628319  0.0474639  -0.112314
14.7655  0.628319  0.628319  0.0136929  -0.0637816
-16.6504  0.628319  1.25664  0.00770065  0.0583169
-7.22566  0.628319  1.25664  0.0356207  0.121976
-5.34071  0.628319  1.25664  0.0589313  0.152783
-4.08407  0.628319  1.25664  0.0889948  0.180838
-2.82743  0.628319  1.25664  0.146317  0.213573
-2.19911  0.628319  1.25664  0.194623  0.226783
-1.5708  0.628319  1.25664  0.263828  0.22729
-0.942478  0.628319  1.25664  0.355346  0.193073
-0.314159  0.628319  1.25664  0.442279  0.0900115
0.314159  0.628319  1.25664  0.442278  -0.0900142
0.942478  0.628319  1.25664  0.355344  -0.193074
1.5708  0.628319  1.25664  0.263826  -0.22729
2.19911  0.628319  1.25664  0.194622  -0.226783
2.82743  0.628319  1.25664  0.146316  -0.213573
4.08407  0.628319  1.25664  0.0889945  -0.180838
7.22566  0.628319  1.25664  0.0356206  -0.121976
14.7655  0.628319  1.25664  0.00968495  -0.0652847
-16.6504  0.628319  1.88496  0.00349188  0.0591277
-7.22566  0.628319  1.88496  0.0170012  0.130165
-5.34071  0.628319  1.88496  0.0294019  0.170455
-4.08407  0.628319  1.88496  0.0471346  0.214261
-2.82743  0.628319  1.88496  0.0877156  0.286795
-2.19911  0.628319  1.88496  0.131199  0.342993
-1.5708  0.628319  1.88496  0.216437  0.419745
-0.942478  0.628319  1.88496  0.409751  0.505303
-0.314159  0.628319  1.88496  0.847254  0.39831
0.314159  0.628319  1.88496  0.847243  -0.39832
0.942478  0.628319  1.88496  0.409744  -0.505302
1.5708  0.628319  1.88496  0.216435  -0.419743
2.19911  0.628319  1.88496  0.131198  -0.342991
2.82743  0.628319  1.88496  0.087715  -0.286794
4.08407  0.628319  1.88496  0.0471344  -0.214261
7.22566  0.628319  1.88496  0.0170012  -0.130165
14.7655  0.628319  1.88496  0.00440744  -0.0664294
-16.6504  0.628319  2.51327  -9.18141e-09  0.0593342
-7.22566  0.628319  2.51327  -7.27788e-08  0.132393
-5.34071  0.628319  2.51327  -2.54833e-08  0.175538
-4.08407  0.628319  2.51327  -1.32926e-07  0.22463
-2.82743  0.628319  2.51327  -3.69408e-07  0.313481
-2.19911  0.628319  2.51327  -6.01322e-07  0.392706
-1.5708  0.628319  2.51327  -1.16202e-06  0.529751
-0.942478  0.628319  2.51327  -3.10212e-06  0.83087
-0.314159  0.628319  2.51327  -2.25342e-05  2.09507
0.314159  0.628319  2.51327  -2.07478e-05  -2.09499
0.942478  0.628319  2.51327  -2.77402e-06  -0.830858
1.5708  0.628319  2.51327  -1.02275e-06  -0.529746
2.19911  0.628319  2.51327  -5.16464e-07  -0.392704
2.82743  0.628319  2.51327  -3.02294e-07  -0.31348
4.08407  0.628319  2.51327  -1.33077e-07  -0.22463
7.22566  0.628319  2.51327  -4.70666e-08  -0.132392
14.7655  0.628319  2.51327  -8.99977e-09  -0.0667222
-16.6504  0.628319  3.14159  -0.00133785  0.0593041
-7.22566  0.628319  3.14159  -0.00658967  0.132066
-5.34071  0.628319  3.14159  -0.0115155  0.174785
-4.08407  0.628319  3.14159  -0.0187346  0.223058
-2.82743  0.628319  3.14159  -0.0360562  0.309223
-2.19911  0.628319  3.14159  -0.0559498  0.384367
-1.5708  0.628319  3.14159  -0.0995939  0.509525
-0.942478  0.628319  3.14159  -0.230406  0.756976
-0.314159  0.628319  3.14159  -1.01083  1.3164
0.314159  0.628319  3.14159  -1.01078  -1.31639
0.942478  0.628319  3.14159  -0.230399  -0.756967
1.5708  0.628319  3.14159  -0.0995921  -0.509521
2.19911  0.628319  3.14159  -0.0559491  -0.384365
2.82743  0.628319  3.14159  -0.0360558  -0.309222
4.08407  0.628319  3.14159  -0.0187345  -0.223057
7.22566  0.628319  3.14159  -0.00658961  -0.132066
14.7655  0.628319  3.14159  -0.00168997  -0.0666795
-16.6504  0.628319  3.76991  -9.18141e-09  0.0593342
-7.22566  0.628319  3.76991  -7.27788e-08  0.132393
-5.34071  0.628319  3.76991  -2.54833e-08  0.175538
-4.08407  0.628319  3.76991  -1.32926e-07  0.22463
-2.82743  0.628319  3.76991  -3.69408e-07  0.313481
-2.19911  0.628319  3.76991  -6.01322e-07  0.392706
-1.5708  0.628319  3.76991  -1.16202e-06  0.529751
-0.942478  0.628319  3.76991  -3.10212e-06  0.83087
-0.314159  0.628319  3.76991  -2.25342e-05  2.09507
0.314159  0.628319  3.76991  -2.07478e-05  -2.09499
0.942478  0.628319  3.76991  -2.77402e-06  -0.830858
1.5708  0.628319  3.76991  -1.02275e-06  -0.529746
2.19911  0.628319  3.76991  -5.16464e-07  -0.392704
2.82743  0.628319  3.76991  -3.02294e-07  -0.31348
4.08407  0.628319  3.76991  -1.33077e-07  -0.22463
7.22566  0.628319  3.76991  -4.70666e-08  -0.132392
14.7655  0.628319  3.76991  -8.99977e-09  -0.0667222
-16.6504  0.628319  4.39823  0.00349188  0.0591277
-7.22566  0.628319  4.39823  0.0170012  0.130165
-5.34071  0.628319  4.39823  0.0294019  0.170455
-4.08407  0.628319  4.39823  0.0471346  0.214261
-2.82743  0.628319  4.39823  0.0877156  0.286795
-2.19911  0.628319  4.39823  0.131199  0.342993
-1.5708  0.628319  4.39823  0.216437  0.419745
-0.942478  0.628319  4.39823  0.409751  0.505303
-0.314159  0.628319  4.39823  0.847254  0.39831
0.314159  0.628319  4.39823  0.847243  -0.39832
0.942478  0.628319  4.39823  0.409744  -0.505302
1.5708  0.628319  4.39823  0.216435  -0.419743
2.19911  0.628319  4.39823  0.131198  -0.342991
2.82743  0.628319  4.39823  0.087715  -0.286794
4.08407  0.628319  4.39823  0.0471344  -0.214261
7.22566  0.628319  4.39823  0.0170012  -0.130165
14.7655  0.628319  4.39823  0.00440744  -0.0664294
-16.6504  0.628319  5.02655  0.00770065  0.0583169
-7.22566  0.628319  5.02655  0.0356207  0.121976
-5.34071  0.628319  5.02655  0.0589313  0.152783
-4.08407  0.628319  5.02655  0.0889948  0.180838
-2.82743  0.628319  5.02655  0.146317  0.213573
-2.19911  0.628319  5.02655  0.194623  0.226783
-1.5708  0.628319  5.02655  0.263828  0.22729
-0.942478  0.628319  5.02655  0.355346  0.193073
-0.314159  0.628319  5.02655  0.442279  0.0900115
0.314159  0.628319  5.02655  0.442278  -0.0900142
0.942478  0.628319  5.02655  0.355344  -0.193074
1.5708  0.628319  5.02655  0.263826  -0.22729
2.19911  0.628319  5.02655  0.194622  -0.226783
2.82743  0.628319  5.02655  0.146316  -0.213573
4.08407  0.628319  5.02655  0.0889945  -0.180838
7.22566  0.628319  5.02655  0.0356206  -0.121976
14.7655  0.628319  5.02655  0.00968495  -0.0652847
-16.6504  0.628319  5.65487  0.0109389  0.0572432
-7.22566  0.628319  5.65487  0.047464  0.112314
-5.34071  0.628319  5.65487  0.0746966  0.133806
-4.08407  0.628319  5.65487  0.106162  0.149003
-2.82743  0.628319  5.65487  0.156986  0.158116
-2.19911  0.628319  5.65487  0.192515  0.154605
-1.5708  0.628319  5.65487  0.234678  0.139027
-0.942478  0.628319  5.65487  0.278744  0.103669
-0.314159  0.628319  5.65487  0.311709  0.0422304
0.314159  0.628319  5.65487  0.311709  -0.0422316
0.942478  0.628319  5.65487  0.278743  -0.10367
1.5708  0.628319  5.65487  0.234677  -0.139028
2.19911  0.628319  5.65487  0.192514  -0.154605
2.82743  0.628319  5.65487  0.156985  -0.158116
4.08407  0.628319  5.65487  0.106161  -0.149003
7.22566  0.628319  5.65487  0.0474639  -0.112314
14.7655  0.628319  5.65487  0.0136929  -0.0637816
-16.6504  0.628319  6.28319  0.0121231  0.0567435
-7.22566  0.628319  6.28319  0.0511281  0.108214
-5.34071  0.628319  6.28319  0.0788307  0.1263
-4.08407  0.628319  6.28319  0.109483  0.13742
-2.82743  0.628319  6.28319  0.156165  0.140606
-2.19911  0.628319  6.28319  0.186887  0.134101
-1.5708  0.628319  6.28319  0.221469  0.11711
-0.942478  0.628319  6.28319  0.25556  0.0846365
-0.314159  0.628319  6.28319  0.279542  0.034038
0.314159  0.628319  6.28319  0.279542  -0.0340389
0.942478  0.628319  6.28319  0.25556  -0.084637
1.5708  0.628319  6.28319  0.221468  -0.11711
2.19911  0.628319  6.28319  0.186887  -0.134101
2.82743  0.628319  6.28319  0.156165  -0.140606
4.08407  0.628319  6.28319  0.109483  -0.13742
7.22566  0.628319  6.28319  0.051128  -0.108214
14.7655  0.628319  6.28319  0.0151421  -0.0630867
-16.6504  1.25664  0  0.00895915  0.0579486
-7.22566  1.25664  0  0.0405247  0.118521
-5.34071  1.25664  0  0.0658371  0.145779
-4.08407  1.25664  0  0.0971749  0.168635
-2.82743  1.25664  0  0.153182  0.190919
-2.19911  1.25664  0  0.196927  0.19589
-1.5708  1.25664  0  0.254725  0.187248
-0.942478  1.25664  0  0.323468  0.149779
-0.314159  1.25664  0  0.382063  0.0648412
0.314159  1.25664  0  0.382062  -0.0648431
0.942478  1.25664  0  0.323467  -0.14978
1.5708  1.25664  0  0.254724  -0.187249
2.19911  1.25664  0  0.196927  -0.19589
2.82743  1.25664  0  0.153181  -0.190919
4.08407  1.25664  0  0.0971747  -0.168635
7.22566  1.25664  0  0.0405246  -0.118521
14.7655  1.25664  0  0.0112495  -0.0647675
-16.6504  1.25664  0.628319  0.00770065  0.0583169
-7.22566  1.25664  0.628319  0.0356207  0.121976
-5.34071  1.25664  0.628319  0.0589313  0.152783
-4.08407  1.25664  0.628319  0.0889948  0.180838
-2.82743  1.25664  0.628319  0.146317  0.213573
-2.19911  1.25664  0.628319  0.194623  0.226783
-1.5708  1.25664  0.628319  0.263828  0.22729
-0.942478  1.25664  0.628319  0.355346  0.193073
-0.314159  1.25664  0.628319  0.442279  0.0900115
0.314159  1.25664  0.628319  0.442278  -0.0900142
0.942478  1.25664  0.628319  0.355344  -0.193074
1.5708  1.25664  0.628319  0.263826  -0.22729
2.19911  1.25664  0.628319  0.194622  -0.226783
2.82743  1.25664  0.628319  0.146316  -0.213573
4.08407  1.25664  0.628319  0.0889945  -0.180838
7.22566  1.25664  0.628319  0.0356206  -0.121976
14.7655  1.25664  0.628319  0.00968495  -0.0652847
-16.6504  1.25664  1.25664  0.00430812  0.0590193
-7.22566  1.25664  1.25664  0.0208275  0.129018
-5.34071  1.25664  1.25664  0.0357952  0.167888
-4.08407  1.25664  1.25664  0.0568913  0.209167
-2.82743  1.25664  1.25664  0.103878  0.274467
-2.19911  1.25664  1.25664  0.152319  0.321472
-1.5708  1.25664  1.25664  0.241862  0.377962
-0.942478  1.25664  1.25664  0.421111  0.416983
-0.314159  1.25664  1.25664  0.732012  0.274471
0.314159  1.25664  1.25664  0.732005  -0.274478
0.942478  1.25664  1.25664  0.421106  -0.416983
1.5708  1.25664  1.25664  0.241859  -0.377961
2.19911  1.25664  1.25664  0.152318  -0.321471
2.82743  1.25664  1.25664  0.103877  -0.274466
4.08407  1.25664  1.25664  0.056891  -0.209166
7.22566  1.25664  1.25664  0.0208275  -0.129018
14.7655  1.25664  1.25664  0.00543503  -0.0662758
-16.6504  1.25664  1.88496  -9.17057e-09  0.0593338
-7.22566  1.25664  1.88496  -7.38699e-08  0.132384
-5.34071  1.25664  1.88496  -2.73142e-08  0.175525
-4.08407  1.25664  1.88496  -1.33188e-07  0.22464
-2.82743  1.25664  1.88496  -3.69659e-07  0.313723
-2.19911  1.25664  1.88496  -6.00581e-07  0.393458
-1.5708  1.25664  1.88496  -1.15626e-06  0.532148
-0.942478  1.25664  1.88496  -3.08348e-06  0.839684
-0.314159  1.25664  1.88496  -2.28726e-05  2.14692
0.314159  1.25664  1.88496  -2.15929e-05  -2.14683
0.942478  1.25664  1.88496  -2.83731e-06  -0.839672
1.5708  1.25664  1.88496  -1.04238e-06  -0.532143
2.19911  1.25664  1.88496  -5.26535e-07  -0.393456
2.82743  1.25664  1.88496  -3.1057e-07  -0.313721
4.08407  1.25664  1.88496  -1.34047e-07  -0.22464
7.22566  1.25664  1.88496  -4.70755e-08  -0.132383
14.7655  1.25664  1.88496  -9.02308e-09  -0.0667216
-16.6504  1.25664  2.51327  -0.0034919  0.0591277
-7.22566  1.25664  2.51327  -0.0170014  0.130165
-5.34071  1.25664  2.51327  -0.0294019  0.170456
-4.08407  1.25664  2.51327  -0.0471349  0.214261
-2.82743  1.25664  2.51327  -0.0877162  0.286794
-2.19911  1.25664  2.51327  -0.1312  0.342992
-1.5708  1.25664  2.51327  -0.216438  0.419743
-0.942478  1.25664  2.51327  -0.409752  0.5053
-0.314159  1.25664  2.51327  -0.84725  0.398302
0.314159  1.25664  2.51327  -0.847236  -0.398315
0.942478  1.25664  2.51327  -0.409744  -0.505298
1.5708  1.25664  2.51327  -0.216435  -0.419741
2.19911  1.25664  2.51327  -0.131199  -0.342991
2.82743  1.25664  2.51327  -0.0877154  -0.286793
4.08407  1.25664  2.51327  -0.0471346  -0.214261
7.22566  1.25664  2.51327  -0.0170012  -0.130165
14.7655  1.25664  2.51327  -0.00440746  -0.0664294
-16.6504  1.25664  3.14159  -0.00481053  0.0589414
-7.22566  1.25664  3.14159  -0.0231428  0.12821
-5.34071  1.25664  3.14159  -0.0395922  0.16609
-4.08407  1.25664  3.14159  -0.0625101  0.205622
-2.82743  1.25664  3.14159  -0.112438  0.266061
-2.19911  1.25664  3.14159  -0.162374  0.307259
-1.5708  1.25664  3.14159  -0.250997  0.352357
-0.942478  1.25664  3.14159  -0.416329  0.371239
-0.314159  1.25664  3.14159  -0.671031  0.227956
0.314159  1.25664  3.14159  -0.671025  -0.227965
0.942478  1.25664  3.14159  -0.416323  -0.37124
1.5708  1.25664  3.14159  -0.250994  -0.352356
2.19911  1.25664  3.14159  -0.162372  -0.307258
2.82743  1.25664  3.14159  -0.112436  -0.26606
4.08407  1.25664  3.14159  -0.0625096  -0.205621
7.22566  1.25664  3.14159  -0.0231426  -0.128209
14.7655  1.25664  3.14159  -0.00606684  -0.0661656
-16.6504  1.25664  3.76991  -0.0034919  0.0591277
-7.22566  1.25664  3.76991  -0.0170014  0.130165
-5.34071  1.25664  3.76991  -0.0294019  0.170456
-4.08407  1.25664  3.76991  -0.0471349  0.214261
-2.82743  1.25664  3.76991  -0.0877162  0.286794
-2.19911  1.25664  3.76991  -0.1312  0.342992
-1.5708  1.25664  3.76991  -0.216438  0.419743
-0.942478  1.25664  3.76991  -0.409752  0.5053
-0.314159  1.25664  3.76991  -0.84725  0.398302
0.314159  1.25664  3.76991  -0.847236  -0.398315
0.942478  1.25664  3.76991  -0.409744  -0.505298
1.5708  1.25664  3.76991  -0.216435  -0.419741
2.19911  1.25664  3.76991  -0.131199  -0.342991
2.82743  1.25664  3.76991  -0.0877154  -0.286793
4.08407  1.25664  3.76991  -0.0471346  -0.214261
7.22566  1.25664  3.76991  -0.0170012  -0.130165
14.7655  1.25664  3.76991  -0.00440746  -0.0664294
-16.6504  1.25664  4.39823  -9.17057e-09  0.0593338
-7.22566  1.25664  4.39823  -7.38699e-08  0.132384
-5.34071  1.25664  4.39823  -2.73142e-08  0.175525
-4.08407  1.25664  4.39823  -1.33188e-07  0.22464
-2.82743  1.25664  4.39823  -3.69659e-07  0.313723
-2.19911  1.25664  4.39823  -6.00581e-07  0.393458
-1.5708  1.25664  4.39823  -1.15626e-06  0.532148
-0.942478  1.25664  4.39823  -3.08348e-06  0.839684
-0.314159  1.25664  4.39823  -2.28726e-05  2.14692
0.314159  1.25664  4.39823  -2.15929e-05  -2.14683
0.942478  1.25664  4.39823  -2.83731e-06  -0.839672
1.5708  1.25664  4.39823  -1.04238e-06  -0.532143
2.19911  1.25664  4.39823  -5.26535e-07  -0.393456
2.82743  1.25664  4.39823  -3.1057e-07  -0.313721
4.08407  1.25664  4.39823  -1.34047e-07  -0.22464
7.22566  1.25664  4.39823  -4.70755e-08  -0.132383
14.7655  1.25664  4.39823  -9.02308e-09  -0.0667216
-16.6504  1.25664  5.02655  0.00430812  0.0590193
-7.22566  1.25664  5.02655  0.0208275  0.129018
-5.34071  1.25664  5.02655  0.0357952  0.167888
-4.08407  1.25664  5.02655  0.0568913  0.209167
-2.82743  1.25664  5.02655  0.103878  0.274467
-2.19911  1.25664  5.02655  0.152319  0.321472
-1.5708  1.25664  5.02655  0.241862  0.377962
-0.942478  1.25664  5.02655  0.421111  0.416983
-0.314159  1.25664  5.02655  0.732012  0.274471
0.314159  1.25664  5.02655  0.732005  -0.274478
0.942478  1.25664  5.02655  0.421106  -0.416983
1.5708  1.25664  5.02655  0.241859  -0.377961
2.19911  1.25664  5.02655  0.152318  -0.321471
2.82743  1.25664  5.02655  0.103877  -0.274466
4.08407  1.25664  5.02655  0.056891  -0.209166
7.22566  1.25664  5.02655  0.0208275  -0.129018
14.7655  1.25664  5.02655  0.00543503  -0.0662758
-16.6504  1.25664  5.65487  0.00770065  0.0583169
-7.22566  1.25664  5.65487  0.0356207  0.121976
-5.34071  1.25664  5.65487  0.0589313  0.152783
-4.08407  1.25664  5.65487  0.0889948  0.180838
-2.82743  1.25664  5.65487  0.146317  0.213573
-2.19911  1.25664  5.65487  0.194623  0.226783
-1.5708  1.25664  5.65487  0.263828  0.22729
-0.942478  1.25664  5.65487  0.355346  0.193073
-0.314159  1.25664  5.65487  0.442279  0.0900115
0.314159  1.25664  5.65487  0.442278  -0.0900142
0.942478  1.25664  5.65487  0.355344  -0.193074
1.5708  1.25664  5.65487  0.263826  -0.22729
2.19911  1.25664  5.65487  0.194622  -0.226783
2.82743  1.25664  5.65487  0.146316  -0.213573
4.08407  1.25664  5.65487  0.0889945  -0.180838
7.22566  1.25664  5.65487  0.0356206  -0.121976
14.7655  1.25664  5.65487  0.00968495  -0.0652847
-16.6504  1.25664  6.28319  0.00895915  0.0579486
-7.22566  1.25664  6.28319  0.0405247  0.118521
-5.34071  1.25664  6.28319  0.0658371  0.145779
-4.08407  1.25664  6.28319  0.0971749  0.168635
-2.82743  1.25664  6.28319  0.153182  0.190919
-2.19911  1.25664  6.28319  0.196927  0.19589
-1.5708  1.25664  6.28319  0.254725  0.187248
-0.942478  1.25664  6.28319  0.323468  0.149779
-0.314159  1.25664  6.28319  0.382063  0.0648412
0.314159  1.25664  6.28319  0.382062  -0.0648431
0.942478  1.25664  6.28319  0.323467  -0.14978
1.5708  1.25664  6.28319  0.254724  -0.187249
2.19911  1.25664  6.28319  0.196927  -0.19589
2.82743  1.25664  6.28319  0.153181  -0.190919
4.08407  1.25664  6.28319  0.0971747  -0.168635
7.22566  1.25664  6.28319  0.0405246  -0.118521
14.7655  1.25664  6.28319  0.0112495  -0.0647675
-16.6504  1.88496  0  0.0048105  0.0589414
-7.22566  1.88496  0  0.0231426  0.12821
-5.34071  1.88496  0  0.0395921  0.16609
-4.08407  1.88496  0  0.0625098  0.205622
-2.82743  1.88496  0  0.112437  0.266061
-2.19911  1.88496  0  0.162373  0.307259
-1.5708  1.88496  0  0.250996  0.352358
-0.942478  1.88496  0  0.416328  0.371242
-0.314159  1.88496  0  0.671034  0.22796
0.314159  1.88496  0  0.671029  -0.227967
0.942478  1.88496  0  0.416324  -0.371243
1.5708  1.88496  0  0.250994  -0.352357
2.19911  1.88496  0  0.162372  -0.307259
2.82743  1.88496  0  0.112436  -0.26606
4.08407  1.88496  0  0.0625095  -0.205621
7.22566  1.88496  0  0.0231426  -0.128209
14.7655  1.88496  0  0.00606682  -0.0661656
-16.6504  1.88496  0.628319  0.00349188  0.0591277
-7.22566  1.88496  0.628319  0.0170012  0.130165
-5.34071  1.88496  0.628319  0.0294019  0.170455
-4.08407  1.88496  0.628319  0.0471346  0.214261
-2.82743  1.88496  0.628319  0.0877156  0.286795
-2.19911  1.88496  0.628319  0.131199  0.342993
-1.5708  1.88496  0.628319  0.216437  0.419745
-0.942478  1.88496  0.628319  0.409751  0.505303
-0.314159  1.88496  0.628319  0.847254  0.39831
0.314159  1.88496  0.628319  0.847243  -0.39832
0.942478  1.88496  0.628319  0.409744  -0.505302
1.5708  1.88496  0.628319  0.216435  -0.419743
2.19911  1.88496  0.628319  0.131198  -0.342991
2.82743  1.88496  0.628319  0.087715  -0.286794
4.08407  1.88496  0.628319  0.0471344  -0.214261
7.22566  1.88496  0.628319  0.0170012  -0.130165
14.7655  1.88496  0.628319  0.00440744  -0.0664294
-16.6504  1.88496  1.25664  -9.17057e-09  0.0593338
-7.22566  1.88496  1.25664  -7.38699e-08  0.132384
-5.34071  1.88496  1.25664  -2.73142e-08  0.175525
-4.08407  1.88496  1.25664  -1.33188e-07  0.22464
-2.82743  1.88496  1.25664  -3.69659e-07  0.313723
-2.19911  1.88496  1.25664  -6.00581e-07  0.393458
-1.5708  1.88496  1.25664  -1.15626e-06  0.532148
-0.942478  1.88496  1.25664  -3.08348e-06  0.839684
-0.314159  1.88496  1.25664  -2.28726e-05  2.14692
0.314159  1.88496  1.25664  -2.15929e-05  -2.14683
0.942478  1.88496  1.25664  -2.83731e-06  -0.839672
1.5708  1.88496  1.25664  -1.04238e-06  -0.532143
2.19911  1.88496  1.25664  -5.26535e-07  -0.393456
2.82743  1.88496  1.25664  -3.1057e-07  -0.313721
4.08407  1.88496  1.25664  -1.34047e-07  -0.22464
7.22566  1.88496  1.25664  -4.70755e-08  -0.132383
14.7655  1.88496  1.25664  -9.02308e-09  -0.0667216
-16.6504  1.88496  1.88496  -0.00430814  0.0590193
-7.22566  1.88496  1.88496  -0.0208277  0.129018
-5.34071  1.88496  1.88496  -0.0357952  0.167888
-4.08407  1.88496  1.88496  -0.0568915  0.209167
-2.82743  1.88496  1.88496  -0.103879  0.274466
-2.19911  1.88496  1.88496  -0.15232  0.321472
-1.5708  1.88496  1.88496  -0.241863  0.377961
-0.942478  1.88496  1.88496  -0.421112  0.41698
-0.314159  1.88496  1.88496  -0.732008  0.274466
0.314159  1.88496  1.88496  -0.732  -0.274476
0.942478  1.88496  1.88496  -0.421105  -0.41698
1.5708  1.88496  1.88496  -0.241859  -0.377959
2.19911  1.88496  1.88496  -0.152318  -0.321471
2.82743  1.88496  1.88496  -0.103878  -0.274465
4.08407  1.88496  1.88496  -0.0568911  -0.209166
7.22566  1.88496  1.88496  -0.0208275  -0.129018
14.7655  1.88496  1.88496  -0.00543505  -0.0662758
-16.6504  1.88496  2.51327  -0.00770068  0.0583169
-7.22566  1.88496  2.51327  -0.0356208  0.121976
-5.34071  1.88496  2.51327  -0.0589314  0.152783
-4.08407  1.88496  2.51327  -0.0889951  0.180838
-2.82743  1.88496  2.51327  -0.146317  0.213573
-2.19911  1.88496  2.51327  -0.194624  0.226782
-1.5708  1.88496  2.51327  -0.263828  0.227289
-0.942478  1.88496  2.51327  -0.355346  0.193072
-0.314159  1.88496  2.51327  -0.442277  0.09001
0.314159  1.88496  2.51327  -0.442276  -0.0900143
0.942478  1.88496  2.51327  -0.355343  -0.193074
1.5708  1.88496  2.51327  -0.263826  -0.22729
2.19911  1.88496  2.51327  -0.194622  -0.226782
2.82743  1.88496  2.51327  -0.146316  -0.213573
4.08407  1.88496  2.51327  -0.0889945  -0.180837
7.22566  1.88496  2.51327  -0.0356206  -0.121976
14.7655  1.88496  2.51327  -0.00968496  -0.0652847
-16.6504  1.88496  3.14159  -0.00895918  0.0579486
-7.22566  1.88496  3.14159  -0.0405248  0.118521
-5.34071  1.88496  3.14159  -0.0658372  0.145779
-4.08407  1.88496  3.14159  -0.0971752  0.168635
-2.82743  1.88496  3.14159  -0.153182  0.190919
-2.19911  1.88496  3.14159  -0.196928  0.19589
-1.5708  1.88496  3.14159  -0.254725  0.187247
-0.942478  1.88496  3.14159  -0.323468  0.149778
-0.314159  1.88496  3.14159  -0.382062  0.0648401
0.314159  1.88496  3.14159  -0.382061  -0.0648434
0.942478  1.88496  3.14159  -0.323466  -0.14978
1.5708  1.88496  3.14159  -0.254723  -0.187248
2.19911  1.88496  3.14159  -0.196926  -0.19589
2.82743  1.88496  3.14159  -0.153181  -0.190919
4.08407  1.88496  3.14159  -0.0971746  -0.168634
7.22566  1.88496  3.14159  -0.0405246  -0.118521
14.7655  1.88496  3.14159  -0.0112495  -0.0647675
-16.6504  1.88496  3.76991  -0.00770068  0.0583169
-7.22566  1.88496  3.76991  -0.0356208  0.121976
-5.34071  1.88496  3.76991  -0.0589314  0.152783
-4.08407  1.88496  3.76991  -0.0889951  0.180838
-2.82743  1.88496  3.76991  -0.146317  0.213573
-2.19911  1.88496  3.76991  -0.194624  0.226782
-1.5708  1.88496  3.76991  -0.263828  0.227289
-0.942478  1.88496  3.76991  -0.355346  0.193072
-0.314159  1.88496  3.76991  -0.442277  0.09001
0.314159  1.88496  3.76991  -0.442276  -0.0900143
0.942478  1.88496  3.76991  -0.355343  -0.193074
1.5708  1.88496  3.76991  -0.263826  -0.22729
2.19911  1.88496  3.76991  -0.194622  -0.226782
2.82743  1.88496  3.76991  -0.146316  -0.213573
4.08407  1.88496  3.76991  -0.0889945  -0.180837
7.22566  1.88496  3.76991  -0.0356206  -0.121976
14.7655  1.88496  3.76991  -0.00968496  -0.0652847
-16.6504  1.88496  4.39823  -0.00430814  0.0590193
-7.22566  1.88496  4.39823  -0.0208277  0.129018
-5.34071  1.88496  4.39823  -0.0357952  0.167888
-4.08407  1.88496  4.39823  -0.0568915  0.209167
-2.82743  1.88496  4.39823  -0.103879  0.274466
-2.19911  1.88496  4.39823  -0.15232  0.321472
-1.5708  1.88496  4.39823  -0.241863  0.377961
-0.942478  1.88496  4.39823  -0.421112  0.41698
-0.314159  1.88496  4.39823  -0.732008  0.274466
0.314159  1.88496  4.39823  -0.732  -0.274476
0.942478  1.88496  4.39823  -0.421105  -0.41698
1.5708  1.88496  4.39823  -0.241859  -0.377959
2.19911  1.88496  4.39823  -0.152318  -0.321471
2.82743  1.88496  4.39823  -0.103878  -0.274465
4.08407  1.88496  4.39823  -0.0568911  -0.209166
7.22566  1.88496  4.39823  -0.0208275  -0.129018
14.7655  1.88496  4.39823  -0.00543505  -0.0662758
-16.6504  1.88496  5.02655  -9.17057e-09  0.0593338
-7.22566  1.88496  5.02655  -7.38699e-08  0.132384
-5.34071  1.88496  5.02655  -2.73142e-08  0.175525
-4.08407  1.88496  5.02655  -1.33188e-07  0.22464
-2.82743  1.88496  5.02655  -3.69659e-07  0.313723
-2.19911  1.88496  5.02655  -6.00581e-07  0.393458
-1.5708  1.88496  5.02655  -1.15626e-06  0.532148
-0.942478  1.88496  5.02655  -3.08348e-06  0.839684
-0.314159  1.88496  5.02655  -2.28726e-05  2.14692
0.314159  1.88496  5.02655  -2.15929e-05  -2.14683
0.942478  1.88496  5.02655  -2.83731e-06  -0.839672
1.5708  1.88496  5.02655  -1.04238e-06  -0.532143
2.19911  1.88496  5.02655  -5.26535e-07  -0.393456
2.82743  1.88496  5.02655  -3.1057e-07  -0.313721
4.08407  1.88496  5.02655  -1.34047e-07  -0.22464
7.22566  1.88496  5.02655  -4.70755e-08  -0.132383
14.7655  1.88496  5.02655  -9.02308e-09  -0.0667216
-16.6504  1.88496  5.65487  0.00349188  0.0591277
-7.22566  1.88496  5.65487  0.0170012  0.130165
-5.34071  1.88496  5.65487  0.0294019  0.170455
-4.08407  1.88496  5.65487  0.0471346  0.214261
-2.82743  1.88496  5.65487  0.0877156  0.286795
-2.19911  1.88496  5.65487  0.131199  0.342993
-1.5708  1.88496  5.65487  0.216437  0.419745
-0.942478  1.88496  5.65487  0.409751  0.505303
-0.314159  1.88496  5.65487  0.847254  0.39831
0.314159  1.88496  5.65487  0.847243  -0.39832
0.942478  1.88496  5.65487  0.409744  -0.505302
1.5708  1.88496  5.65487  0.216435  -0.419743
2.19911  1.88496  5.65487  0.131198  -0.342991
2.82743  1.88496  5.65487  0.087715  -0.286794
4.08407  1.88496  5.65487  0.0471344  -0.214261
7.22566  1.88496  5.65487  0.0170012  -0.130165
14.7655  1.88496  5.65487  0.00440744  -0.0664294
-16.6504  1.88496  6.28319  0.0048105  0.0589414
-7.22566  1.88496  6.28319  0.0231426  0.12821
-5.34071  1.88496  6.28319  0.0395921  0.16609
-4.08407  1.88496  6.28319  0.0625098  0.205622
-2.82743  1.88496  6.28319  0.112437  0.266061
-2.19911  1.88496  6.28319  0.162373  0.307259
-1.5708  1.88496  6.28319  0.250996  0.352358
-0.942478  1.88496  6.28319  0.416328  0.371242
-0.314159  1.88496  6.28319  0.671034  0.22796
0.314159  1.88496  6.28319  0.671029  -0.227967
0.942478  1.88496  6.28319  0.416324  -0.371243
1.5708  1.88496  6.28319  0.250994  -0.352357
2.19911  1.88496  6.28319  0.162372  -0.307259
2.82743  1.88496  6.28319  0.112436  -0.26606
4.08407  1.88496  6.28319  0.0625095  -0.205621
7.22566  1.88496  6.28319  0.0231426  -0.128209
14.7655  1.88496  6.28319  0.00606682  -0.0661656
-16.6504  2.51327  0  0.00133783  0.0593041
-7.22566  2.51327  0  0.00658952  0.132066
-5.34071  2.51327  0  0.0115155  0.174784
-4.08407  2.51327  0  0.0187343  0.223058
-2.82743  2.51327  0  0.0360555  0.309223
-2.19911  2.51327  0  0.0559487  0.384368
-1.5708  2.51327  0  0.0995918  0.509525
-0.942478  2.51327  0  0.230401  0.756979
-0.314159  2.51327  0  1.01082  1.31643
0.314159  2.51327  0  1.01077  -1.31641
0.942478  2.51327  0  0.230395  -0.75697
1.5708  2.51327  0  0.0995904  -0.509522
2.19911  2.51327  0  0.0559481  -0.384365
2.82743  2.51327  0  0.0360552  -0.309222
4.08407  2.51327  0  0.0187342  -0.223057
7.22566  2.51327  0  0.00658952  -0.132066
14.7655  2.51327  0  0.00168995  -0.0666795
-16.6504  2.51327  0.628319  -9.18141e-09  0.0593342
-7.22566  2.51327  0.628319  -7.27788e-08  0.132393
-5.34071  2.51327  0.628319  -2.54833e-08  0.175538
-4.08407  2.51327  0.628319  -1.32926e-07  0.22463
-2.82743  2.51327  0.628319  -3.69408e-07  0.313481
-2.19911  2.51327  0.628319  -6.01322e-07  0.392706
-1.5708  2.51327  0.628319  -1.16202e-06  0.529751
-0.942478  2.51327  0.628319  -3.10212e-06  0.83087
-0.314159  2.51327  0.628319  -2.25342e-05  2.09507
0.314159  2.51327  0.628319  -2.07478e-05  -2.09499
0.942478  2.51327  0.628319  -2.77402e-06  -0.830858
1.5708  2.51327  0.628319  -1.02275e-06  -0.529746
2.19911  2.51327  0.628319  -5.16464e-07  -0.392704
2.82743  2.51327  0.628319  -3.02294e-07  -0.31348
4.08407  2.51327  0.628319  -1.33077e-07  -0.22463
7.22566  2.51327  0.628319  -4.70666e-08  -0.132392
14.7655  2.51327  0.628319  -8.99977e-09  -0.0667222
-16.6504  2.51327  1.25664  -0.0034919  0.0591277
-7.22566  2.51327  1.25664  -0.0170014  0.130165
-5.34071  2.51327  1.25664  -0.0294019  0.170456
-4.08407  2.51327  1.25664  -0.0471349  0.214261
-2.82743  2.51327  1.25664  -0.0877162  0.286794
-2.19911  2.51327  1.25664  -0.1312  0.342992
-1.5708  2.51327  1.25664  -0.216438  0.419743
-0.942478  2.51327  1.25664  -0.409752  0.5053
-0.314159  2.51327  1.25664  -0.84725  0.398302
0.314159  2.51327  1.25664  -0.847236  -0.398315
0.942478  2.51327  1.25664  -0.409744  -0.505298
1.5708  2.51327  1.25664  -0.216435  -0.419741
2.19911  2.51327  1.25664  -0.131199  -0.342991
2.82743  2.51327  1.25664  -0.0877154  -0.286793
4.08407  2.51327  1.25664  -0.0471346  -0.214261
7.22566  2.51327  1.25664  -0.0170012  -0.130165
14.7655  2.51327  1.25664  -0.00440746  -0.0664294
-16.6504  2.51327  1.88496  -0.00770068  0.0583169
-7.22566  2.51327  1.88496  -0.0356208  0.121976
-5.34071  2.51327  1.88496  -0.0589314  0.152783
-4.08407  2.51327  1.88496  -0.0889951  0.180838
-2.82743  2.51327  1.88496  -0.146317  0.213573
-2.19911  2.51327  1.88496  -0.194624  0.226782
-1.5708  2.51327  1.88496  -0.263828  0.227289
-0.942478  2.51327  1.88496  -0.355346  0.193072
-0.314159  2.51327  1.88496  -0.442277  0.09001
0.314159  2.51327  1.88496  -0.442276  -0.0900143
0.942478  2.51327  1.88496  -0.355343  -0.193074
1.5708  2.51327  1.88496  -0.263826  -0.22729
2.19911  2.51327  1.88496  -0.194622  -0.226782
2.82743  2.51327  1.88496  -0.146316  -0.213573
4.08407  2.51327  1.88496  -0.0889945  -0.180837
7.22566  2.51327  1.88496  -0.0356206  -0.121976
14.7655  2.51327  1.88496  -0.00968496  -0.0652847
-16.6504  2.51327  2.51327  -0.0109389  0.0572433
-7.22566  2.51327  2.51327  -0.0474642  0.112314
-5.34071  2.51327  2.51327  -0.0746967  0.133806
-4.08407  2.51327  2.51327  -0.106162  0.149003
-2.82743  2.51327  2.51327  -0.156986  0.158116
-2.19911  2.51327  2.51327  -0.192515  0.154604
-1.5708  2.51327  2.51327  -0.234678  0.139027
-0.942478  2.51327  2.51327  -0.278743  0.103668
-0.314159  2.51327  2.51327  -0.311708  0.0422296
0.314159  2.51327  2.51327  -0.311708  -0.0422319
0.942478  2.51327  2.51327  -0.278742  -0.103669
1.5708  2.51327  2.51327  -0.234677  -0.139027
2.19911  2.51327  2.51327  -0.192514  -0.154605
2.82743  2.51327  2.51327  -0.156985  -0.158116
4.08407  2.51327  2.51327  -0.106161  -0.149003
7.22566  2.51327  2.51327  -0.0474639  -0.112314
14.7655  2.51327  2.51327  -0.0136929  -0.0637816
-16.6504  2.51327  3.14159  -0.0121232  0.0567435
-7.22566  2.51327  3.14159  -0.0511282  0.108214
-5.34071  2.51327  3.14159  -0.0788309  0.1263
-4.08407  2.51327  3.14159  -0.109483  0.13742
-2.82743  2.51327  3.14159  -0.156165  0.140605
-2.19911  2.51327  3.14159  -0.186887  0.1341
-1.5708  2.51327  3.14159  -0.221469  0.117109
-0.942478  2.51327  3.14159  -0.25556  0.0846357
-0.314159  2.51327  3.14159  -0.279541  0.0340373
0.314159  2.51327  3.14159  -0.279541  -0.0340392
0.942478  2.51327  3.14159  -0.255559  -0.0846371
1.5708  2.51327  3.14159  -0.221468  -0.11711
2.19911  2.51327  3.14159  -0.186886  -0.134101
2.82743  2.51327  3.14159  -0.156165  -0.140605
4.08407  2.51327  3.14159  -0.109483  -0.13742
7.22566  2.51327  3.14159  -0.051128  -0.108214
14.7655  2.51327  3.14159  -0.0151421  -0.0630867
-16.6504  2.51327  3.76991  -0.0109389  0.0572433
-7.22566  2.51327  3.76991  -0.0474642  0.112314
-5.34071  2.51327  3.76991  -0.0746967  0.133806
-4.08407  2.51327  3.76991  -0.106162  0.149003
-2.82743  2.51327  3.76991  -0.156986  0.158116
-2.19911  2.51327  3.76991  -0.192515  0.154604
-1.5708  2.51327  3.76991  -0.234678  0.139027
-0.942478  2.51327  3.76991  -0.278743  0.103668
-0.314159  2.51327  3.76991  -0.311708  0.0422296
0.314159  2.51327  3.76991  -0.311708  -0.0422319
0.942478  2.51327  3.76991  -0.278742  -0.103669
1.5708  2.51327  3.76991  -0.234677  -0.139027
2.19911  2.51327  3.76991  -0.192514  -0.154605
2.82743  2.51327  3.76991  -0.156985  -0.158116
4.08407  2.51327  3.76991  -0.106161  -0.149003
7.22566  2.51327  3.76991  -0.0474639  -0.112314
14.7655  2.51327  3.76991  -0.0136929  -0.0637816
-16.6504  2.51327  4.39823  -0.00770068  0.0583169
-7.22566  2.51327  4.39823  -0.0356208  0.121976
-5.34071  2.51327  4.39823  -0.0589314  0.152783
-4.08407  2.51327  4.39823  -0.0889951  0.180838
-2.82743  2.51327  4.39823  -0.146317  0.213573
-2.19911  2.51327  4.39823  -0.194624  0.226782
-1.5708  2.51327  4.39823  -0.263828  0.227289
-0.942478  2.51327  4.39823  -0.355346  0.193072
-0.314159  2.51327  4.39823  -0.442277  0.09001
0.314159  2.51327  4.39823  -0.442276  -0.0900143
0.942478  2.51327  4.39823  -0.355343  -0.193074
1.5708  2.51327  4.39823  -0.263826  -0.22729
2.19911  2.51327  4.39823  -0.194622  -0.226782
2.82743  2.51327  4.39823  -0.146316  -0.213573
4.08407  2.51327  4.39823  -0.0889945  -0.180837
7.22566  2.51327  4.39823  -0.0356206  -0.121976
14.7655  2.51327  4.39823  -0.00968496  -0.0652847
-16.6504  2.51327  5.02655  -0.0034919  0.0591277
-7.22566  2.51327  5.02655  -0.0170014  0.130165
-5.34071  2.51327  5.02655  -0.0294019  0.170456
-4.08407  2.51327  5.02655  -0.0471349  0.214261
-2.82743  2.51327  5.02655  -0.0877162  0.286794
-2.19911  2.51327  5.02655  -0.1312  0.342992
-1.5708  2.51327  5.02655  -0.216438  0.419743
-0.942478  2.51327  5.02655  -0.409752  0.5053
-0.314159  2.51327  5.02655  -0.84725  0.398302
0.314159  2.51327  5.02655  -0.847236  -0.398315
0.942478  2.51327  5.02655  -0.409744  -0.505298
1.5708  2.51327  5.02655  -0.216435  -0.419741
2.19911  2.51327  5.02655  -0.131199  -0.342991
2.82743  2.51327  5.02655  -0.0877154  -0.286793
4.08407  2.51327  5.02655  -0.0471346  -0.214261
7.22566  2.51327  5.02655  -0.0170012  -0.130165
14.7655  2.51327  5.02655  -0.00440746  -0.0664294
-16.6504  2.51327  5.65487  -9.18141e-09  0.0593342
-7.22566  2.51327  5.65487  -7.27788e-08  0.132393
-5.34071  2.51327  5.65487  -2.54833e-08  0.175538
-4.08407  2.51327  5.65487  -1.32926e-07  0.22463
-2.82743  2.51327  5.65487  -3.69408e-07  0.313481
-2.19911  2.51327  5.65487  -6.01322e-07  0.392706
-1.5708  2.51327  5.65487  -1.16202e-06  0.529751
-0.942478  2.51327  5.65487  -3.10212e-06  0.83087
-0.314159  2.51327  5.65487  -2.25342e-05  2.09507
0.314159  2.51327  5.65487  -2.07478e-05  -2.09499
0.942478  2.51327  5.65487  -2.77402e-06  -0.830858
1.5708  2.51327  5.65487  -1.02275e-06  -0.529746
2.19911  2.51327  5.65487  -5.16464e-07  -0.392704
2.82743  2.51327  5.65487  -3.02294e-07  -0.31348
4.08407  2.51327  5.65487  -1.33077e-07  -0.22463
7.22566  2.51327  5.65487  -4.70666e-08  -0.132392
14.7655  2.51327  5.65487  -8.99977e-09  -0.0667222
-16.6504  2.51327  6.28319  0.00133783  0.0593041
-7.22566  2.51327  6.28319  0.00658952  0.132066
-5.34071  2.51327  6.28319  0.0115155  0.174784
-4.08407  2.51327  6.28319  0.0187343  0.223058
-2.82743  2.51327  6.28319  0.0360555  0.309223
-2.19911  2.51327  6.28319  0.0559487  0.384368
-1.5708  2.51327  6.28319  0.0995918  0.509525
-0.942478  2.51327  6.28319  0.230401  0.756979
-0.314159  2.51327  6.28319  1.01082  1.31643
0.314159  2.51327  6.28319  1.01077  -1.31641
0.942478  2.51327  6.28319  0.230395  -0.75697
1.5708  2.51327  6.28319  0.0995904  -0.509522
2.19911  2.51327  6.28319  0.0559481  -0.384365
2.82743  2.51327  6.28319  0.0360552  -0.309222
4.08407  2.51327  6.28319  0.0187342  -0.223057
7.22566  2.51327  6.28319  0.00658952  -0.132066
14.7655  2.51327  6.28319  0.00168995  -0.0666795
-16.6504  3.14159  0  -9.18332e-09  0.0593344
-7.22566  3.14159  0  -7.21682e-08  0.132399
-5.34071  3.14159  0  -2.42662e-08  0.17555
-4.08407  3.14159  0  -1.3197e-07  0.224637
-2.82743  3.14159  0  -3.66364e-07  0.313389
-2.19911  3.14159  0  -5.94932e-07  0.392353
-1.5708  3.14159  0  -1.14659e-06  0.528374
-0.942478  3.14159  0  -3.04587e-06  0.82381
-0.314159  3.14159  0  -2.12406e-05  1.99896
0.314159  3.14159  0  -1.95046e-05  -1.99888
0.942478  3.14159  0  -2.71498e-06  -0.823798
1.5708  3.14159  0  -1.00716e-06  -0.52837
2.19911  3.14159  0  -5.09336e-07  -0.392351
2.82743  3.14159  0  -2.97224e-07  -0.313387
4.08407  3.14159  0  -1.32948e-07  -0.224636
7.22566  3.14159  0  -4.70994e-08  -0.132398
14.7655  3.14159  0  -8.96978e-09  -0.0667226
-16.6504  3.14159  0.628319  -0.00133785  0.0593041
-7.22566  3.14159  0.628319  -0.00658967  0.132066
-5.34071  3.14159  0.628319  -0.0115155  0.174785
-4.08407  3.14159  0.628319  -0.0187346  0.223058
-2.82743  3.14159  0.628319  -0.0360562  0.309223
-2.19911  3.14159  0.628319  -0.0559498  0.384367
-1.5708  3.14159  0.628319  -0.0995939  0.509525
-0.942478  3.14159  0.628319  -0.230406  0.756976
-0.314159  3.14159  0.628319  -1.01083  1.3164
0.314159  3.14159  0.628319  -1.01078  -1.31639
0.942478  3.14159  0.628319  -0.230399  -0.756967
1.5708  3.14159  0.628319  -0.0995921  -0.509521
2.19911  3.14159  0.628319  -0.0559491  -0.384365
2.82743  3.14159  0.628319  -0.0360558  -0.309222
4.08407  3.14159  0.628319  -0.0187345  -0.223057
7.22566  3.14159  0.628319  -0.00658961  -0.132066
14.7655  3.14159  0.628319  -0.00168997  -0.0666795
-16.6504  3.14159  1.25664  -0.00481053  0.0589414
-7.22566  3.14159  1.25664  -0.0231428  0.12821
-5.34071  3.14159  1.25664  -0.0395922  0.16609
-4.08407  3.14159  1.25664  -0.0625101  0.205622
-2.82743  3.14159  1.25664  -0.112438  0.266061
-2.19911  3.14159  1.25664  -0.162374  0.307259
-1.5708  3.14159  1.25664  -0.250997  0.352357
-0.942478  3.14159  1.25664  -0.416329  0.371239
-0.314159  3.14159  1.25664  -0.671031  0.227956
0.314159  3.14159  1.25664  -0.671025  -0.227965
0.942478  3.14159  1.25664  -0.416323  -0.37124
1.5708  3.14159  1.25664  -0.250994  -0.352356
2.19911  3.14159  1.25664  -0.162372  -0.307258
2.82743  3.14159  1.25664  -0.112436  -0.26606
4.08407  3.14159  1.25664  -0.0625096  -0.205621
7.22566  3.14159  1.25664  -0.0231426  -0.128209
14.7655  3.14159  1.25664  -0.00606684  -0.0661656
-16.6504  3.14159  1.88496  -0.00895918  0.0579486
-7.22566  3.14159  1.88496  -0.0405248  0.118521
-5.34071  3.14159  1.88496  -0.0658372  0.145779
-4.08407  3.14159  1.88496  -0.0971752  0.168635
-2.82743  3.14159  1.88496  -0.153182  0.190919
-2.19911  3.14159  1.88496  -0.196928  0.19589
-1.5708  3.14159  1.88496  -0.254725  0.187247
-0.942478  3.14159  1.88496  -0.323468  0.149778
-0.314159  3.14159  1.88496  -0.382062  0.0648401
0.314159  3.14159  1.88496  -0.382061  -0.0648434
0.942478  3.14159  1.88496  -0.323466  -0.14978
1.5708  3.14159  1.88496  -0.254723  -0.187248
2.19911  3.14159  1.88496  -0.196926  -0.19589
2.82743  3.14159  1.88496  -0.153181  -0.190919
4.08407  3.14159  1.88496  -0.0971746  -0.168634
7.22566  3.14159  1.88496  -0.0405246  -0.118521
14.7655  3.14159  1.88496  -0.0112495  -0.0647675
-16.6504  3.14159  2.51327  -0.0121232  0.0567435
-7.22566  3.14159  2.51327  -0.0511282  0.108214
-5.34071  3.14159  2.51327  -0.0788309  0.1263
-4.08407  3.14159  2.51327  -0.109483  0.13742
-2.82743  3.14159  2.51327  -0.156165  0.140605
-2.19911  3.14159  2.51327  -0.186887  0.1341
-1.5708  3.14159  2.51327  -0.221469  0.117109
-0.942478  3.14159  2.51327  -0.25556  0.0846357
-0.314159  3.14159  2.51327  -0.279541  0.0340373
0.314159  3.14159  2.51327  -0.279541  -0.0340392
0.942478  3.14159  2.51327  -0.255559  -0.0846371
1.5708  3.14159  2.51327  -0.221468  -0.11711
2.19911  3.14159  2.51327  -0.186886  -0.134101
2.82743  3.14159  2.51327  -0.156165  -0.140605
4.08407  3.14159  2.51327  -0.109483  -0.13742
7.22566  3.14159  2.51327  -0.051128  -0.108214
14.7655  3.14159  2.51327  -0.0151421  -0.0630867
-16.6504  3.14159  3.14159  -0.013274  0.0561983
-7.22566  3.14159  3.14159  -0.0543199  0.103995
-5.34071  3.14159  3.14159  -0.0820393  0.118888
-4.08407  3.14159  3.14159  -0.11143  0.126489
-2.82743  3.14159  3.14159  -0.1538  0.125179
-2.19911  3.14159  3.14159  -0.180214  0.116841
-1.5708  3.14159  3.14159  -0.208634  0.0996104
-0.942478  3.14159  3.14159  -0.235339  0.070306
-0.314159  3.14159  3.14159  -0.253449  0.0274216
0.314159  3.14159  3.14159  -0.253449  -0.0274232
0.942478  3.14159  3.14159  -0.235338  -0.0703073
1.5708  3.14159  3.14159  -0.208633  -0.0996112
2.19911  3.14159  3.14159  -0.180214  -0.116842
2.82743  3.14159  3.14159  -0.153799  -0.125179
4.08407  3.14159  3.14159  -0.11143  -0.126489
7.22566  3.14159  3.14159  -0.0543196  -0.103995
14.7655  3.14159  3.14159  -0.01654  -0.0623321
-16.6504  3.14159  3.76991  -0.0121232  0.0567435
-7.22566  3.14159  3.76991  -0.0511282  0.108214
-5.34071  3.14159  3.76991  -0.0788309  0.1263
-4.08407  3.14159  3.76991  -0.109483  0.13742
-2.82743  3.14159  3.76991  -0.156165  0.140605
-2.19911  3.14159  3.76991  -0.186887  0.1341
-1.5708  3.14159  3.76991  -0.221469  0.117109
-0.942478  3.14159  3.76991  -0.25556  0.0846357
-0.314159  3.14159  3.76991  -0.279541  0.0340373
0.314159  3.14159  3.76991  -0.279541  -0.0340392
0.942478  3.14159  3.76991  -0.255559  -0.0846371
1.5708  3.14159  3.76991  -0.221468  -0.11711
2.19911  3.14159  3.76991  -0.186886  -0.134101
2.82743  3.14159  3.76991  -0.156165  -0.140605
4.08407  3.14159  3.76991  -0.109483  -0.13742
7.22566  3.14159  3.76991  -0.051128  -0.108214
14.7655  3.14159  3.76991  -0.0151421  -0.0630867
-16.6504  3.14159  4.39823  -0.00895918  0.0579486
-7.22566  3.14159  4.39823  -0.0405248  0.118521
-5.34071  3.14159  4.39823  -0.0658372  0.145779
-4.08407  3.14159  4.39823  -0.0971752  0.168635
-2.82743  3.14159  4.39823  -0.153182  0.190919
-2.19911  3.14159  4.39823  -0.196928  0.19589
-1.5708  3.14159  4.39823  -0.254725  0.187247
-0.942478  3.14159  4.39823  -0.323468  0.149778
-0.314159  3.14159  4.39823  -0.382062  0.0648401
0.314159  3.14159  4.39823  -0.382061  -0.0648434
0.942478  3.14159  4.39823  -0.323466  -0.14978
1.5708  3.14159  4.39823  -0.254723  -0.187248
2.19911  3.14159  4.39823  -0.196926  -0.19589
2.82743  3.14159  4.39823  -0.153181  -0.190919
4.08407  3.14159  4.39823  -0.0971746  -0.168634
7.22566  3.14159  4.39823  -0.0405246  -0.118521
14.7655  3.14159  4.39823  -0.0112495  -0.0647675
-16.6504  3.14159  5.02655  -0.00481053  0.0589414
-7.22566  3.14159  5.02655  -0.0231428  0.12821
-5.34071  3.14159  5.02655  -0.0395922  0.16609
-4.08407  3.14159  5.02655  -0.0625101  0.205622
-2.82743  3.14159  5.02655  -0.112438  0.266061
-2.19911  3.14159  5.02655  -0.162374  0.307259
-1.5708  3.14159  5.02655  -0.250997  0.352357
-0.942478  3.14159  5.02655  -0.416329  0.371239
-0.314159  3.14159  5.02655  -0.671031  0.227956
0.314159  3.14159  5.02655  -0.671025  -0.227965
0.942478  3.14159  5.02655  -0.416323  -0.37124
1.5708  3.14159  5.02655  -0.250994  -0.352356
2.19911  3.14159  5.02655  -0.162372  -0.307258
2.82743  3.14159  5.02655  -0.112436  -0.26606
4.08407  3.14159  5.02655  -0.0625096  -0.205621
7.22566  3.14159  5.02655  -0.0231426  -0.128209
14.7655  3.14159  5.02655  -0.00606684  -0.0661656
-16.6504  3.14159  5.65487  -0.00133785  0.0593041
-7.22566  3.14159  5.65487  -0.00658967  0.132066
-5.34071  3.14159  5.65487  -0.0115155  0.174785
-4.08407  3.14159  5.65487  -0.0187346  0.223058
-2.82743  3.14159  5.65487  -0.0360562  0.309223
-2.19911  3.14159  5.65487  -0.0559498  0.384367
-1.5708  3.14159  5.65487  -0.0995939  0.509525
-0.942478  3.14159  5.65487  -0.230406  0.756976
-0.314159  3.14159  5.65487  -1.01083  1.3164
0.314159  3.14159  5.65487  -1.01078  -1.31639
0.942478  3.14159  5.65487  -0.230399  -0.756967
1.5708  3.14159  5.65487  -0.0995921  -0.509521
2.19911  3.14159  5.65487  -0.0559491  -0.384365
2.82743  3.14159  5.65487  -0.0360558  -0.309222
4.08407  3.14159  5.65487  -0.0187345  -0.223057
7.22566  3.14159  5.65487  -0.00658961  -0.132066
14.7655  3.14159  5.65487  -0.00168997  -0.0666795
-16.6504  3.14159  6.28319  -9.18332e-09  0.0593344
-7.22566  3.14159  6.28319  -7.21682e-08  0.132399
-5.34071  3.14159  6.28319  -2.42662e-08  0.17555
-4.08407  3.14159  6.28319  -1.3197e-07  0.224637
-2.82743  3.14159  6.28319  -3.66364e-07  0.313389
-2.19911  3.14159  6.28319  -5.94932e-07  0.392353
-1.5708  3.14159  6.28319  -1.14659e-06  0.528374
-0.942478  3.14159  6.28319  -3.04587e-06  0.82381
-0.314159  3.14159  6.28319  -2.12406e-05  1.99896
0.314159  3.14159  6.28319  -1.95046e-05  -1.99888
0.942478  3.14159  6.28319  -2.71498e-06  -0.823798
1.5708  3.14159  6.28319  -1.00716e-06  -0.52837
2.19911  3.14159  6.28319  -5.09336e-07  -0.392351
2.82743  3.14159  6.28319  -2.97224e-07  -0.313387
4.08407  3.14159  6.28319  -1.32948e-07  -0.224636
7.22566  3.14159  6.28319  -4.70994e-08  -0.132398
14.7655  3.14159  6.28319  -8.96978e-09  -0.0667226
-16.6504  3.76991  0  0.00133783  0.0593041
-7.22566  3.76991  0  0.00658952  0.132066
-5.34071  3.76991  0  0.0115155  0.174784
-4.08407  3.76991  0  0.0187343  0.223058
-2.82743  3.76991  0  0.0360555  0.309223
-2.19911  3.76991  0  0.0559487  0.384368
-1.5708  3.76991  0  0.0995918  0.509525
-0.942478  3.76991  0  0.230401  0.756979
-0.314159  3.76991  0  1.01082  1.31643
0.314159  3.76991  0  1.01077  -1.31641
0.942478  3.76991  0  0.230395  -0.75697
1.5708  3.76991  0  0.0995904  -0.509522
2.19911  3.76991  0  0.0559481  -0.384365
2.82743  3.76991  0  0.0360552  -0.309222
4.08407  3.76991  0  0.0187342  -0.223057
7.22566  3.76991  0  0.00658952  -0.132066
14.7655  3.76991  0  0.00168995  -0.0666795
-16.6504  3.76991  0.628319  -9.18141e-09  0.0593342
-7.22566  3.76991  0.628319  -7.27788e-08  0.132393
-5.34071  3.76991  0.628319  -2.54833e-08  0.175538
-4.08407  3.76991  0.628319  -1.32926e-07  0.22463
-2.82743  3.76991  0.628319  -3.69408e-07  0.313481
-2.19911  3.76991  0.628319  -6.01322e-07  0.392706
-1.5708  3.76991  0.628319  -1.16202e-06  0.529751
-0.942478  3.76991  0.628319  -3.10212e-06  0.83087
-0.314159  3.76991  0.628319  -2.25342e-05  2.09507
0.314159  3.76991  0.628319  -2.07478e-05  -2.09499
0.942478  3.76991  0.628319  -2.77402e-06  -0.830858
1.5708  3.76991  0.628319  -1.02275e-06  -0.529746
2.19911  3.76991  0.628319  -5.16464e-07  -0.392704
2.82743  3.76991  0.628319  -3.02294e-07  -0.31348
4.08407  3.76991  0.628319  -1.33077e-07  -0.22463
7.22566  3.76991  0.628319  -4.70666e-08  -0.132392
14.7655  3.76991  0.628319  -8.99977e-09  -0.0667222
-16.6504  3.76991  1.25664  -0.0034919  0.0591277
-7.22566  3.76991  1.25664  -0.0170014  0.130165
-5.34071  3.76991  1.25664  -0.0294019  0.170456
-4.08407  3.76991  1.25664  -0.0471349  0.214261
-2.82743  3.76991  1.25664  -0.0877162  0.286794
-2.19911  3.76991  1.25664  -0.1312  0.342992
-1.5708  3.76991  1.25664  -0.216438  0.419743
-0.942478  3.76991  1.25664  -0.409752  0.5053
-0.314159  3.76991  1.25664  -0.84725  0.398302
0.314159  3.76991  1.25664  -0.847236  -0.398315
0.942478  3.76991  1.25664  -0.409744  -0.505298
1.5708  3.76991  1.25664  -0.216435  -0.419741
2.19911  3.76991  1.25664  -0.131199  -0.342991
2.82743  3.76991  1.25664  -0.0877154  -0.286793
4.08407  3.76991  1.25664  -0.0471346  -0.214261
7.22566  3.76991  1.25664  -0.0170012  -0.130165
14.7655  3.76991  1.25664  -0.00440746  -0.0664294
-16.6504  3.76991  1.88496  -0.00770068  0.0583169
-7.22566  3.76991  1.88496  -0.0356208  0.121976
-5.34071  3.76991  1.88496  -0.0589314  0.152783
-4.08407  3.76991  1.88496  -0.0889951  0.180838
-2.82743  3.76991  1.88496  -0.146317  0.213573
-2.19911  3.76991  1.88496  -0.194624  0.226782
-1.5708  3.76991  1.88496  -0.263828  0.227289
-0.942478  3.76991  1.88496  -0.355346  0.193072
-0.314159  3.76991  1.88496  -0.442277  0.09001
0.314159  3.76991  1.88496  -0.442276  -0.0900143
0.942478  3.76991  1.88496  -0.355343  -0.193074
1.5708  3.76991  1.88496  -0.263826  -0.22729
2.19911  3.76991  1.88496  -0.194622  -0.226782
2.82743  3.76991  1.88496  -0.146316  -0.213573
4.08407  3.76991  1.88496  -0.0889945  -0.180837
7.22566  3.76991  1.88496  -0.0356206  -0.121976
14.7655  3.76991  1.88496  -0.00968496  -0.0652847
-16.6504  3.76991  2.51327  -0.0109389  0.0572433
-7.22566  3.76991  2.51327  -0.0474642  0.112314
-5.34071  3.76991  2.51327  -0.0746967  0.133806
-4.08407  3.76991  2.51327  -0.106162  0.149003
-2.82743  3.76991  2.51327  -0.156986  0.158116
-2.19911  3.76991  2.51327  -0.192515  0.154604
-1.5708  3.76991  2.51327  -0.234678  0.139027
-0.942478  3.76991  2.51327  -0.278743  0.103668
-0.314159  3.76991  2.51327  -0.311708  0.0422296
0.314159  3.76991  2.51327  -0.311708  -0.0422319
0.942478  3.76991  2.51327  -0.278742  -0.103669
1.5708  3.76991  2.51327  -0.234677  -0.139027
2.19911  3.76991  2.51327  -0.192514  -0.154605
2.82743  3.76991  2.51327  -0.156985  -0.158116
4.08407  3.76991  2.51327  -0.106161  -0.149003
7.22566  3.76991  2.51327  -0.0474639  -0.112314
14.7655  3.76991  2.51327  -0.0136929  -0.0637816
-16.6504  3.76991  3.14159  -0.0121232  0.0567435
-7.22566  3.76991  3.14159  -0.0511282  0.108214
-5.34071  3.76991  3.14159  -0.0788309  0.1263
-4.08407  3.76991  3.14159  -0.109483  0.13742
-2.82743  3.76991  3.14159  -0.156165  0.140605
-2.19911  3.76991  3.14159  -0.186887  0.1341
-1.5708  3.76991  3.14159  -0.221469  0.117109
-0.942478  3.76991  3.14159  -0.25556  0.0846357
-0.314159  3.76991  3.14159  -0.279541  0.0340373
0.314159  3.76991  3.14159  -0.279541  -0.0340392
0.942478  3.76991  3.14159  -0.255559  -0.0846371
1.5708  3.76991  3.14159  -0.221468  -0.11711
2.19911  3.76991  3.14159  -0.186886  -0.134101
2.82743  3.76991  3.14159  -0.156165  -0.140605
4.08407  3.76991  3.14159  -0.109483  -0.13742
7.22566  3.76991  3.14159  -0.051128  -0.108214
14.7655  3.76991  3.14159  -0.0151421  -0.0630867
-16.6504  3.76991  3.76991  -0.0109389  0.0572433
-7.22566  3.76991  3.76991  -0.0474642  0.112314
-5.34071  3.76991  3.76991  -0.0746967  0.133806
-4.08407  3.76991  3.76991  -0.106162  0.149003
-2.82743  3.76991  3.76991  -0.156986  0.158116
-2.19911  3.76991  3.76991  -0.192515  0.154604
-1.5708  3.76991  3.76991  -0.234678  0.139027
-0.942478  3.76991  3.76991  -0.278743  0.103668
-0.314159  3.76991  3.76991  -0.311708  0.0422296
0.314159  3.76991  3.76991  -0.311708  -0.0422319
0.942478  3.76991  3.76991  -0.278742  -0.103669
1.5708  3.76991  3.76991  -0.234677  -0.139027
2.19911  3.76991  3.76991  -0.192514  -0.154605
2.82743  3.76991  3.76991  -0.156985  -0.158116
4.08407  3.76991  3.76991  -0.106161  -0.149003
7.22566  3.76991  3.76991  -0.0474639  -0.112314
14.7655  3.76991  3.76991  -0.0136929  -0.0637816
-16.6504  3.76991  4.39823  -0.00770068  0.0583169
-7.22566  3.76991  4.39823  -0.0356208  0.121976
-5.34071  3.76991  4.39823  -0.0589314  0.152783
-4.08407  3.76991  4.39823  -0.0889951  0.180838
-2.82743  3.76991  4.39823  -0.146317  0.213573
-2.19911  3.76991  4.39823  -0.194624  0.226782
-1.5708  3.76991  4.39823  -0.263828  0.227289
-0.942478  3.76991  4.39823  -0.355346  0.193072
-0.314159  3.76991  4.39823  -0.442277  0.09001
0.314159  3.76991  4.39823  -0.442276  -0.0900143
0.942478  3.76991  4.39823  -0.355343  -0.193074
1.5708  3.76991  4.39823  -0.263826  -0.22729
2.19911  3.76991  4.39823  -0.194622  -0.226782
2.82743  3.76991  4.39823  -0.146316  -0.213573
4.08407  3.76991  4.39823  -0.0889945  -0.180837
7.22566  3.76991  4.39823  -0.0356206  -0.121976
14.7655  3.76991  4.39823  -0.00968496  -0.0652847
-16.6504  3.76991  5.02655  -0.0034919  0.0591277
-7.22566  3.76991  5.02655  -0.0170014  0.130165
-5.34071  3.76991  5.02655  -0.0294019  0.170456
-4.08407  3.76991  5.02655  -0.0471349  0.214261
-2.82743  3.76991  5.02655  -0.0877162  0.286794
-2.19911  3.76991  5.02655  -0.1312  0.342992
-1.5708  3.76991  5.02655  -0.216438  0.419743
-0.942478  3.76991  5.02655  -0.409752  0.5053
-0.314159  3.76991  5.02655  -0.84725  0.398302
0.314159  3.76991  5.02655  -0.847236  -0.398315
0.942478  3.76991  5.02655  -0.409744  -0.505298
1.5708  3.76991  5.02655  -0.216435  -0.419741
2.19911  3.76991  5.02655  -0.131199  -0.342991
2.82743  3.76991  5.02655  -0.0877154  -0.286793
4.08407  3.76991  5.02655  -0.0471346  -0.214261
7.22566  3.76991  5.02655  -0.0170012  -0.130165
14.7655  3.76991  5.02655  -0.00440746  -0.0664294
-16.6504  3.76991  5.65487  -9.18141e-09  0.0593342
-7.22566  3.76991  5.65487  -7.27788e-08  0.132393
-5.34071  3.76991  5.65487  -2.54833e-08  0.175538
-4.08407  3.76991  5.65487  -1.32926e-07  0.22463
-2.82743  3.76991  5.65487  -3.69408e-07  0.313481
-2.19911  3.76991  5.65487  -6.01322e-07  0.392706
-1.5708  3.76991  5.65487  -1.16202e-06  0.529751
-0.942478  3.76991  5.65487  -3.10212e-06  0.83087
-0.314159  3.76991  5.65487  -2.25342e-05  2.09507
0.314159  3.76991  5.65487  -2.07478e-05  -2.09499
0.942478  3.76991  5.65487  -2.77402e-06  -0.830858
1.5708  3.76991  5.65487  -1.02275e-06  -0.529746
2.19911  3.76991  5.65487  -5.16464e-07  -0.392704
2.82743  3.76991  5.65487  -3.02294e-07  -0.31348
4.08407  3.76991  5.65487  -1.33077e-07  -0.22463
7.22566  3.76991  5.65487  -4.70666e-08  -0.132392
14.7655  3.76991  5.65487  -8.99977e-09  -0.0667222
-16.6504  3.76991  6.28319  0.00133783  0.0593041
-7.22566  3.76991  6.28319  0.00658952  0.132066
-5.34071  3.76991  6.28319  0.0115155  0.174784
-4.08407  3.76991  6.28319  0.0187343  0.223058
-2.82743  3.76991  6.28319  0.0360555  0.309223
-2.19911  3.76991  6.28319  0.0559487  0.384368
-1.5708  3.76991  6.28319  0.0995918  0.509525
-0.942478  3.76991  6.28319  0.230401  0.756979
-0.314159  3.76991  6.28319  1.01082  1.31643
0.314159  3.76991  6.28319  1.01077  -1.31641
0.942478  3.76991  6.28319  0.230395  -0.75697
1.5708  3.76991  6.28319  0.0995904  -0.509522
2.19911  3.76991  6.28319  0.0559481  -0.384365
2.82743  3.76991  6.28319  0.0360552  -0.309222
4.08407  3.76991  6.28319  0.0187342  -0.223057
7.22566  3.76991  6.28319  0.00658952  -0.132066
14.7655  3.76991  6.28319  0.00168995  -0.0666795
-16.6504  4.39823  0  0.0048105  0.0589414
-7.22566  4.39823  0  0.0231426  0.12821
-5.34071  4.39823  0  0.0395921  0.16609
-4.08407  4.39823  0  0.0625098  0.205622
-2.82743  4.39823  0  0.112437  0.266061
-2.19911  4.39823  0  0.162373  0.307259
-1.5708  4.39823  0  0.250996  0.352358
-0.942478  4.39823  0  0.416328  0.371242
-0.314159  4.39823  0  0.671034  0.22796
0.314159  4.39823  0  0.671029  -0.227967
0.942478  4.39823  0  0.416324  -0.371243
1.5708  4.39823  0  0.250994  -0.352357
2.19911  4.39823  0  0.162372  -0.307259
2.82743  4.39823  0  0.112436  -0.26606
4.08407  4.39823  0  0.0625095  -0.205621
7.22566  4.39823  0  0.0231426  -0.128209
14.7655  4.39823  0  0.00606682  -0.0661656
-16.6504  4.39823  0.628319  0.00349188  0.0591277
-7.22566  4.39823  0.628319  0.0170012  0.130165
-5.34071  4.39823  0.628319  0.0294019  0.170455
-4.08407  4.39823  0.628319  0.0471346  0.214261
-2.82743  4.39823  0.628319  0.0877156  0.286795
-2.19911  4.39823  0.628319  0.131199  0.342993
-1.5708  4.39823  0.628319  0.216437  0.419745
-0.942478  4.39823  0.628319  0.409751  0.505303
-0.314159  4.39823  0.628319  0.847254  0.39831
0.314159  4.39823  0.628319  0.847243  -0.39832
0.942478  4.39823  0.628319  0.409744  -0.505302
1.5708  4.39823  0.628319  0.216435  -0.419743
2.19911  4.39823  0.628319  0.131198  -0.342991
2.82743  4.39823  0.628319  0.087715  -0.286794
4.08407  4.39823  0.628319  0.0471344  -0.214261
7.22566  4.39823  0.628319  0.0170012  -0.130165
14.7655  4.39823  0.628319  0.00440744  -0.0664294
-16.6504  4.39823  1.25664  -9.17057e-09  0.0593338
-7.22566  4.39823  1.25664  -7.38699e-08  0.132384
-5.34071  4.39823  1.25664  -2.73142e-08  0.175525
-4.08407  4.39823  1.25664  -1.33188e-07  0.22464
-2.82743  4.39823  1.25664  -3.69659e-07  0.313723
-2.19911  4.39823  1.25664  -6.00581e-07  0.393458
-1.5708  4.39823  1.25664  -1.15626e-06  0.532148
-0.942478  4.39823  1.25664  -3.08348e-06  0.839684
-0.314159  4.39823  1.25664  -2.28726e-05  2.14692
0.314159  4.39823  1.25664  -2.15929e-05  -2.14683
0.942478  4.39823  1.25664  -2.83731e-06  -0.839672
1.5708  4.39823  1.25664  -1.04238e-06  -0.532143
2.19911  4.39823  1.25664  -5.26535e-07  -0.393456
2.82743  4.39823  1.25664  -3.1057e-07  -0.313721
4.08407  4.39823  1.25664  -1.34047e-07  -0.22464
7.22566  4.39823  1.25664  -4.70755e-08  -0.132383
14.7655  4.39823  1.25664  -9.02308e-09  -0.0667216
-16.6504  4.39823  1.88496  -0.00430814  0.0590193
-7.22566  4.39823  1.88496  -0.0208277  0.129018
-5.34071  4.39823  1.88496  -0.0357952  0.167888
-4.08407  4.39823  1.88496  -0.0568915  0.209167
-2.82743  4.39823  1.88496  -0.103879  0.274466
-2.19911  4.39823  1.88496  -0.15232  0.321472
-1.5708  4.39823  1.88496  -0.241863  0.377961
-0.942478  4.39823  1.88496  -0.421112  0.41698
-0.314159  4.39823  1.88496  -0.732008  0.274466
0.314159  4.39823  1.88496  -0.732  -0.274476
0.942478  4.39823  1.88496  -0.421105  -0.41698
1.5708  4.39823  1.88496  -0.241859  -0.377959
2.19911  4.39823  1.88496  -0.152318  -0.321471
2.82743  4.39823  1.88496  -0.103878  -0.274465
4.08407  4.39823  1.88496  -0.0568911  -0.209166
7.22566  4.39823  1.88496  -0.0208275  -0.129018
14.7655  4.39823  1.88496  -0.00543505  -0.0662758
-16.6504  4.39823  2.51327  -0.00770068  0.0583169
-7.22566  4.39823  2.51327  -0.0356208  0.121976
-5.34071  4.39823  2.51327  -0.0589314  0.152783
-4.08407  4.39823  2.51327  -0.0889951  0.180838
-2.82743  4.39823  2.51327  -0.146317  0.213573
-2.19911  4.39823  2.51327  -0.194624  0.226782
-1.5708  4.39823  2.51327  -0.263828  0.227289
-0.942478  4.39823  2.51327  -0.355346  0.193072
-0.314159  4.39823  2.51327  -0.442277  0.09001
0.314159  4.39823  2.51327  -0.442276  -0.0900143
0.942478  4.39823  2.51327  -0.355343  -0.193074
1.5708  4.39823  2.51327  -0.263826  -0.22729
2.19911  4.39823  2.51327  -0.194622  -0.226782
2.82743  4.39823  2.51327  -0.146316  -0.213573
4.08407  4.39823  2.51327  -0.0889945  -0.180837
7.22566  4.39823  2.51327  -0.0356206  -0.121976
14.7655  4.39823  2.51327  -0.00968496  -0.0652847
-16.6504  4.39823  3.14159  -0.00895918  0.0579486
-7.22566  4.39823  3.14159  -0.0405248  0.118521
-5.34071  4.39823  3.14159  -0.0658372  0.145779
-4.08407  4.39823  3.14159  -0.0971752  0.168635
-2.82743  4.39823  3.14159  -0.153182  0.190919
-2.19911  4.39823  3.14159  -0.196928  0.19589
-1.5708  4.39823  3.14159  -0.254725  0.187247
-0.942478  4.39823  3.14159  -0.323468  0.149778
-0.314159  4.39823  3.14159  -0.382062  0.0648401
0.314159  4.39823  3.14159  -0.382061  -0.0648434
0.942478  4.39823  3.14159  -0.323466  -0.14978
1.5708  4.39823  3.14159  -0.254723  -0.187248
2.19911  4.39823  3.14159  -0.196926  -0.19589
2.82743  4.39823  3.14159  -0.153181  -0.190919
4.08407  4.39823  3.14159  -0.0971746  -0.168634
7.22566  4.39823  3.14159  -0.0405246  -0.118521
14.7655  4.39823  3.14159  -0.0112495  -0.0647675
-16.6504  4.39823  3.76991  -0.00770068  0.0583169
-7.22566  4.39823  3.76991  -0.0356208  0.121976
-5.34071  4.39823  3.76991  -0.0589314  0.152783
-4.08407  4.39823  3.76991  -0.0889951  0.180838
-2.82743  4.39823  3.76991  -0.146317  0.213573
-2.19911  4.39823  3.76991  -0.194624  0.226782
-1.5708  4.39823  3.76991  -0.263828  0.227289
-0.942478  4.39823  3.76991  -0.355346  0.193072
-0.314159  4.39823  3.76991  -0.442277  0.09001
0.314159  4.39823  3.76991  -0.442276  -0.0900143
0.942478  4.39823  3.76991  -0.355343  -0.193074
1.5708  4.39823  3.76991  -0.263826  -0.22729
2.19911  4.39823  3.76991  -0.194622  -0.226782
2.82743  4.39823  3.76991  -0.146316  -0.213573
4.08407  4.39823  3.76991  -0.0889945  -0.180837
7.22566  4.39823  3.76991  -0.0356206  -0.121976
14.7655  4.39823  3.76991  -0.00968496  -0.0652847
-16.6504  4.39823  4.39823  -0.00430814  0.0590193
-7.22566  4.39823  4.39823  -0.0208277  0.129018
-5.34071  4.39823  4.39823  -0.0357952  0.167888
-4.08407  4.39823  4.39823  -0.0568915  0.209167
-2.82743  4.39823  4.39823  -0.103879  0.274466
-2.19911  4.39823  4.39823  -0.15232  0.321472
-1.5708  4.39823  4.39823  -0.241863  0.377961
-0.942478  4.39823  4.39823  -0.421112  0.41698
-0.314159  4.39823  4.39823  -0.732008  0.274466
0.314159  4.39823  4.39823  -0.732  -0.274476
0.942478  4.39823  4.39823  -0.421105  -0.41698
1.5708  4.39823  4.39823  -0.241859  -0.377959
2.19911  4.39823  4.39823  -0.152318  -0.321471
2.82743  4.39823  4.39823  -0.103878  -0.274465
4.08407  4.39823  4.39823  -0.0568911  -0.209166
7.22566  4.39823  4.39823  -0.0208275  -0.129018
14.7655  4.39823  4.39823  -0.00543505  -0.0662758
-16.6504  4.39823  5.02655  -9.17057e-09  0.0593338
-7.22566  4.39823  5.02655  -7.38699e-08  0.132384
-5.34071  4.39823  5.02655  -2.73142e-08  0.175525
-4.08407  4.39823  5.02655  -1.33188e-07  0.22464
-2.82743  4.39823  5.02655  -3.69659e-07  0.313723
-2.19911  4.39823  5.02655  -6.00581e-07  0.393458
-1.5708  4.39823  5.02655  -1.15626e-06  0.532148
-0.942478  4.39823  5.02655  -3.08348e-06  0.839684
-0.314159  4.39823  5.02655  -2.28726e-05  2.14692
0.314159  4.39823  5.02655  -2.15929e-05  -2.14683
0.942478  4.39823  5.02655  -2.83731e-06  -0.839672
1.5708  4.39823  5.02655  -1.04238e-06  -0.532143
2.19911  4.39823  5.02655  -5.26535e-07  -0.393456
2.82743  4.39823  5.02655  -3.1057e-07  -0.313721
4.08407  4.39823  5.02655  -1.34047e-07  -0.22464
7.22566  4.39823  5.02655  -4.70755e-08  -0.132383
14.7655  4.39823  5.02655  -9.02308e-09  -0.0667216
-16.6504  4.39823  5.65487  0.00349188  0.0591277
-7.22566  4.39823  5.65487  0.0170012  0.130165
-5.34071  4.39823  5.65487  0.0294019  0.170455
-4.08407  4.39823  5.65487  0.0471346  0.214261
-2.82743  4.39823  5.65487  0.0877156  0.286795
-2.19911  4.39823  5.65487  0.131199  0.342993
-1.5708  4.39823  5.65487  0.216437  0.419745
-0.942478  4.39823  5.65487  0.409751  0.505303
-0.314159  4.39823  5.65487  0.847254  0.39831
0.314159  4.39823  5.65487  0.847243  -0.39832
0.942478  4.39823  5.65487  0.409744  -0.505302
1.5708  4.39823  5.65487  0.216435  -0.419743
2.19911  4.39823  5.65487  0.131198  -0.342991
2.82743  4.39823  5.65487  0.087715  -0.286794
4.08407  4.39823  5.65487  0.0471344  -0.214261
7.22566  4.39823  5.65487  0.0170012  -0.130165
14.7655  4.39823  5.65487  0.00440744  -0.0664294
-16.6504  4.39823  6.28319  0.0048105  0.0589414
-7.22566  4.39823  6.28319  0.0231426  0.12821
-5.34071  4.39823  6.28319  0.0395921  0.16609
-4.08407  4.39823  6.28319  0.0625098  0.205622
-2.82743  4.39823  6.28319  0.112437  0.266061
-2.19911  4.39823  6.28319  0.162373  0.307259
-1.5708  4.39823  6.28319  0.250996  0.352358
-0.942478  4.39823  6.28319  0.416328  0.371242
-0.314159  4.39823  6.28319  0.671034  0.22796
0.314159  4.39823  6.28319  0.671029  -0.227967
0.942478  4.39823  6.28319  0.416324  -0.371243
1.5708  4.39823  6.28319  0.250994  -0.352357
2.19911  4.39823  6.28319  0.162372  -0.307259
2.82743  4.39823  6.28319  0.112436  -0.26606
4.08407  4.39823  6.28319  0.0625095  -0.205621
7.22566  4.39823  6.28319  0.0231426  -0.128209
14.7655  4.39823  6.28319  0.00606682  -0.0661656
-16.6504  5.02655  0  0.00895915  0.0579486
-7.22566  5.02655  0  0.0405247  0.118521
-5.34071  5.02655  0  0.0658371  0.145779
-4.08407  5.02655  0  0.0971749  0.168635
-2.82743  5.02655  0  0.153182  0.190919
-2.19911  5.02655  0  0.196927  0.19589
-1.5708  5.02655  0  0.254725  0.187248
-0.942478  5.02655  0  0.323468  0.149779
-0.314159  5.02655  0  0.382063  0.0648412
0.314159  5.02655  0  0.382062  -0.0648431
0.942478  5.02655  0  0.323467  -0.14978
1.5708  5.02655  0  0.254724  -0.187249
2.19911  5.02655  0  0.196927  -0.19589
2.82743  5.02655  0  0.153181  -0.190919
4.08407  5.02655  0  0.0971747  -0.168635
7.22566  5.02655  0  0.0405246  -0.118521
14.7655  5.02655  0  0.0112495  -0.0647675
-16.6504  5.02655  0.628319  0.00770065  0.0583169
-7.22566  5.02655  0.628319  0.0356207  0.121976
-5.34071  5.02655  0.628319  0.0589313  0.152783
-4.08407  5.02655  0.628319  0.0889948  0.180838
-2.82743  5.02655  0.628319  0.146317  0.213573
-2.19911  5.02655  0.628319  0.194623  0.226783
-1.5708  5.02655  0.628319  0.263828  0.22729
-0.942478  5.02655  0.628319  0.355346  0.193073
-0.314159  5.02655  0.628319  0.442279  0.0900115
0.314159  5.02655  0.628319  0.442278  -0.0900142
0.942478  5.02655  0.628319  0.355344  -0.193074
1.5708  5.02655  0.628319  0.263826  -0.22729
2.19911  5.02655  0.628319  0.194622  -0.226783
2.82743  5.02655  0.628319  0.146316  -0.213573
4.08407  5.02655  0.628319  0.0889945  -0.180838
7.22566  5.02655  0.628319  0.0356206  -0.121976
14.7655  5.02655  0.628319  0.00968495  -0.0652847
-16.6504  5.02655  1.25664  0.00430812  0.0590193
-7.22566  5.02655  1.25664  0.0208275  0.129018
-5.34071  5.02655  1.25664  0.0357952  0.167888
-4.08407  5.02655  1.25664  0.0568913  0.209167
-2.82743  5.02655  1.25664  0.103878  0.274467
-2.19911  5.02655  1.25664  0.152319  0.321472
-1.5708  5.02655  1.25664  0.241862  0.377962
-0.942478  5.02655  1.25664  0.421111  0.416983
-0.314159  5.02655  1.25664  0.732012  0.274471
0.314159  5.02655  1.25664  0.732005  -0.274478
0.942478  5.02655  1.25664  0.421106  -0.416983
1.5708  5.02655  1.25664  0.241859  -0.377961
2.19911  5.02655  1.25664  0.152318  -0.321471
2.82743  5.02655  1.25664  0.103877  -0.274466
4.08407  5.02655  1.25664  0.056891  -0.209166
7.22566  5.02655  1.25664  0.0208275  -0.129018
14.7655  5.02655  1.25664  0.00543503  -0.0662758
-16.6504  5.02655  1.88496  -9.17057e-09  0.0593338
-7.22566  5.02655  1.88496  -7.38699e-08  0.132384
-5.34071  5.02655  1.88496  -2.73142e-08  0.175525
-4.08407  5.02655  1.88496  -1.33188e-07  0.22464
-2.82743  5.02655  1.88496  -3.69659e-07  0.313723
-2.19911  5.02655  1.88496  -6.00581e-07  0.393458
-1.5708  5.02655  1.88496  -1.15626e-06  0.532148
-0.942478  5.02655  1.88496  -3.08348e-06  0.839684
-0.314159  5.02655  1.88496  -2.28726e-05  2.14692
0.314159  5.02655  1.88496  -2.15929e-05  -2.14683
0.942478  5.02655  1.88496  -2.83731e-06  -0.839672
1.5708  5.02655  1.88496  -1.04238e-06  -0.532143
2.19911  5.02655  1.88496  -5.26535e-07  -0.393456
2.82743  5.02655  1.88496  -3.1057e-07  -0.313721
4.08407  5.02655  1.88496  -1.34047e-07  -0.22464
7.22566  5.02655  1.88496  -4.70755e-08  -0.132383
14.7655  5.02655  1.88496  -9.02308e-09  -0.0667216
-16.6504  5.02655  2.51327  -0.0034919  0.0591277
-7.22566  5.02655  2.51327  -0.0170014  0.130165
-5.34071  5.02655  2.51327  -0.0294019  0.170456
-4.08407  5.02655  2.51327  -0.0471349  0.214261
-2.82743  5.02655  2.51327  -0.0877162  0.286794
-2.19911  5.02655  2.51327  -0.1312  0.342992
-1.5708  5.02655  2.51327  -0.216438  0.419743
-0.942478  5.02655  2.51327  -0.409752  0.5053
-0.314159  5.02655  2.51327  -0.84725  0.398302
0.314159  5.02655  2.51327  -0.847236  -0.398315
0.942478  5.02655  2.51327  -0.409744  -0.505298
1.5708  5.02655  2.51327  -0.216435  -0.419741
2.19911  5.02655  2.51327  -0.131199  -0.342991
2.82743  5.02655  2.51327  -0.0877154  -0.286793
4.08407  5.02655  2.51327  -0.0471346  -0.214261
7.22566  5.02655  2.51327  -0.0170012  -0.130165
14.7655  5.02655  2.51327  -0.00440746  -0.0664294
-16.6504  5.02655  3.14159  -0.00481053  0.0589414
-7.22566  5.02655  3.14159  -0.0231428  0.12821
-5.34071  5.02655  3.14159  -0.0395922  0.16609
-4.08407  5.02655  3.14159  -0.0625101  0.205622
-2.82743  5.02655  3.14159  -0.112438  0.266061
-2.19911  5.02655  3.14159  -0.162374  0.307259
-1.5708  5.02655  3.14159  -0.250997  0.352357
-0.942478  5.02655  3.14159  -0.416329  0.371239
-0.314159  5.02655  3.14159  -0.671031  0.227956
0.314159  5.02655  3.14159  -0.671025  -0.227965
0.942478  5.02655  3.14159  -0.416323  -0.37124
1.5708  5.02655  3.14159  -0.250994  -0.352356
2.19911  5.02655  3.14159  -0.162372  -0.307258
2.82743  5.02655  3.14159  -0.112436  -0.26606
4.08407  5.02655  3.14159  -0.0625096  -0.205621
7.22566  5.02655  3.14159  -0.0231426  -0.128209
14.7655  5.02655  3.14159  -0.00606684  -0.0661656
-16.6504  5.02655  3.76991  -0.0034919  0.0591277
-7.22566  5.02655  3.76991  -0.0170014  0.130165
-5.34071  5.02655  3.76991  -0.0294019  0.170456
-4.08407  5.02655  3.76991  -0.0471349  0.214261
-2.82743  5.02655  3.76991  -0.0877162  0.286794
-2.19911  5.02655  3.76991  -0.1312  0.342992
-1.5708  5.02655  3.76991  -0.216438  0.419743
-0.942478  5.02655  3.76991  -0.409752  0.5053
-0.314159  5.02655  3.76991  -0.84725  0.398302
0.314159  5.02655  3.76991  -0.847236  -0.398315
0.942478  5.02655  3.76991  -0.409744  -0.505298
1.5708  5.02655  3.76991  -0.216435  -0.419741
2.19911  5.02655  3.76991  -0.131199  -0.342991
2.82743  5.02655  3.76991  -0.0877154  -0.286793
4.08407  5.02655  3.76991  -0.0471346  -0.214261
7.22566  5.02655  3.76991  -0.0170012  -0.130165
14.7655  5.02655  3.76991  -0.00440746  -0.0664294
-16.6504  5.02655  4.39823  -9.17057e-09  0.0593338
-7.22566  5.02655  4.39823  -7.38699e-08  0.132384
-5.34071  5.02655  4.39823  -2.73142e-08  0.175525
-4.08407  5.02655  4.39823  -1.33188e-07  0.22464
-2.82743  5.02655  4.39823  -3.69659e-07  0.313723
-2.19911  5.02655  4.39823  -6.00581e-07  0.393458
-1.5708  5.02655  4.39823  -1.15626e-06  0.532148
-0.942478  5.02655  4.39823  -3.08348e-06  0.839684
-0.314159  5.02655  4.39823  -2.28726e-05  2.14692
0.314159  5.02655  4.39823  -2.15929e-05  -2.14683
0.942478  5.02655  4.39823  -2.83731e-06  -0.839672
1.5708  5.02655  4.39823  -1.04238e-06  -0.532143
2.19911  5.02655  4.39823  -5.26535e-07  -0.393456
2.82743  5.02655  4.39823  -3.1057e-07  -0.313721
4.08407  5.02655  4.39823  -1.34047e-07  -0.22464
7.22566  5.02655  4.39823  -4.70755e-08  -0.132383
14.7655  5.02655  4.39823  -9.02308e-09  -0.0667216
-16.6504  5.02655  5.02655  0.00430812  0.0590193
-7.22566  5.02655  5.02655  0.0208275  0.129018
-5.34071  5.02655  5.02655  0.0357952  0.167888
-4.08407  5.02655  5.02655  0.0568913  0.209167
-2.82743  5.02655  5.02655  0.103878  0.274467
-2.19911  5.02655  5.02655  0.152319  0.321472
-1.5708  5.02655  5.02655  0.241862  0.377962
-0.942478  5.02655  5.02655  0.421111  0.416983
-0.314159  5.02655  5.02655  0.732012  0.274471
0.314159  5.02655  5.02655  0.732005  -0.274478
0.942478  5.02655  5.02655  0.421106  -0.416983
1.5708  5.02655  5.02655  0.241859  -0.377961
2.19911  5.02655  5.02655  0.152318  -0.321471
2.82743  5.02655  5.02655  0.103877  -0.274466
4.08407  5.02655  5.02655  0.056891  -0.209166
7.22566  5.02655  5.02655  0.0208275  -0.129018
14.7655  5.02655  5.02655  0.00543503  -0.0662758
-16.6504  5.02655  5.65487  0.00770065  0.0583169
-7.22566  5.02655  5.65487  0.0356207  0.121976
-5.34071  5.02655  5.65487  0.0589313  0.152783
-4.08407  5.02655  5.65487  0.0889948  0.180838
-2.82743  5.02655  5.65487  0.146317  0.213573
-2.19911  5.02655  5.65487  0.194623  0.226783
-1.5708  5.02655  5.65487  0.263828  0.22729
-0.942478  5.02655  5.65487  0.355346  0.193073
-0.314159  5.02655  5.65487  0.442279  0.0900115
0.314159  5.02655  5.65487  0.442278  -0.0900142
0.942478  5.02655  5.65487  0.355344  -0.193074
1.5708  5.02655  5.65487  0.263826  -0.22729
2.19911  5.02655  5.65487  0.194622  -0.226783
2.82743  5.02655  5.65487  0.146316  -0.213573
4.08407  5.02655  5.65487  0.0889945  -0.180838
7.22566  5.02655  5.65487  0.0356206  -0.121976
14.7655  5.02655  5.65487  0.00968495  -0.0652847
-16.6504  5.02655  6.28319  0.00895915  0.0579486
-7.22566  5.02655  6.28319  0.0405247  0.118521
-5.34071  5.02655  6.28319  0.0658371  0.145779
-4.08407  5.02655  6.28319  0.0971749  0.168635
-2.82743  5.02655  6.28319  0.153182  0.190919
-2.19911  5.02655  6.28319  0.196927  0.19589
-1.5708  5.02655  6.28319  0.254725  0.187248
-0.942478  5.02655  6.28319  0.323468  0.149779
-0.314159  5.02655  6.28319  0.382063  0.0648412
0.314159  5.02655  6.28319  0.382062  -0.0648431
0.942478  5.02655  6.28319  0.323467  -0.14978
1.5708  5.02655  6.28319  0.254724  -0.187249
2.19911  5.02655  6.28319  0.196927  -0.19589
2.82743  5.02655  6.28319  0.153181  -0.190919
4.08407  5.02655  6.28319  0.0971747  -0.168635
7.22566  5.02655  6.28319  0.0405246  -0.118521
14.7655  5.02655  6.28319  0.0112495  -0.0647675
-16.6504  5.65487  0  0.0121231  0.0567435
-7.22566  5.65487  0  0.0511281  0.108214
-5.34071  5.65487  0  0.0788307  0.1263
-4.08407  5.65487  0  0.109483  0.13742
-2.82743  5.65487  0  0.156165  0.140606
-2.19911  5.65487  0  0.186887  0.134101
-1.5708  5.65487  0  0.221469  0.11711
-0.942478  5.65487  0  0.25556  0.0846365
-0.314159  5.65487  0  0.279542  0.034038
0.314159  5.65487  0  0.279542  -0.0340389
0.942478  5.65487  0  0.25556  -0.084637
1.5708  5.65487  0  0.221468  -0.11711
2.19911  5.65487  0  0.186887  -0.134101
2.82743  5.65487  0  0.156165  -0.140606
4.08407  5.65487  0  0.109483  -0.13742
7.22566  5.65487  0  0.051128  -0.108214
14.7655  5.65487  0  0.0151421  -0.0630867
-16.6504  5.65487  0.628319  0.0109389  0.0572432
-7.22566  5.65487  0.628319  0.047464  0.112314
-5.34071  5.65487  0.628319  0.0746966  0.133806
-4.08407  5.65487  0.628319  0.106162  0.149003
-2.82743  5.65487  0.628319  0.156986  0.158116
-2.19911  5.65487  0.628319  0.192515  0.154605
-1.5708  5.65487  0.628319  0.234678  0.139027
-0.942478  5.65487  0.628319  0.278744  0.103669
-0.314159  5.65487  0.628319  0.311709  0.0422304
0.314159  5.65487  0.628319  0.311709  -0.0422316
0.942478  5.65487  0.628319  0.278743  -0.10367
1.5708  5.65487  0.628319  0.234677  -0.139028
2.19911  5.65487  0.628319  0.192514  -0.154605
2.82743  5.65487  0.628319  0.156985  -0.158116
4.08407  5.65487  0.628319  0.106161  -0.149003
7.22566  5.65487  0.628319  0.0474639  -0.112314
14.7655  5.65487  0.628319  0.0136929  -0.0637816
-16.6504  5.65487  1.25664  0.00770065  0.0583169
-7.22566  5.65487  1.25664  0.0356207  0.121976
-5.34071  5.65487  1.25664  0.0589313  0.152783
-4.08407  5.65487  1.25664  0.0889948  0.180838
-2.82743  5.65487  1.25664  0.146317  0.213573
-2.19911  5.65487  1.25664  0.194623  0.226783
-1.5708  5.65487  1.25664  0.263828  0.22729
-0.942478  5.65487  1.25664  0.355346  0.193073
-0.314159  5.65487  1.25664  0.442279  0.0900115
0.314159  5.65487  1.25664  0.442278  -0.0900142
0.942478  5.65487  1.25664  0.355344  -0.193074
1.5708  5.65487  1.25664  0.263826  -0.22729
2.19911  5.65487  1.25664  0.194622  -0.226783
2.82743  5.65487  1.25664  0.146316  -0.213573
4.08407  5.65487  1.25664  0.0889945  -0.180838
7.22566  5.65487  1.25664  0.0356206  -0.121976
14.7655  5.65487  1.25664  0.00968495  -0.0652847
-16.6504  5.65487  1.88496  0.00349188  0.0591277
-7.22566  5.65487  1.88496  0.0170012  0.130165
-5.34071  5.65487  1.88496  0.0294019  0.170455
-4.08407  5.65487  1.88496  0.0471346  0.214261
-2.82743  5.65487  1.88496  0.0877156  0.286795
-2.19911  5.65487  1.88496  0.131199  0.342993
-1.5708  5.65487  1.88496  0.216437  0.419745
-0.942478  5.65487  1.88496  0.409751  0.505303
-0.314159  5.65487  1.88496  0.847254  0.39831
0.314159  5.65487  1.88496  0.847243  -0.39832
0.942478  5.65487  1.88496  0.409744  -0.505302
1.5708  5.65487  1.88496  0.216435  -0.419743
2.19911  5.65487  1.88496  0.131198  -0.342991
2.82743  5.65487  1.88496  0.087715  -0.286794
4.08407  5.65487  1.88496  0.0471344  -0.214261
7.22566  5.65487  1.88496  0.0170012  -0.130165
14.7655  5.65487  1.88496  0.00440744  -0.0664294
-16.6504  5.65487  2.51327  -9.18141e-09  0.0593342
-7.22566  5.65487  2.51327  -7.27788e-08  0.132393
-5.34071  5.65487  2.51327  -2.54833e-08  0.175538
-4.08407  5.65487  2.51327  -1.32926e-07  0.22463
-2.82743  5.65487  2.51327  -3.69408e-07  0.313481
-2.19911  5.65487  2.51327  -6.01322e-07  0.392706
-1.5708  5.65487  2.51327  -1.16202e-06  0.529751
-0.942478  5.65487  2.51327  -3.10212e-06  0.83087
-0.314159  5.65487  2.51327  -2.25342e-05  2.09507
0.314159  5.65487  2.51327  -2.07478e-05  -2.09499
0.942478  5.65487  2.51327  -2.77402e-06  -0.830858
1.5708  5.65487  2.51327  -1.02275e-06  -0.529746
2.19911  5.65487  2.51327  -5.16464e-07  -0.392704
2.82743  5.65487  2.51327  -3.02294e-07  -0.31348
4.08407  5.65487  2.51327  -1.33077e-07  -0.22463
7.22566  5.65487  2.51327  -4.70666e-08  -0.132392
14.7655  5.65487  2.51327  -8.99977e-09  -0.0667222
-16.6504  5.65487  3.14159  -0.00133785  0.0593041
-7.22566  5.65487  3.14159  -0.00658967  0.132066
-5.34071  5.65487  3.14159  -0.0115155  0.174785
-4.08407  5.65487  3.14159  -0.0187346  0.223058
-2.82743  5.65487  3.14159  -0.0360562  0.309223
-2.19911  5.65487  3.14159  -0.0559498  0.384367
-1.5708  5.65487  3.14159  -0.0995939  0.509525
-0.942478  5.65487  3.14159  -0.230406  0.756976
-0.314159  5.65487  3.14159  -1.01083  1.3164
0.314159  5.65487  3.14159  -1.01078  -1.31639
0.942478  5.65487  3.14159  -0.230399  -0.756967
1.5708  5.65487  3.14159  -0.0995921  -0.509521
2.19911  5.65487  3.14159  -0.0559491  -0.384365
2.82743  5.65487  3.14159  -0.0360558  -0.309222
4.08407  5.65487  3.14159  -0.0187345  -0.223057
7.22566  5.65487  3.14159  -0.00658961  -0.132066
14.7655  5.65487  3.14159  -0.00168997  -0.0666795
-16.6504  5.65487  3.76991  -9.18141e-09  0.0593342
-7.22566  5.65487  3.76991  -7.27788e-08  0.132393
-5.34071  5.65487  3.76991  -2.54833e-08  0.175538
-4.08407  5.65487  3.76991  -1.32926e-07  0.22463
-2.82743  5.65487  3.76991  -3.69408e-07  0.313481
-2.19911  5.65487  3.76991  -6.01322e-07  0.392706
-1.5708  5.65487  3.76991  -1.16202e-06  0.529751
-0.942478  5.65487  3.76991  -3.10212e-06  0.83087
-0.314159  5.65487  3.76991  -2.25342e-05  2.09507
0.314159  5.65487  3.76991  -2.07478e-05  -2.09499
0.942478  5.65487  3.76991  -2.77402e-06  -0.830858
1.5708  5.65487  3.76991  -1.02275e-06  -0.529746
2.19911  5.65487  3.76991  -5.16464e-07  -0.392704
2.82743  5.65487  3.76991  -3.02294e-07  -0.31348
4.08407  5.65487  3.76991  -1.33077e-07  -0.22463
7.22566  5.65487  3.76991  -4.70666e-08  -0.132392
14.7655  5.65487  3.76991  -8.99977e-09  -0.0667222
-16.6504  5.65487  4.39823  0.00349188  0.0591277
-7.22566  5.65487  4.39823  0.0170012  0.130165
-5.34071  5.65487  4.39823  0.0294019  0.170455
-4.08407  5.65487  4.39823  0.0471346  0.214261
-2.82743  5.65487  4.39823  0.0877156  0.286795
-2.19911  5.65487  4.39823  0.131199  0.342993
-1.5708  5.65487  4.39823  0.216437  0.419745
-0.942478  5.65487  4.39823  0.409751  0.505303
-0.314159  5.65487  4.39823  0.847254  0.39831
0.314159  5.65487  4.39823  0.847243  -0.39832
0.942478  5.65487  4.39823  0.409744  -0.505302
1.5708  5.65487  4.39823  0.216435  -0.419743
2.19911  5.65487  4.39823  0.131198  -0.342991
2.82743  5.65487  4.39823  0.087715  -0.286794
4.08407  5.65487  4.39823  0.0471344  -0.214261
7.22566  5.65487  4.39823  0.0170012  -0.130165
14.7655  5.65487  4.39823  0.00440744  -0.0664294
-16.6504  5.65487  5.02655  0.00770065  0.0583169
-7.22566  5.65487  5.02655  0.0356207  0.121976
-5.34071  5.65487  5.02655  0.0589313  0.152783
-4.08407  5.65487  5.02655  0.0889948  0.180838
-2.82743  5.65487  5.02655  0.146317  0.213573
-2.19911  5.65487  5.02655  0.194623  0.226783
-1.5708  5.65487  5.02655  0.263828  0.22729
-0.942478  5.65487  5.02655  0.355346  0.193073
-0.314159  5.65487  5.02655  0.442279  0.0900115
0.314159  5.65487  5.02655  0.442278  -0.0900142
0.942478  5.65487  5.02655  0.355344  -0.193074
1.5708  5.65487  5.02655  0.263826  -0.22729
2.19911  5.65487  5.02655  0.194622  -0.226783
2.82743  5.65487  5.02655  0.146316  -0.213573
4.08407  5.65487  5.02655  0.0889945  -0.180838
7.22566  5.65487  5.02655  0.0356206  -0.121976
14.7655  5.65487  5.02655  0.00968495  -0.0652847
-16.6504  5.65487  5.65487  0.0109389  0.0572432
-7.22566  5.65487  5.65487  0.047464  0.112314
-5.34071  5.65487  5.65487  0.0746966  0.133806
-4.08407  5.65487  5.65487  0.106162  0.149003
-2.82743  5.65487  5.65487  0.156986  0.158116
-2.19911  5.65487  5.65487  0.192515  0.154605
-1.5708  5.65487  5.65487  0.234678  0.139027
-0.942478  5.65487  5.65487  0.278744  0.103669
-0.314159  5.65487  5.65487  0.311709  0.0422304
0.314159  5.65487  5.65487  0.311709  -0.0422316
0.942478  5.65487  5.65487  0.278743  -0.10367
1.5708  5.65487  5.65487  0.234677  -0.139028
2.19911  5.65487  5.65487  0.192514  -0.154605
2.82743  5.65487  5.65487  0.156985  -0.158116
4.08407  5.65487  5.65487  0.106161  -0.149003
7.22566  5.65487  5.65487  0.0474639  -0.112314
14.7655  5.65487  5.65487  0.0136929  -0.0637816
-16.6504  5.65487  6.28319  0.0121231  0.0567435
-7.22566  5.65487  6.28319  0.0511281  0.108214
-5.34071  5.65487  6.28319  0.0788307  0.1263
-4.08407  5.65487  6.28319  0.109483  0.13742
-2.82743  5.65487  6.28319  0.156165  0.140606
-2.19911  5.65487  6.28319  0.186887  0.134101
-1.5708  5.65487  6.28319  0.221469  0.11711
-0.942478  5.65487  6.28319  0.25556  0.0846365
-0.314159  5.65487  6.28319  0.279542  0.034038
0.314159  5.65487  6.28319  0.279542  -0.0340389
0.942478  5.65487  6.28319  0.25556  -0.084637
1.5708  5.65487  6.28319  0.221468  -0.11711
2.19911  5.65487  6.28319  0.186887  -0.134101
2.82743  5.65487  6.28319  0.156165  -0.140606
4.08407  5.65487  6.28319  0.109483  -0.13742
7.22566  5.65487  6.28319  0.051128  -0.108214
14.7655  5.65487  6.28319  0.0151421  -0.0630867
-16.6504  6.28319  0  0.0132739  0.0561982
-7.22566  6.28319  0  0.0543198  0.103995
-5.34071  6.28319  0  0.0820392  0.118888
-4.08407  6.28319  0  0.11143  0.126489
-2.82743  6.28319  0  0.153799  0.125179
-2.19911  6.28319  0  0.180214  0.116842
-1.5708  6.28319  0  0.208634  0.0996109
-0.942478  6.28319  0  0.235339  0.0703067
-0.314159  6.28319  0  0.253449  0.0274222
0.314159  6.28319  0  0.253449  -0.0274229
0.942478  6.28319  0  0.235339  -0.0703071
1.5708  6.28319  0  0.208634  -0.0996112
2.19911  6.28319  0  0.180214  -0.116842
2.82743  6.28319  0  0.153799  -0.125179
4.08407  6.28319  0  0.11143  -0.126489
7.22566  6.28319  0  0.0543197  -0.103995
14.7655  6.28319  0  0.01654  -0.0623321
-16.6504  6.28319  0.628319  0.0121231  0.0567435
-7.22566  6.28319  0.628319  0.0511281  0.108214
-5.34071  6.28319  0.628319  0.0788307  0.1263
-4.08407  6.28319  0.628319  0.109483  0.13742
-2.82743  6.28319  0.628319  0.156165  0.140606
-2.19911  6.28319  0.628319  0.186887  0.134101
-1.5708  6.28319  0.628319  0.221469  0.11711
-0.942478  6.28319  0.628319  0.25556  0.0846365
-0.314159  6.28319  0.628319  0.279542  0.034038
0.314159  6.28319  0.628319  0.279542  -0.0340389
0.942478  6.28319  0.628319  0.25556  -0.084637
1.5708  6.28319  0.628319  0.221468  -0.11711
2.19911  6.28319  0.628319  0.186887  -0.134101
2.82743  6.28319  0.628319  0.156165  -0.140606
4.08407  6.28319  0.628319  0.109483  -0.13742
7.22566  6.28319  0.628319  0.051128  -0.108214
14.7655  6.28319  0.628319  0.0151421  -0.0630867
-16.6504  6.28319  1.25664  0.00895915  0.0579486
-7.22566  6.28319  1.25664  0.0405247  0.118521
-5.34071  6.28319  1.25664  0.0658371  0.145779
-4.08407  6.28319  1.25664  0.0971749  0.168635
-2.82743  6.28319  1.25664  0.153182  0.190919
-2.19911  6.28319  1.25664  0.196927  0.19589
-1.5708  6.28319  1.25664  0.254725  0.187248
-0.942478  6.28319  1.25664  0.323468  0.149779
-0.314159  6.28319  1.25664  0.382063  0.0648412
0.314159  6.28319  1.25664  0.382062  -0.0648431
0.942478  6.28319  1.25664  0.323467  -0.14978
1.5708  6.28319  1.25664  0.254724  -0.187249
2.19911  6.28319  1.25664  0.196927  -0.19589
2.82743  6.28319  1.25664  0.153181  -0.190919
4.08407  6.28319  1.25664  0.0971747  -0.168635
7.22566  6.28319  1.25664  0.0405246  -0.118521
14.7655  6.28319  1.25664  0.0112495  -0.0647675
-16.6504  6.28319  1.88496  0.0048105  0.0589414
-7.22566  6.28319  1.88496  0.0231426  0.12821
-5.34071  6.28319  1.88496  0.0395921  0.16609
-4.08407  6.28319  1.88496  0.0625098  0.205622
-2.82743  6.28319  1.88496  0.112437  0.266061
-2.19911  6.28319  1.88496  0.162373  0.307259
-1.5708  6.28319  1.88496  0.250996  0.352358
-0.942478  6.28319  1.88496  0.416328  0.371242
-0.314159  6.28319  1.88496  0.671034  0.22796
0.314159  6.28319  1.88496  0.671029  -0.227967
0.942478  6.28319  1.88496  0.416324  -0.371243
1.5708  6.28319  1.88496  0.250994  -0.352357
2.19911  6.28319  1.88496  0.162372  -0.307259
2.82743  6.28319  1.88496  0.112436  -0.26606
4.08407  6.28319  1.88496  0.0625095  -0.205621
7.22566  6.28319  1.88496  0.0231426  -0.128209
14.7655  6.28319  1.88496  0.00606682  -0.0661656
-16.6504  6.28319  2.51327  0.00133783  0.0593041
-7.22566  6.28319  2.51327  0.00658952  0.132066
-5.34071  6.28319  2.51327  0.0115155  0.174784
-4.08407  6.28319  2.51327  0.0187343  0.223058
-2.82743  6.28319  2.51327  0.0360555  0.309223
-2.19911  6.28319  2.51327  0.0559487  0.384368
-1.5708  6.28319  2.51327  0.0995918  0.509525
-0.942478  6.28319  2.51327  0.230401  0.756979
-0.314159  6.28319  2.51327  1.01082  1.31643
0.314159  6.28319  2.51327  1.01077  -1.31641
0.942478  6.28319  2.51327  0.230395  -0.75697
1.5708  6.28319  2.51327  0.0995904  -0.509522
2.19911  6.28319  2.51327  0.0559481  -0.384365
2.82743  6.28319  2.51327  0.0360552  -0.309222
4.08407  6.28319  2.51327  0.0187342  -0.223057
7.22566  6.28319  2.51327  0.00658952  -0.132066
14.7655  6.28319  2.51327  0.00168995  -0.0666795
-16.6504  6.28319  3.14159  -9.18332e-09  0.0593344
-7.22566  6.28319  3.14159  -7.21682e-08  0.132399
-5.34071  6.28319  3.14159  -2.42662e-08  0.17555
-4.08407  6.28319  3.14159  -1.3197e-07  0.224637
-2.82743  6.28319  3.14159  -3.66364e-07  0.313389
-2.19911  6.28319  3.14159  -5.94932e-07  0.392353
-1.5708  6.28319  3.14159  -1.14659e-06  0.528374
-0.942478  6.28319  3.14159  -3.04587e-06  0.82381
-0.314159  6.28319  3.14159  -2.12406e-05  1.99896
0.314159  6.28319  3.14159  -1.95046e-05  -1.99888
0.942478  6.28319  3.14159  -2.71498e-06  -0.823798
1.5708  6.28319  3.14159  -1.00716e-06  -0.52837
2.19911  6.28319  3.14159  -5.09336e-07  -0.392351
2.82743  6.28319  3.14159  -2.97224e-07  -0.313387
4.08407  6.28319  3.14159  -1.32948e-07  -0.224636
7.22566  6.28319  3.14159  -4.70994e-08  -0.132398
14.7655  6.28319  3.14159  -8.96978e-09  -0.0667226
-16.6504  6.28319  3.76991  0.00133783  0.0593041
-7.22566  6.28319  3.76991  0.00658952  0.132066
-5.34071  6.28319  3.76991  0.0115155  0.174784
-4.08407  6.28319  3.76991  0.0187343  0.223058
-2.82743  6.28319  3.76991  0.0360555  0.309223
-2.19911  6.28319  3.76991  0.0559487  0.384368
-1.5708  6.28319  3.76991  0.0995918  0.509525
-0.942478  6.28319  3.76991  0.230401  0.756979
-0.314159  6.28319  3.76991  1.01082  1.31643
0.314159  6.28319  3.76991  1.01077  -1.31641
0.942478  6.28319  3.76991  0.230395  -0.75697
1.5708  6.28319  3.76991  0.0995904  -0.509522
2.19911  6.28319  3.76991  0.0559481  -0.384365
2.82743  6.28319  3.76991  0.0360552  -0.309222
4.08407  6.28319  3.76991  0.0187342  -0.223057
7.22566  6.28319  3.76991  0.00658952  -0.132066
14.7655  6.28319  3.76991  0.00168995  -0.0666795
-16.6504  6.28319  4.39823  0.0048105  0.0589414
-7.22566  6.28319  4.39823  0.0231426  0.12821
-5.34071  6.28319  4.39823  0.0395921  0.16609
-4.08407  6.28319  4.39823  0.0625098  0.205622
-2.82743  6.28319  4.39823  0.112437  0.266061
-2.19911  6.28319  4.39823  0.162373  0.307259
-1.5708  6.28319  4.39823  0.250996  0.352358
-0.942478  6.28319  4.39823  0.416328  0.371242
-0.314159  6.28319  4.39823  0.671034  0.22796
0.314159  6.28319  4.39823  0.671029  -0.227967
0.942478  6.28319  4.39823  0.416324  -0.371243
1.5708  6.28319  4.39823  0.250994  -0.352357
2.19911  6.28319  4.39823  0.162372  -0.307259
2.82743  6.28319  4.39823  0.112436  -0.26606
4.08407  6.28319  4.39823  0.0625095  -0.205621
7.22566  6.28319  4.39823  0.0231426  -0.128209
14.7655  6.28319  4.39823  0.00606682  -0.0661656
-16.6504  6.28319  5.02655  0.00895915  0.0579486
-7.22566  6.28319  5.02655  0.0405247  0.118521
-5.34071  6.28319  5.02655  0.0658371  0.145779
-4.08407  6.28319  5.02655  0.0971749  0.168635
-2.82743  6.28319  5.02655  0.153182  0.190919
-2.19911  6.28319  5.02655  0.196927  0.19589
-1.5708  6.28319  5.02655  0.254725  0.187248
-0.942478  6.28319  5.02655  0.323468  0.149779
-0.314159  6.28319  5.02655  0.382063  0.0648412
0.314159  6.28319  5.02655  0.382062  -0.0648431
0.942478  6.28319  5.02655  0.323467  -0.14978
1.5708  6.28319  5.02655  0.254724  -0.187249
2.19911  6.28319  5.02655  0.196927  -0.19589
2.82743  6.28319  5.02655  0.153181  -0.190919
4.08407  6.28319  5.02655  0.0971747  -0.168635
7.22566  6.28319  5.02655  0.0405246  -0.118521
14.7655  6.28319  5.02655  0.0112495  -0.0647675
-16.6504  6.28319  5.65487  0.0121231  0.0567435
-7.22566  6.28319  5.65487  0.0511281  0.108214
-5.34071  6.28319  5.65487  0.0788307  0.1263
-4.08407  6.28319  5.65487  0.109483  0.13742
-2.82743  6.28319  5.65487  0.156165  0.140606
-2.19911  6.28319  5.65487  0.186887  0.134101
-1.5708  6.28319  5.65487  0.221469  0.11711
-0.942478  6.28319  5.65487  0.25556  0.0846365
-0.314159  6.28319  5.65487  0.279542  0.034038
0.314159  6.28319  5.65487  0.279542  -0.0340389
0.942478  6.28319  5.65487  0.25556  -0.084637
1.5708  6.28319  5.65487  0.221468  -0.11711
2.19911  6.28319  5.65487  0.186887  -0.134101
2.82743  6.28319  5.65487  0.156165  -0.140606
4.08407  6.28319  5.65487  0.109483  -0.13742
7.22566  6.28319  5.65487  0.051128  -0.108214
14.7655  6.28319  5.65487  0.0151421  -0.0630867
-16.6504  6.28319  6.28319  0.0132739  0.0561982
-7.22566  6.28319  6.28319  0.0543198  0.103995
-5.34071  6.28319  6.28319  0.0820392  0.118888
-4.08407  6.28319  6.28319  0.11143  0.126489
-2.82743  6.28319  6.28319  0.153799  0.125179
-2.19911  6.28319  6.28319  0.180214  0.116842
-1.5708  6.28319  6.28319  0.208634  0.0996109
-0.942478  6.28319  6.28319  0.235339  0.0703067
-0.314159  6.28319  6.28319  0.253449  0.0274222
0.314159  6.28319  6.28319  0.253449  -0.0274229
0.942478  6.28319  6.28319  0.235339  -0.0703071
1.5708  6.28319  6.28319  0.208634  -0.0996112
2.19911  6.28319  6.28319  0.180214  -0.116842
2.82743  6.28319  6.28319  0.153799  -0.125179
4.08407  6.28319  6.28319  0.11143  -0.126489
7.22566  6.28319  6.28319  0.0543197  -0.103995
14.7655  6.28319  6.28319  0.01654  -0.0623321
