-16.6504  0  0  0.0191404  0.203436
-7.22566  0  0  0.0539859  0.329032
-5.34071  0  0  0.0680687  0.357341
-4.08407  0  0  0.0786684  0.367269
-2.82743  0  0  0.0889437  0.355887
-2.19911  0  0  0.0932967  0.333874
-1.5708  0  0  0.0967159  0.292887
-0.942478  0  0  0.0990018  0.223029
-0.314159  0  0  0.100119  0.107893
0.314159  0  0  0.100119  -0.107903
0.942478  0  0  0.0990018  -0.223039
1.5708  0  0  0.096716  -0.292895
2.19911  0  0  0.093297  -0.333882
2.82743  0  0  0.088944  -0.355894
4.08407  0  0  0.0786698  -0.367275
7.22566  0  0  0.0539851  -0.329041
14.7655  0  0  0.0229593  -0.222288
-16.6504  0  0.628319  0.017239  0.203424
-7.22566  0  0.628319  0.0487296  0.328897
-5.34071  0  0.628319  0.0616494  0.357246
-4.08407  0  0.628319  0.0715709  0.36742
-2.82743  0  0.628319  0.0815051  0.356803
-2.19911  0  0.628319  0.0858768  0.33547
-1.5708  0  0.628319  0.0894164  0.29518
-0.942478  0  0.628319  0.0918434  0.225419
-0.314159  0  0.628319  0.0930423  0.115207
0.314159  0  0.628319  0.0930424  -0.115218
0.942478  0  0.628319  0.0918435  -0.225429
1.5708  0  0.628319  0.0894165  -0.295189
2.19911  0  0.628319  0.085877  -0.335478
2.82743  0  0.628319  0.0815053  -0.356811
4.08407  0  0.628319  0.0715721  -0.367427
7.22566  0  0.628319  0.0487288  -0.328907
14.7655  0  0.628319  0.0206782  -0.222268
-16.6504  0  1.25664  0.0123504  0.203379
-7.22566  0  1.25664  0.0351333  0.328502
-5.34071  0  1.25664  0.044868  0.356927
-4.08407  0  1.25664  0.0527569  0.367702
-2.82743  0  1.25664  0.0613924  0.359137
-2.19911  0  1.25664  0.0656393  0.339925
-1.5708  0  1.25664  0.0694504  0.302772
-0.942478  0  1.25664  0.0723766  0.236384
-0.314159  0  1.25664  0.0739671  0.117717
0.314159  0  1.25664  0.073967  -0.11773
0.942478  0  1.25664  0.0723765  -0.236396
1.5708  0  1.25664  0.0694503  -0.302783
2.19911  0  1.25664  0.0656393  -0.339936
2.82743  0  1.25664  0.0613924  -0.359147
4.08407  0  1.25664  0.0527578  -0.367711
7.22566  0  1.25664  0.0351324  -0.328513
14.7655  0  1.25664  0.0148144  -0.2222
-16.6504  0  1.88496  0.00644815  0.203304
-7.22566  0  1.88496  0.0184957  0.327961
-5.34071  0  1.88496  0.0239076  0.356422
-4.08407  0  1.88496  0.0285914  0.367827
-2.82743  0  1.88496  0.0343079  0.361633
-2.19911  0  1.88496  0.0375351  0.345053
-1.5708  0  1.88496  0.0408737  0.312002
-0.942478  0  1.88496  0.0439585  0.250772
-0.314159  0  1.88496  0.045944  0.139907
0.314159  0  1.88496  0.0459437  -0.139924
0.942478  0  1.88496  0.0439582  -0.250787
1.5708  0  1.88496  0.0408734  -0.312016
2.19911  0  1.88496  0.0375348  -0.345065
2.82743  0  1.88496  0.0343075  -0.361645
4.08407  0  1.88496  0.0285918  -0.367838
7.22566  0  1.88496  0.0184945  -0.327975
14.7655  0  1.88496  0.00773466  -0.222094
-16.6504  0  2.51327  0.00176715  0.203231
-7.22566  0  2.51327  0.00509971  0.327487
-5.34071  0  2.51327  0.00665431  0.355917
-4.08407  0  2.51327  0.00807307  0.367702
-2.82743  0  2.51327  0.0099539  0.363151
-2.19911  0  2.51327  0.0111276  0.348652
-1.5708  0  2.51327  0.0124779  0.319691
-0.942478  0  2.51327  0.0139839  0.266709
-0.314159  0  2.51327  0.0150419  0.16397
0.314159  0  2.51327  0.0150413  -0.163989
0.942478  0  2.51327  0.0139834  -0.266725
1.5708  0  2.51327  0.0124774  -0.319706
2.19911  0  2.51327  0.0111271  -0.348666
2.82743  0  2.51327  0.00995327  -0.363164
4.08407  0  2.51327  0.0080732  -0.367714
7.22566  0  2.51327  0.00509835  -0.327503
14.7655  0  2.51327  0.002119  -0.221993
-16.6504  0  3.14159  2.61306e-06  0.2032
-7.22566  0  3.14159  4.12606e-06  0.327296
-5.34071  0  3.14159  7.96886e-07  0.355699
-4.08407  0  3.14159  2.62914e-06  0.367589
-2.82743  0  3.14159  3.74814e-06  0.363543
-2.19911  0  3.14159  3.88507e-06  0.349678
-1.5708  0  3.14159  4.13071e-06  0.321897
-0.942478  0  3.14159  4.51631e-06  0.271538
-0.314159  0  3.14159  5.35553e-06  0.186491
0.314159  0  3.14159  4.91245e-06  -0.186512
0.942478  0  3.14159  4.01734e-06  -0.271555
1.5708  0  3.14159  3.61972e-06  -0.321912
2.19911  0  3.14159  3.31782e-06  -0.349693
2.82743  0  3.14159  3.03342e-06  -0.363557
4.08407  0  3.14159  2.63888e-06  -0.367603
7.22566  0  3.14159  2.68832e-06  -0.327313
14.7655  0  3.14159  2.0146e-06  -0.221951
-16.6504  0  3.76991  0.00176715  0.203231
-7.22566  0  3.76991  0.00509971  0.327487
-5.34071  0  3.76991  0.00665431  0.355917
-4.08407  0  3.76991  0.00807307  0.367702
-2.82743  0  3.76991  0.0099539  0.363151
-2.19911  0  3.76991  0.0111276  0.348652
-1.5708  0  3.76991  0.0124779  0.319691
-0.942478  0  3.76991  0.0139839  0.266709
-0.314159  0  3.76991  0.0150419  0.16397
0.314159  0  3.76991  0.0150413  -0.163989
0.942478  0  3.76991  0.0139834  -0.266725
1.5708  0  3.76991  0.0124774  -0.319706
2.19911  0  3.76991  0.0111271  -0.348666
2.82743  0  3.76991  0.00995327  -0.363164
4.08407  0  3.76991  0.0080732  -0.367714
7.22566  0  3.76991  0.00509835  -0.327503
14.7655  0  3.76991  0.002119  -0.221993
-16.6504  0  4.39823  0.00644815  0.203304
-7.22566  0  4.39823  0.0184957  0.327961
-5.34071  0  4.39823  0.0239076  0.356422
-4.08407  0  4.39823  0.0285914  0.367827
-2.82743  0  4.39823  0.0343079  0.361633
-2.19911  0  4.39823  0.0375351  0.345053
-1.5708  0  4.39823  0.0408737  0.312002
-0.942478  0  4.39823  0.0439585  0.250772
-0.314159  0  4.39823  0.045944  0.139907
0.314159  0  4.39823  0.0459437  -0.139924
0.942478  0  4.39823  0.0439582  -0.250787
1.5708  0  4.39823  0.0408734  -0.312016
2.19911  0  4.39823  0.0375348  -0.345065
2.82743  0  4.39823  0.0343075  -0.361645
4.08407  0  4.39823  0.0285918  -0.367838
7.22566  0  4.39823  0.0184945  -0.327975
14.7655  0  4.39823  0.00773466  -0.222094
-16.6504  0  5.02655  0.0123504  0.203379
-7.22566  0  5.02655  0.0351333  0.328502
-5.34071  0  5.02655  0.044868  0.356927
-4.08407  0  5.02655  0.0527569  0.367702
-2.82743  0  5.02655  0.0613924  0.359137
-2.19911  0  5.02655  0.0656393  0.339925
-1.5708  0  5.02655  0.0694504  0.302772
-0.942478  0  5.02655  0.0723766  0.236384
-0.314159  0  5.02655  0.0739671  0.117717
0.314159  0  5.02655  0.073967  -0.11773
0.942478  0  5.02655  0.0723765  -0.236396
1.5708  0  5.02655  0.0694503  -0.302783
2.19911  0  5.02655  0.0656393  -0.339936
2.82743  0  5.02655  0.0613924  -0.359147
4.08407  0  5.02655  0.0527578  -0.367711
7.22566  0  5.02655  0.0351324  -0.328513
14.7655  0  5.02655  0.0148144  -0.2222
-16.6504  0  5.65487  0.017239  0.203424
-7.22566  0  5.65487  0.0487296  0.328897
-5.34071  0  5.65487  0.0616494  0.357246
-4.08407  0  5.65487  0.0715709  0.36742
-2.82743  0  5.65487  0.0815051  0.356803
-2.19911  0  5.65487  0.0858768  0.33547
-1.5708  0  5.65487  0.0894164  0.29518
-0.942478  0  5.65487  0.0918434  0.225419
-0.314159  0  5.65487  0.0930423  0.115207
0.314159  0  5.65487  0.0930424  -0.115218
0.942478  0  5.65487  0.0918435  -0.225429
1.5708  0  5.65487  0.0894165  -0.295189
2.19911  0  5.65487  0.085877  -0.335478
2.82743  0  5.65487  0.0815053  -0.356811
4.08407  0  5.65487  0.0715721  -0.367427
7.22566  0  5.65487  0.0487288  -0.328907
14.7655  0  5.65487  0.0206782  -0.222268
-16.6504  0  6.28319  0.0191404  0.203436
-7.22566  0  6.28319  0.0539859  0.329032
-5.34071  0  6.28319  0.0680687  0.357341
-4.08407  0  6.28319  0.0786684  0.367269
-2.82743  0  6.28319  0.0889437  0.355887
-2.19911  0  6.28319  0.0932967  0.333874
-1.5708  0  6.28319  0.0967159  0.292887
-0.942478  0  6.28319  0.0990018  0.223029
-0.314159  0  6.28319  0.100119  0.107893
0.314159  0  6.28319  0.100119  -0.107903
0.942478  0  6.28319  0.0990018  -0.223039
1.5708  0  6.28319  0.096716  -0.292895
2.19911  0  6.28319  0.093297  -0.333882
2.82743  0  6.28319  0.088944  -0.355894
4.08407  0  6.28319  0.0786698  -0.367275
7.22566  0  6.28319  0.0539851  -0.329041
14.7655  0  6.28319  0.0229593  -0.222288
-16.6504  0.628319  0  0.017239  0.203424
-7.22566  0.628319  0  0.0487296  0.328897
-5.34071  0.628319  0  0.0616494  0.357246
-4.08407  0.628319  0  0.0715709  0.36742
-2.82743  0.628319  0  0.0815051  0.356803
-2.19911  0.628319  0  0.0858768  0.33547
-1.5708  0.628319  0  0.0894164  0.29518
-0.942478  0.628319  0  0.0918434  0.225419
-0.314159  0.628319  0  0.0930423  0.115207
0.314159  0.628319  0  0.0930424  -0.115218
0.942478  0.628319  0  0.0918435  -0.225429
1.5708  0.628319  0  0.0894165  -0.295189
2.19911  0.628319  0  0.085877  -0.335478
2.82743  0.628319  0  0.0815053  -0.356811
4.08407  0.628319  0  0.0715721  -0.367427
7.22566  0.628319  0  0.0487288  -0.328907
14.7655  0.628319  0  0.0206782  -0.222268
-16.6504  0.628319  0.628319  0.0153806  0.203415
-7.22566  0.628319  0.628319  0.0435711  0.328786
-5.34071  0.628319  0.628319  0.0552935  0.357155
-4.08407  0.628319  0.628319  0.0644626  0.367509
-2.82743  0.628319  0.628319  0.0739384  0.357539
-2.19911  0.628319  0.628319  0.0782786  0.336932
-1.5708  0.628319  0.628319  0.0819174  0.297871
-0.942478  0.628319  0.628319  0.0844965  0.229745
-0.314159  0.628319  0.628319  0.0857967  0.112747
0.314159  0.628319  0.628319  0.0857965  -0.112759
0.942478  0.628319  0.628319  0.0844965  -0.229756
1.5708  0.628319  0.628319  0.0819175  -0.297881
2.19911  0.628319  0.628319  0.0782787  -0.336941
2.82743  0.628319  0.628319  0.0739386  -0.357548
4.08407  0.628319  0.628319  0.0644637  -0.367516
7.22566  0.628319  0.628319  0.0435702  -0.328796
14.7655  0.628319  0.628319  0.0184494  -0.222254
-16.6504  0.628319  1.25664  0.0105495  0.20338
-7.22566  0.628319  1.25664  0.030046  0.328458
-5.34071  0.628319  1.25664  0.0384317  0.356858
-4.08407  0.628319  1.25664  0.0452984  0.367641
-2.82743  0.628319  1.25664  0.052975  0.359227
-2.19911  0.628319  1.25664  0.0568676  0.340267
-1.5708  0.628319  1.25664  0.0604756  0.303599
-0.942478  0.628319  1.25664  0.0633605  0.238153
-0.314159  0.628319  1.25664  0.0649996  0.127866
0.314159  0.628319  1.25664  0.0649995  -0.127881
0.942478  0.628319  1.25664  0.0633603  -0.238165
1.5708  0.628319  1.25664  0.0604755  -0.303611
2.19911  0.628319  1.25664  0.0568675  -0.340278
2.82743  0.628319  1.25664  0.0529749  -0.359238
4.08407  0.628319  1.25664  0.0452991  -0.367651
7.22566  0.628319  1.25664  0.030045  -0.328471
14.7655  0.628319  1.25664  0.0126545  -0.222202
-16.6504  0.628319  1.88496  0.004675  0.203319
-7.22566  0.628319  1.88496  0.013401  0.328018
-5.34071  0.628319  1.88496  0.0173066  0.356442
-4.08407  0.628319  1.88496  0.0206797  0.36772
-2.82743  0.628319  1.88496  0.0247979  0.361169
-2.19911  0.628319  1.88496  0.0271355  0.34433
-1.5708  0.628319  1.88496  0.0295766  0.311301
-0.942478  0.628319  1.88496  0.0318588  0.251581
-0.314159  0.628319  1.88496  0.0333755  0.140459
0.314159  0.628319  1.88496  0.0333751  -0.140476
0.942478  0.628319  1.88496  0.0318584  -0.251597
1.5708  0.628319  1.88496  0.0295763  -0.311315
2.19911  0.628319  1.88496  0.0271352  -0.344344
2.82743  0.628319  1.88496  0.0247975  -0.361181
4.08407  0.628319  1.88496  0.02068  -0.367731
7.22566  0.628319  1.88496  0.0133998  -0.328033
14.7655  0.628319  1.88496  0.00560749  -0.222115
-16.6504  0.628319  2.51327  2.61256e-06  0.203256
-7.22566  0.628319  2.51327  4.1614e-06  0.327639
-5.34071  0.628319  2.51327  8.36716e-07  0.356071
-4.08407  0.628319  2.51327  2.64854e-06  0.36772
-2.82743  0.628319  2.51327  3.7774e-06  0.362606
-2.19911  0.628319  2.51327  3.92013e-06  0.347388
-1.5708  0.628319  2.51327  4.16504e-06  0.316979
-0.942478  0.628319  2.51327  4.52229e-06  0.261211
-0.314159  0.628319  2.51327  5.17116e-06  0.163443
0.314159  0.628319  2.51327  4.75572e-06  -0.163463
0.942478  0.628319  2.51327  4.03545e-06  -0.261228
1.5708  0.628319  2.51327  3.65693e-06  -0.316994
2.19911  0.628319  2.51327  3.35839e-06  -0.347403
2.82743  0.628319  2.51327  3.08344e-06  -0.36262
4.08407  0.628319  2.51327  2.64169e-06  -0.367733
7.22566  0.628319  2.51327  2.68671e-06  -0.327655
14.7655  0.628319  2.51327  2.02135e-06  -0.22203
-16.6504  0.628319  3.14159  -0.00176193  0.203229
-7.22566  0.628319  3.14159  -0.00509142  0.327486
-5.34071  0.628319  3.14159  -0.00665266  0.355917
-4.08407  0.628319  3.14159  -0.00806779  0.367701
-2.82743  0.628319  3.14159  -0.00994635  0.36315
-2.19911  0.628319  3.14159  -0.0111198  0.348652
-1.5708  0.628319  3.14159  -0.0124695  0.319691
-0.942478  0.628319  3.14159  -0.0139747  0.266708
-0.314159  0.628319  3.14159  -0.0150313  0.163969
0.314159  0.628319  3.14159  -0.015032  -0.16399
0.942478  0.628319  3.14159  -0.0139753  -0.266726
1.5708  0.628319  3.14159  -0.0124701  -0.319707
2.19911  0.628319  3.14159  -0.0111205  -0.348667
2.82743  0.628319  3.14159  -0.00994716  -0.363165
4.08407  0.628319  3.14159  -0.00806792  -0.367715
7.22566  0.628319  3.14159  -0.00509298  -0.327503
14.7655  0.628319  3.14159  -0.00211497  -0.221994
-16.6504  0.628319  3.76991  2.61256e-06  0.203256
-7.22566  0.628319  3.76991  4.1614e-06  0.327639
-5.34071  0.628319  3.76991  8.36716e-07  0.356071
-4.08407  0.628319  3.76991  2.64854e-06  0.36772
-2.82743  0.628319  3.76991  3.7774e-06  0.362606
-2.19911  0.628319  3.76991  3.92013e-06  0.347388
-1.5708  0.628319  3.76991  4.16504e-06  0.316979
-0.942478  0.628319  3.76991  4.52229e-06  0.261211
-0.314159  0.628319  3.76991  5.17116e-06  0.163443
0.314159  0.628319  3.76991  4.75572e-06  -0.163463
0.942478  0.628319  3.76991  4.03545e-06  -0.261228
1.5708  0.628319  3.76991  3.65693e-06  -0.316994
2.19911  0.628319  3.76991  3.35839e-06  -0.347403
2.82743  0.628319  3.76991  3.08344e-06  -0.36262
4.08407  0.628319  3.76991  2.64169e-06  -0.367733
7.22566  0.628319  3.76991  2.68671e-06  -0.327655
14.7655  0.628319  3.76991  2.02135e-06  -0.22203
-16.6504  0.628319  4.39823  0.004675  0.203319
-7.22566  0.628319  4.39823  0.013401  0.328018
-5.34071  0.628319  4.39823  0.0173066  0.356442
-4.08407  0.628319  4.39823  0.0206797  0.36772
-2.82743  0.628319  4.39823  0.0247979  0.361169
-2.19911  0.628319  4.39823  0.0271355  0.34433
-1.5708  0.628319  4.39823  0.0295766  0.311301
-0.942478  0.628319  4.39823  0.0318588  0.251581
-0.314159  0.628319  4.39823  0.0333755  0.140459
0.314159  0.628319  4.39823  0.0333751  -0.140476
0.942478  0.628319  4.39823  0.0318584  -0.251597
1.5708  0.628319  4.39823  0.0295763  -0.311315
2.19911  0.628319  4.39823  0.0271352  -0.344344
2.82743  0.628319  4.39823  0.0247975  -0.361181
4.08407  0.628319  4.39823  0.02068  -0.367731
7.22566  0.628319  4.39823  0.0133998  -0.328033
14.7655  0.628319  4.39823  0.00560749  -0.222115
-16.6504  0.628319  5.02655  0.0105495  0.20338
-7.22566  0.628319  5.02655  0.030046  0.328458
-5.34071  0.628319  5.02655  0.0384317  0.356858
-4.08407  0.628319  5.02655  0.0452984  0.367641
-2.82743  0.628319  5.02655  0.052975  0.359227
-2.19911  0.628319  5.02655  0.0568676  0.340267
-1.5708  0.628319  5.02655  0.0604756  0.303599
-0.942478  0.628319  5.02655  0.0633605  0.238153
-0.314159  0.628319  5.02655  0.0649996  0.127866
0.314159  0.628319  5.02655  0.0649995  -0.127881
0.942478  0.628319  5.02655  0.0633603  -0.238165
1.5708  0.628319  5.02655  0.0604755  -0.303611
2.19911  0.628319  5.02655  0.0568675  -0.340278
2.82743  0.628319  5.02655  0.0529749  -0.359238
4.08407  0.628319  5.02655  0.0452991  -0.367651
7.22566  0.628319  5.02655  0.030045  -0.328471
14.7655  0.628319  5.02655  0.0126545  -0.222202
-16.6504  0.628319  5.65487  0.0153806  0.203415
-7.22566  0.628319  5.65487  0.0435711  0.328786
-5.34071  0.628319  5.65487  0.0552935  0.357155
-4.08407  0.628319  5.65487  0.0644626  0.367509
-2.82743  0.628319  5.65487  0.0739384  0.357539
-2.19911  0.628319  5.65487  0.0782786  0.336932
-1.5708  0.628319  5.65487  0.0819174  0.297871
-0.942478  0.628319  5.65487  0.0844965  0.229745
-0.314159  0.628319  5.65487  0.0857967  0.112747
0.314159  0.628319  5.65487  0.0857965  -0.112759
0.942478  0.628319  5.65487  0.0844965  -0.229756
1.5708  0.628319  5.65487  0.0819175  -0.297881
2.19911  0.628319  5.65487  0.0782787  -0.336941
2.82743  0.628319  5.65487  0.0739386  -0.357548
4.08407  0.628319  5.65487  0.0644637  -0.367516
7.22566  0.628319  5.65487  0.0435702  -0.328796
14.7655  0.628319  5.65487  0.0184494  -0.222254
-16.6504  0.628319  6.28319  0.017239  0.203424
-7.22566  0.628319  6.28319  0.0487296  0.328897
-5.34071  0.628319  6.28319  0.0616494  0.357246
-4.08407  0.628319  6.28319  0.0715709  0.36742
-2.82743  0.628319  6.28319  0.0815051  0.356803
-2.19911  0.628319  6.28319  0.0858768  0.33547
-1.5708  0.628319  6.28319  0.0894164  0.29518
-0.942478  0.628319  6.28319  0.0918434  0.225419
-0.314159  0.628319  6.28319  0.0930423  0.115207
0.314159  0.628319  6.28319  0.0930424  -0.115218
0.942478  0.628319  6.28319  0.0918435  -0.225429
1.5708  0.628319  6.28319  0.0894165  -0.295189
2.19911  0.628319  6.28319  0.085877  -0.335478
2.82743  0.628319  6.28319  0.0815053  -0.356811
4.08407  0.628319  6.28319  0.0715721  -0.367427
7.22566  0.628319  6.28319  0.0487288  -0.328907
14.7655  0.628319  6.28319  0.0206782  -0.222268
-16.6504  1.25664  0  0.0123504  0.203379
-7.22566  1.25664  0  0.0351333  0.328502
-5.34071  1.25664  0  0.044868  0.356927
-4.08407  1.25664  0  0.0527569  0.367702
-2.82743  1.25664  0  0.0613924  0.359137
-2.19911  1.25664  0  0.0656393  0.339925
-1.5708  1.25664  0  0.0694504  0.302772
-0.942478  1.25664  0  0.0723766  0.236384
-0.314159  1.25664  0  0.0739671  0.117717
0.314159  1.25664  0  0.073967  -0.11773
0.942478  1.25664  0  0.0723765  -0.236396
1.5708  1.25664  0  0.0694503  -0.302783
2.19911  1.25664  0  0.0656393  -0.339936
2.82743  1.25664  0  0.0613924  -0.359147
4.08407  1.25664  0  0.0527578  -0.367711
7.22566  1.25664  0  0.0351324  -0.328513
14.7655  1.25664  0  0.0148144  -0.2222
-16.6504  1.25664  0.628319  0.0105495  0.20338
-7.22566  1.25664  0.628319  0.030046  0.328458
-5.34071  1.25664  0.628319  0.0384317  0.356858
-4.08407  1.25664  0.628319  0.0452984  0.367641
-2.82743  1.25664  0.628319  0.052975  0.359227
-2.19911  1.25664  0.628319  0.0568676  0.340267
-1.5708  1.25664  0.628319  0.0604756  0.303599
-0.942478  1.25664  0.628319  0.0633605  0.238153
-0.314159  1.25664  0.628319  0.0649996  0.127866
0.314159  1.25664  0.628319  0.0649995  -0.127881
0.942478  1.25664  0.628319  0.0633603  -0.238165
1.5708  1.25664  0.628319  0.0604755  -0.303611
2.19911  1.25664  0.628319  0.0568675  -0.340278
2.82743  1.25664  0.628319  0.0529749  -0.359238
4.08407  1.25664  0.628319  0.0452991  -0.367651
7.22566  1.25664  0.628319  0.030045  -0.328471
14.7655  1.25664  0.628319  0.0126545  -0.222202
-16.6504  1.25664  1.25664  0.00582363  0.203374
-7.22566  1.25664  1.25664  0.0166275  0.32833
-5.34071  1.25664  1.25664  0.0213434  0.356684
-4.08407  1.25664  1.25664  0.0252951  0.367521
-2.82743  1.25664  1.25664  0.0299134  0.359548
-2.19911  1.25664  1.25664  0.0324111  0.34132
-1.5708  1.25664  1.25664  0.0348951  0.306409
-0.942478  1.25664  1.25664  0.0370513  0.24492
-0.314159  1.25664  1.25664  0.0383734  0.135101
0.314159  1.25664  1.25664  0.038373  -0.135118
0.942478  1.25664  1.25664  0.0370511  -0.244935
1.5708  1.25664  1.25664  0.0348949  -0.306423
2.19911  1.25664  1.25664  0.0324109  -0.341333
2.82743  1.25664  1.25664  0.0299131  -0.35956
4.08407  1.25664  1.25664  0.0252955  -0.367532
7.22566  1.25664  1.25664  0.0166262  -0.328344
14.7655  1.25664  1.25664  0.00698559  -0.222192
-16.6504  1.25664  1.88496  2.60955e-06  0.203348
-7.22566  1.25664  1.88496  4.22442e-06  0.328158
-5.34071  1.25664  1.88496  8.96569e-07  0.356515
-4.08407  1.25664  1.88496  2.65376e-06  0.367522
-2.82743  1.25664  1.88496  3.77435e-06  0.360148
-2.19911  1.25664  1.88496  3.90042e-06  0.342519
-1.5708  1.25664  1.88496  4.10691e-06  0.308466
-0.942478  1.25664  1.88496  4.40051e-06  0.24856
-0.314159  1.25664  1.88496  4.99719e-06  0.151895
0.314159  1.25664  1.88496  4.71324e-06  -0.151914
0.942478  1.25664  1.88496  4.04143e-06  -0.248577
1.5708  1.25664  1.88496  3.69383e-06  -0.308482
2.19911  1.25664  1.88496  3.411e-06  -0.342534
2.82743  1.25664  1.88496  3.16308e-06  -0.360162
4.08407  1.25664  1.88496  2.66086e-06  -0.367536
7.22566  1.25664  1.88496  2.68761e-06  -0.328174
14.7655  1.25664  1.88496  2.02661e-06  -0.222159
-16.6504  1.25664  2.51327  -0.00466978  0.203314
-7.22566  1.25664  2.51327  -0.0133926  0.328017
-5.34071  1.25664  2.51327  -0.0173048  0.356441
-4.08407  1.25664  2.51327  -0.0206744  0.367718
-2.82743  1.25664  2.51327  -0.0247903  0.361167
-2.19911  1.25664  2.51327  -0.0271277  0.344329
-1.5708  1.25664  2.51327  -0.0295682  0.311299
-0.942478  1.25664  2.51327  -0.0318498  0.251579
-0.314159  1.25664  2.51327  -0.0333655  0.140457
0.314159  1.25664  2.51327  -0.0333659  -0.140478
0.942478  1.25664  2.51327  -0.0318503  -0.251599
1.5708  1.25664  2.51327  -0.0295689  -0.311317
2.19911  1.25664  2.51327  -0.0271284  -0.344346
2.82743  1.25664  2.51327  -0.0247912  -0.361183
4.08407  1.25664  2.51327  -0.0206747  -0.367733
7.22566  1.25664  2.51327  -0.0133944  -0.328035
14.7655  1.25664  2.51327  -0.00560345  -0.222116
-16.6504  1.25664  3.14159  -0.00644294  0.203297
-7.22566  1.25664  3.14159  -0.0184873  0.32796
-5.34071  1.25664  3.14159  -0.0239059  0.35642
-4.08407  1.25664  3.14159  -0.028586  0.367824
-2.82743  1.25664  3.14159  -0.0343003  0.361631
-2.19911  1.25664  3.14159  -0.0375272  0.34505
-1.5708  1.25664  3.14159  -0.0408653  0.312
-0.942478  1.25664  3.14159  -0.0439495  0.250769
-0.314159  1.25664  3.14159  -0.0459341  0.139905
0.314159  1.25664  3.14159  -0.0459345  -0.139927
0.942478  1.25664  3.14159  -0.0439501  -0.250789
1.5708  1.25664  3.14159  -0.040866  -0.312018
2.19911  1.25664  3.14159  -0.0375281  -0.345068
2.82743  1.25664  3.14159  -0.0343012  -0.361648
4.08407  1.25664  3.14159  -0.0285865  -0.36784
7.22566  1.25664  3.14159  -0.0184891  -0.327979
14.7655  1.25664  3.14159  -0.00773062  -0.222096
-16.6504  1.25664  3.76991  -0.00466978  0.203314
-7.22566  1.25664  3.76991  -0.0133926  0.328017
-5.34071  1.25664  3.76991  -0.0173048  0.356441
-4.08407  1.25664  3.76991  -0.0206744  0.367718
-2.82743  1.25664  3.76991  -0.0247903  0.361167
-2.19911  1.25664  3.76991  -0.0271277  0.344329
-1.5708  1.25664  3.76991  -0.0295682  0.311299
-0.942478  1.25664  3.76991  -0.0318498  0.251579
-0.314159  1.25664  3.76991  -0.0333655  0.140457
0.314159  1.25664  3.76991  -0.0333659  -0.140478
0.942478  1.25664  3.76991  -0.0318503  -0.251599
1.5708  1.25664  3.76991  -0.0295689  -0.311317
2.19911  1.25664  3.76991  -0.0271284  -0.344346
2.82743  1.25664  3.76991  -0.0247912  -0.361183
4.08407  1.25664  3.76991  -0.0206747  -0.367733
7.22566  1.25664  3.76991  -0.0133944  -0.328035
14.7655  1.25664  3.76991  -0.00560345  -0.222116
-16.6504  1.25664  4.39823  2.60955e-06  0.203348
-7.22566  1.25664  4.39823  4.22442e-06  0.328158
-5.34071  1.25664  4.39823  8.96569e-07  0.356515
-4.08407  1.25664  4.39823  2.65376e-06  0.367522
-2.82743  1.25664  4.39823  3.77435e-06  0.360148
-2.19911  1.25664  4.39823  3.90042e-06  0.342519
-1.5708  1.25664  4.39823  4.10691e-06  0.308466
-0.942478  1.25664  4.39823  4.40051e-06  0.24856
-0.314159  1.25664  4.39823  4.99719e-06  0.151895
0.314159  1.25664  4.39823  4.71324e-06  -0.151914
0.942478  1.25664  4.39823  4.04143e-06  -0.248577
1.5708  1.25664  4.39823  3.69383e-06  -0.308482
2.19911  1.25664  4.39823  3.411e-06  -0.342534
2.82743  1.25664  4.39823  3.16308e-06  -0.360162
4.08407  1.25664  4.39823  2.66086e-06  -0.367536
7.22566  1.25664  4.39823  2.68761e-06  -0.328174
14.7655  1.25664  4.39823  2.02661e-06  -0.222159
-16.6504  1.25664  5.02655  0.00582363  0.203374
-7.22566  1.25664  5.02655  0.0166275  0.32833
-5.34071  1.25664  5.02655  0.0213434  0.356684
-4.08407  1.25664  5.02655  0.0252951  0.367521
-2.82743  1.25664  5.02655  0.0299134  0.359548
-2.19911  1.25664  5.02655  0.0324111  0.34132
-1.5708  1.25664  5.02655  0.0348951  0.306409
-0.942478  1.25664  5.02655  0.0370513  0.24492
-0.314159  1.25664  5.02655  0.0383734  0.135101
0.314159  1.25664  5.02655  0.038373  -0.135118
0.942478  1.25664  5.02655  0.0370511  -0.244935
1.5708  1.25664  5.02655  0.0348949  -0.306423
2.19911  1.25664  5.02655  0.0324109  -0.341333
2.82743  1.25664  5.02655  0.0299131  -0.35956
4.08407  1.25664  5.02655  0.0252955  -0.367532
7.22566  1.25664  5.02655  0.0166262  -0.328344
14.7655  1.25664  5.02655  0.00698559  -0.222192
-16.6504  1.25664  5.65487  0.0105495  0.20338
-7.22566  1.25664  5.65487  0.030046  0.328458
-5.34071  1.25664  5.65487  0.0384317  0.356858
-4.08407  1.25664  5.65487  0.0452984  0.367641
-2.82743  1.25664  5.65487  0.052975  0.359227
-2.19911  1.25664  5.65487  0.0568676  0.340267
-1.5708  1.25664  5.65487  0.0604756  0.303599
-0.942478  1.25664  5.65487  0.0633605  0.238153
-0.314159  1.25664  5.65487  0.0649996  0.127866
0.314159  1.25664  5.65487  0.0649995  -0.127881
0.942478  1.25664  5.65487  0.0633603  -0.238165
1.5708  1.25664  5.65487  0.0604755  -0.303611
2.19911  1.25664  5.65487  0.0568675  -0.340278
2.82743  1.25664  5.65487  0.0529749  -0.359238
4.08407  1.25664  5.65487  0.0452991  -0.367651
7.22566  1.25664  5.65487  0.030045  -0.328471
14.7655  1.25664  5.65487  0.0126545  -0.222202
-16.6504  1.25664  6.28319  0.0123504  0.203379
-7.22566  1.25664  6.28319  0.0351333  0.328502
-5.34071  1.25664  6.28319  0.044868  0.356927
-4.08407  1.25664  6.28319  0.0527569  0.367702
-2.82743  1.25664  6.28319  0.0613924  0.359137
-2.19911  1.25664  6.28319  0.0656393  0.339925
-1.5708  1.25664  6.28319  0.0694504  0.302772
-0.942478  1.25664  6.28319  0.0723766  0.236384
-0.314159  1.25664  6.28319  0.0739671  0.117717
0.314159  1.25664  6.28319  0.073967  -0.11773
0.942478  1.25664  6.28319  0.0723765  -0.236396
1.5708  1.25664  6.28319  0.0694503  -0.302783
2.19911  1.25664  6.28319  0.0656393  -0.339936
2.82743  1.25664  6.28319  0.0613924  -0.359147
4.08407  1.25664  6.28319  0.0527578  -0.367711
7.22566  1.25664  6.28319  0.0351324  -0.328513
14.7655  1.25664  6.28319  0.0148144  -0.2222
-16.6504  1.88496  0  0.00644815  0.203304
-7.22566  1.88496  0  0.0184957  0.327961
-5.34071  1.88496  0  0.0239076  0.356422
-4.08407  1.88496  0  0.0285914  0.367827
-2.82743  1.88496  0  0.0343079  0.361633
-2.19911  1.88496  0  0.0375351  0.345053
-1.5708  1.88496  0  0.0408737  0.312002
-0.942478  1.88496  0  0.0439585  0.250772
-0.314159  1.88496  0  0.045944  0.139907
0.314159  1.88496  0  0.0459437  -0.139924
0.942478  1.88496  0  0.0439582  -0.250787
1.5708  1.88496  0  0.0408734  -0.312016
2.19911  1.88496  0  0.0375348  -0.345065
2.82743  1.88496  0  0.0343075  -0.361645
4.08407  1.88496  0  0.0285918  -0.367838
7.22566  1.88496  0  0.0184945  -0.327975
14.7655  1.88496  0  0.00773466  -0.222094
-16.6504  1.88496  0.628319  0.004675  0.203319
-7.22566  1.88496  0.628319  0.013401  0.328018
-5.34071  1.88496  0.628319  0.0173066  0.356442
-4.08407  1.88496  0.628319  0.0206797  0.36772
-2.82743  1.88496  0.628319  0.0247979  0.361169
-2.19911  1.88496  0.628319  0.0271355  0.34433
-1.5708  1.88496  0.628319  0.0295766  0.311301
-0.942478  1.88496  0.628319  0.0318588  0.251581
-0.314159  1.88496  0.628319  0.0333755  0.140459
0.314159  1.88496  0.628319  0.0333751  -0.140476
0.942478  1.88496  0.628319  0.0318584  -0.251597
1.5708  1.88496  0.628319  0.0295763  -0.311315
2.19911  1.88496  0.628319  0.0271352  -0.344344
2.82743  1.88496  0.628319  0.0247975  -0.361181
4.08407  1.88496  0.628319  0.02068  -0.367731
7.22566  1.88496  0.628319  0.0133998  -0.328033
14.7655  1.88496  0.628319  0.00560749  -0.222115
-16.6504  1.88496  1.25664  2.60955e-06  0.203348
-7.22566  1.88496  1.25664  4.22442e-06  0.328158
-5.34071  1.88496  1.25664  8.96569e-07  0.356515
-4.08407  1.88496  1.25664  2.65376e-06  0.367522
-2.82743  1.88496  1.25664  3.77435e-06  0.360148
-2.19911  1.88496  1.25664  3.90042e-06  0.342519
-1.5708  1.88496  1.25664  4.10691e-06  0.308466
-0.942478  1.88496  1.25664  4.40051e-06  0.24856
-0.314159  1.88496  1.25664  4.99719e-06  0.151895
0.314159  1.88496  1.25664  4.71324e-06  -0.151914
0.942478  1.88496  1.25664  4.04143e-06  -0.248577
1.5708  1.88496  1.25664  3.69383e-06  -0.308482
2.19911  1.88496  1.25664  3.411e-06  -0.342534
2.82743  1.88496  1.25664  3.16308e-06  -0.360162
4.08407  1.88496  1.25664  2.66086e-06  -0.367536
7.22566  1.88496  1.25664  2.68761e-06  -0.328174
14.7655  1.88496  1.25664  2.02661e-06  -0.222159
-16.6504  1.88496  1.88496  -0.00581842  0.203368
-7.22566  1.88496  1.88496  -0.016619  0.328328
-5.34071  1.88496  1.88496  -0.0213416  0.356682
-4.08407  1.88496  1.88496  -0.0252897  0.367519
-2.82743  1.88496  1.88496  -0.0299058  0.359545
-2.19911  1.88496  1.88496  -0.0324033  0.341318
-1.5708  1.88496  1.88496  -0.0348869  0.306407
-0.942478  1.88496  1.88496  -0.0370424  0.244918
-0.314159  1.88496  1.88496  -0.0383635  0.135099
0.314159  1.88496  1.88496  -0.0383639  -0.13512
0.942478  1.88496  1.88496  -0.0370429  -0.244937
1.5708  1.88496  1.88496  -0.0348874  -0.306425
2.19911  1.88496  1.88496  -0.032404  -0.341335
2.82743  1.88496  1.88496  -0.0299067  -0.359562
4.08407  1.88496  1.88496  -0.0252901  -0.367535
7.22566  1.88496  1.88496  -0.0166209  -0.328347
14.7655  1.88496  1.88496  -0.00698154  -0.222194
-16.6504  1.88496  2.51327  -0.0105443  0.203369
-7.22566  1.88496  2.51327  -0.0300375  0.328456
-5.34071  1.88496  2.51327  -0.0384298  0.356855
-4.08407  1.88496  2.51327  -0.0452931  0.367637
-2.82743  1.88496  2.51327  -0.0529674  0.359224
-2.19911  1.88496  2.51327  -0.0568598  0.340263
-1.5708  1.88496  2.51327  -0.0604674  0.303595
-0.942478  1.88496  2.51327  -0.0633517  0.238148
-0.314159  1.88496  2.51327  -0.0649901  0.127862
0.314159  1.88496  2.51327  -0.0649903  -0.127885
0.942478  1.88496  2.51327  -0.0633522  -0.23817
1.5708  1.88496  2.51327  -0.060468  -0.303616
2.19911  1.88496  2.51327  -0.0568606  -0.340282
2.82743  1.88496  2.51327  -0.0529685  -0.359242
4.08407  1.88496  2.51327  -0.0452938  -0.367655
7.22566  1.88496  2.51327  -0.0300397  -0.328476
14.7655  1.88496  2.51327  -0.0126505  -0.222204
-16.6504  1.88496  3.14159  -0.0123452  0.203365
-7.22566  1.88496  3.14159  -0.0351248  0.328498
-5.34071  1.88496  3.14159  -0.0448661  0.356923
-4.08407  1.88496  3.14159  -0.0527516  0.367698
-2.82743  1.88496  3.14159  -0.0613848  0.359133
-2.19911  1.88496  3.14159  -0.0656315  0.339921
-1.5708  1.88496  3.14159  -0.0694421  0.302767
-0.942478  1.88496  3.14159  -0.0723678  0.236379
-0.314159  1.88496  3.14159  -0.0739577  0.117712
0.314159  1.88496  3.14159  -0.073958  -0.117735
0.942478  1.88496  3.14159  -0.0723683  -0.236401
1.5708  1.88496  3.14159  -0.0694428  -0.302788
2.19911  1.88496  3.14159  -0.0656324  -0.339941
2.82743  1.88496  3.14159  -0.061386  -0.359152
4.08407  1.88496  3.14159  -0.0527525  -0.367716
7.22566  1.88496  3.14159  -0.0351271  -0.328519
14.7655  1.88496  3.14159  -0.0148104  -0.222203
-16.6504  1.88496  3.76991  -0.0105443  0.203369
-7.22566  1.88496  3.76991  -0.0300375  0.328456
-5.34071  1.88496  3.76991  -0.0384298  0.356855
-4.08407  1.88496  3.76991  -0.0452931  0.367637
-2.82743  1.88496  3.76991  -0.0529674  0.359224
-2.19911  1.88496  3.76991  -0.0568598  0.340263
-1.5708  1.88496  3.76991  -0.0604674  0.303595
-0.942478  1.88496  3.76991  -0.0633517  0.238148
-0.314159  1.88496  3.76991  -0.0649901  0.127862
0.314159  1.88496  3.76991  -0.0649903  -0.127885
0.942478  1.88496  3.76991  -0.0633522  -0.23817
1.5708  1.88496  3.76991  -0.060468  -0.303616
2.19911  1.88496  3.76991  -0.0568606  -0.340282
2.82743  1.88496  3.76991  -0.0529685  -0.359242
4.08407  1.88496  3.76991  -0.0452938  -0.367655
7.22566  1.88496  3.76991  -0.0300397  -0.328476
14.7655  1.88496  3.76991  -0.0126505  -0.222204
-16.6504  1.88496  4.39823  -0.00581842  0.203368
-7.22566  1.88496  4.39823  -0.016619  0.328328
-5.34071  1.88496  4.39823  -0.0213416  0.356682
-4.08407  1.88496  4.39823  -0.0252897  0.367519
-2.82743  1.88496  4.39823  -0.0299058  0.359545
-2.19911  1.88496  4.39823  -0.0324033  0.341318
-1.5708  1.88496  4.39823  -0.0348869  0.306407
-0.942478  1.88496  4.39823  -0.0370424  0.244918
-0.314159  1.88496  4.39823  -0.0383635  0.135099
0.314159  1.88496  4.39823  -0.0383639  -0.13512
0.942478  1.88496  4.39823  -0.0370429  -0.244937
1.5708  1.88496  4.39823  -0.0348874  -0.306425
2.19911  1.88496  4.39823  -0.032404  -0.341335
2.82743  1.88496  4.39823  -0.0299067  -0.359562
4.08407  1.88496  4.39823  -0.0252901  -0.367535
7.22566  1.88496  4.39823  -0.0166209  -0.328347
14.7655  1.88496  4.39823  -0.00698154  -0.222194
-16.6504  1.88496  5.02655  2.60955e-06  0.203348
-7.22566  1.88496  5.02655  4.22442e-06  0.328158
-5.34071  1.88496  5.02655  8.96569e-07  0.356515
-4.08407  1.88496  5.02655  2.65376e-06  0.367522
-2.82743  1.88496  5.02655  3.77435e-06  0.360148
-2.19911  1.88496  5.02655  3.90042e-06  0.342519
-1.5708  1.88496  5.02655  4.10691e-06  0.308466
-0.942478  1.88496  5.02655  4.40051e-06  0.24856
-0.314159  1.88496  5.02655  4.99719e-06  0.151895
0.314159  1.88496  5.02655  4.71324e-06  -0.151914
0.942478  1.88496  5.02655  4.04143e-06  -0.248577
1.5708  1.88496  5.02655  3.69383e-06  -0.308482
2.19911  1.88496  5.02655  3.411e-06  -0.342534
2.82743  1.88496  5.02655  3.16308e-06  -0.360162
4.08407  1.88496  5.02655  2.66086e-06  -0.367536
7.22566  1.88496  5.02655  2.68761e-06  -0.328174
14.7655  1.88496  5.02655  2.02661e-06  -0.222159
-16.6504  1.88496  5.65487  0.004675  0.203319
-7.22566  1.88496  5.65487  0.013401  0.328018
-5.34071  1.88496  5.65487  0.0173066  0.356442
-4.08407  1.88496  5.65487  0.0206797  0.36772
-2.82743  1.88496  5.65487  0.0247979  0.361169
-2.19911  1.88496  5.65487  0.0271355  0.34433
-1.5708  1.88496  5.65487  0.0295766  0.311301
-0.942478  1.88496  5.65487  0.0318588  0.251581
-0.314159  1.88496  5.65487  0.0333755  0.140459
0.314159  1.88496  5.65487  0.0333751  -0.140476
0.942478  1.88496  5.65487  0.0318584  -0.251597
1.5708  1.88496  5.65487  0.0295763  -0.311315
2.19911  1.88496  5.65487  0.0271352  -0.344344
2.82743  1.88496  5.65487  0.0247975  -0.361181
4.08407  1.88496  5.65487  0.02068  -0.367731
7.22566  1.88496  5.65487  0.0133998  -0.328033
14.7655  1.88496  5.65487  0.00560749  -0.222115
-16.6504  1.88496  6.28319  0.00644815  0.203304
-7.22566  1.88496  6.28319  0.0184957  0.327961
-5.34071  1.88496  6.28319  0.0239076  0.356422
-4.08407  1.88496  6.28319  0.0285914  0.367827
-2.82743  1.88496  6.28319  0.0343079  0.361633
-2.19911  1.88496  6.28319  0.0375351  0.345053
-1.5708  1.88496  6.28319  0.0408737  0.312002
-0.942478  1.88496  6.28319  0.0439585  0.250772
-0.314159  1.88496  6.28319  0.045944  0.139907
0.314159  1.88496  6.28319  0.0459437  -0.139924
0.942478  1.88496  6.28319  0.0439582  -0.250787
1.5708  1.88496  6.28319  0.0408734  -0.312016
2.19911  1.88496  6.28319  0.0375348  -0.345065
2.82743  1.88496  6.28319  0.0343075  -0.361645
4.08407  1.88496  6.28319  0.0285918  -0.367838
7.22566  1.88496  6.28319  0.0184945  -0.327975
14.7655  1.88496  6.28319  0.00773466  -0.222094
-16.6504  2.51327  0  0.00176715  0.203231
-7.22566  2.51327  0  0.00509971  0.327487
-5.34071  2.51327  0  0.00665431  0.355917
-4.08407  2.51327  0  0.00807307  0.367702
-2.82743  2.51327  0  0.0099539  0.363151
-2.19911  2.51327  0  0.0111276  0.348652
-1.5708  2.51327  0  0.0124779  0.319691
-0.942478  2.51327  0  0.0139839  0.266709
-0.314159  2.51327  0  0.0150419  0.16397
0.314159  2.51327  0  0.0150413  -0.163989
0.942478  2.51327  0  0.0139834  -0.266725
1.5708  2.51327  0  0.0124774  -0.319706
2.19911  2.51327  0  0.0111271  -0.348666
2.82743  2.51327  0  0.00995327  -0.363164
4.08407  2.51327  0  0.0080732  -0.367714
7.22566  2.51327  0  0.00509835  -0.327503
14.7655  2.51327  0  0.002119  -0.221993
-16.6504  2.51327  0.628319  2.61256e-06  0.203256
-7.22566  2.51327  0.628319  4.1614e-06  0.327639
-5.34071  2.51327  0.628319  8.36716e-07  0.356071
-4.08407  2.51327  0.628319  2.64854e-06  0.36772
-2.82743  2.51327  0.628319  3.7774e-06  0.362606
-2.19911  2.51327  0.628319  3.92013e-06  0.347388
-1.5708  2.51327  0.628319  4.16504e-06  0.316979
-0.942478  2.51327  0.628319  4.52229e-06  0.261211
-0.314159  2.51327  0.628319  5.17116e-06  0.163443
0.314159  2.51327  0.628319  4.75572e-06  -0.163463
0.942478  2.51327  0.628319  4.03545e-06  -0.261228
1.5708  2.51327  0.628319  3.65693e-06  -0.316994
2.19911  2.51327  0.628319  3.35839e-06  -0.347403
2.82743  2.51327  0.628319  3.08344e-06  -0.36262
4.08407  2.51327  0.628319  2.64169e-06  -0.367733
7.22566  2.51327  0.628319  2.68671e-06  -0.327655
14.7655  2.51327  0.628319  2.02135e-06  -0.22203
-16.6504  2.51327  1.25664  -0.00466978  0.203314
-7.22566  2.51327  1.25664  -0.0133926  0.328017
-5.34071  2.51327  1.25664  -0.0173048  0.356441
-4.08407  2.51327  1.25664  -0.0206744  0.367718
-2.82743  2.51327  1.25664  -0.0247903  0.361167
-2.19911  2.51327  1.25664  -0.0271277  0.344329
-1.5708  2.51327  1.25664  -0.0295682  0.311299
-0.942478  2.51327  1.25664  -0.0318498  0.251579
-0.314159  2.51327  1.25664  -0.0333655  0.140457
0.314159  2.51327  1.25664  -0.0333659  -0.140478
0.942478  2.51327  1.25664  -0.0318503  -0.251599
1.5708  2.51327  1.25664  -0.0295689  -0.311317
2.19911  2.51327  1.25664  -0.0271284  -0.344346
2.82743  2.51327  1.25664  -0.0247912  -0.361183
4.08407  2.51327  1.25664  -0.0206747  -0.367733
7.22566  2.51327  1.25664  -0.0133944  -0.328035
14.7655  2.51327  1.25664  -0.00560345  -0.222116
-16.6504  2.51327  1.88496  -0.0105443  0.203369
-7.22566  2.51327  1.88496  -0.0300375  0.328456
-5.34071  2.51327  1.88496  -0.0384298  0.356855
-4.08407  2.51327  1.88496  -0.0452931  0.367637
-2.82743  2.51327  1.88496  -0.0529674  0.359224
-2.19911  2.51327  1.88496  -0.0568598  0.340263
-1.5708  2.51327  1.88496  -0.0604674  0.303595
-0.942478  2.51327  1.88496  -0.0633517  0.238148
-0.314159  2.51327  1.88496  -0.0649901  0.127862
0.314159  2.51327  1.88496  -0.0649903  -0.127885
0.942478  2.51327  1.88496  -0.0633522  -0.23817
1.5708  2.51327  1.88496  -0.060468  -0.303616
2.19911  2.51327  1.88496  -0.0568606  -0.340282
2.82743  2.51327  1.88496  -0.0529685  -0.359242
4.08407  2.51327  1.88496  -0.0452938  -0.367655
7.22566  2.51327  1.88496  -0.0300397  -0.328476
14.7655  2.51327  1.88496  -0.0126505  -0.222204
-16.6504  2.51327  2.51327  -0.0153754  0.203399
-7.22566  2.51327  2.51327  -0.0435625  0.328782
-5.34071  2.51327  2.51327  -0.0552916  0.35715
-4.08407  2.51327  2.51327  -0.0644573  0.367503
-2.82743  2.51327  2.51327  -0.0739308  0.357534
-2.19911  2.51327  2.51327  -0.0782708  0.336926
-1.5708  2.51327  2.51327  -0.0819092  0.297865
-0.942478  2.51327  2.51327  -0.0844878  0.229739
-0.314159  2.51327  2.51327  -0.0857874  0.112741
0.314159  2.51327  2.51327  -0.0857876  -0.112765
0.942478  2.51327  2.51327  -0.0844883  -0.229762
1.5708  2.51327  2.51327  -0.0819099  -0.297887
2.19911  2.51327  2.51327  -0.0782717  -0.336948
2.82743  2.51327  2.51327  -0.073932  -0.357554
4.08407  2.51327  2.51327  -0.0644584  -0.367523
7.22566  2.51327  2.51327  -0.0435649  -0.328804
14.7655  2.51327  2.51327  -0.0184454  -0.222258
-16.6504  2.51327  3.14159  -0.0172338  0.203405
-7.22566  2.51327  3.14159  -0.0487209  0.328893
-5.34071  2.51327  3.14159  -0.0616474  0.35724
-4.08407  2.51327  3.14159  -0.0715655  0.367414
-2.82743  2.51327  3.14159  -0.0814975  0.356797
-2.19911  2.51327  3.14159  -0.085869  0.335464
-1.5708  2.51327  3.14159  -0.0894083  0.295173
-0.942478  2.51327  3.14159  -0.0918349  0.225412
-0.314159  2.51327  3.14159  -0.0930332  0.1152
0.314159  2.51327  3.14159  -0.0930333  -0.115225
0.942478  2.51327  3.14159  -0.0918353  -0.225436
1.5708  2.51327  3.14159  -0.0894089  -0.295196
2.19911  2.51327  3.14159  -0.08587  -0.335485
2.82743  2.51327  3.14159  -0.0814988  -0.356818
4.08407  2.51327  3.14159  -0.0715668  -0.367434
7.22566  2.51327  3.14159  -0.0487234  -0.328915
14.7655  2.51327  3.14159  -0.0206742  -0.222273
-16.6504  2.51327  3.76991  -0.0153754  0.203399
-7.22566  2.51327  3.76991  -0.0435625  0.328782
-5.34071  2.51327  3.76991  -0.0552916  0.35715
-4.08407  2.51327  3.76991  -0.0644573  0.367503
-2.82743  2.51327  3.76991  -0.0739308  0.357534
-2.19911  2.51327  3.76991  -0.0782708  0.336926
-1.5708  2.51327  3.76991  -0.0819092  0.297865
-0.942478  2.51327  3.76991  -0.0844878  0.229739
-0.314159  2.51327  3.76991  -0.0857874  0.112741
0.314159  2.51327  3.76991  -0.0857876  -0.112765
0.942478  2.51327  3.76991  -0.0844883  -0.229762
1.5708  2.51327  3.76991  -0.0819099  -0.297887
2.19911  2.51327  3.76991  -0.0782717  -0.336948
2.82743  2.51327  3.76991  -0.073932  -0.357554
4.08407  2.51327  3.76991  -0.0644584  -0.367523
7.22566  2.51327  3.76991  -0.0435649  -0.328804
14.7655  2.51327  3.76991  -0.0184454  -0.222258
-16.6504  2.51327  4.39823  -0.0105443  0.203369
-7.22566  2.51327  4.39823  -0.0300375  0.328456
-5.34071  2.51327  4.39823  -0.0384298  0.356855
-4.08407  2.51327  4.39823  -0.0452931  0.367637
-2.82743  2.51327  4.39823  -0.0529674  0.359224
-2.19911  2.51327  4.39823  -0.0568598  0.340263
-1.5708  2.51327  4.39823  -0.0604674  0.303595
-0.942478  2.51327  4.39823  -0.0633517  0.238148
-0.314159  2.51327  4.39823  -0.0649901  0.127862
0.314159  2.51327  4.39823  -0.0649903  -0.127885
0.942478  2.51327  4.39823  -0.0633522  -0.23817
1.5708  2.51327  4.39823  -0.060468  -0.303616
2.19911  2.51327  4.39823  -0.0568606  -0.340282
2.82743  2.51327  4.39823  -0.0529685  -0.359242
4.08407  2.51327  4.39823  -0.0452938  -0.367655
7.22566  2.51327  4.39823  -0.0300397  -0.328476
14.7655  2.51327  4.39823  -0.0126505  -0.222204
-16.6504  2.51327  5.02655  -0.00466978  0.203314
-7.22566  2.51327  5.02655  -0.0133926  0.328017
-5.34071  2.51327  5.02655  -0.0173048  0.356441
-4.08407  2.51327  5.02655  -0.0206744  0.367718
-2.82743  2.51327  5.02655  -0.0247903  0.361167
-2.19911  2.51327  5.02655  -0.0271277  0.344329
-1.5708  2.51327  5.02655  -0.0295682  0.311299
-0.942478  2.51327  5.02655  -0.0318498  0.251579
-0.314159  2.51327  5.02655  -0.0333655  0.140457
0.314159  2.51327  5.02655  -0.0333659  -0.140478
0.942478  2.51327  5.02655  -0.0318503  -0.251599
1.5708  2.51327  5.02655  -0.0295689  -0.311317
2.19911  2.51327  5.02655  -0.0271284  -0.344346
2.82743  2.51327  5.02655  -0.0247912  -0.361183
4.08407  2.51327  5.02655  -0.0206747  -0.367733
7.22566  2.51327  5.02655  -0.0133944  -0.328035
14.7655  2.51327  5.02655  -0.00560345  -0.222116
-16.6504  2.51327  5.65487  2.61256e-06  0.203256
-7.22566  2.51327  5.65487  4.1614e-06  0.327639
-5.34071  2.51327  5.65487  8.36716e-07  0.356071
-4.08407  2.51327  5.65487  2.64854e-06  0.36772
-2.82743  2.51327  5.65487  3.7774e-06  0.362606
-2.19911  2.51327  5.65487  3.92013e-06  0.347388
-1.5708  2.51327  5.65487  4.16504e-06  0.316979
-0.942478  2.51327  5.65487  4.52229e-06  0.261211
-0.314159  2.51327  5.65487  5.17116e-06  0.163443
0.314159  2.51327  5.65487  4.75572e-06  -0.163463
0.942478  2.51327  5.65487  4.03545e-06  -0.261228
1.5708  2.51327  5.65487  3.65693e-06  -0.316994
2.19911  2.51327  5.65487  3.35839e-06  -0.347403
2.82743  2.51327  5.65487  3.08344e-06  -0.36262
4.08407  2.51327  5.65487  2.64169e-06  -0.367733
7.22566  2.51327  5.65487  2.68671e-06  -0.327655
14.7655  2.51327  5.65487  2.02135e-06  -0.22203
-16.6504  2.51327  6.28319  0.00176715  0.203231
-7.22566  2.51327  6.28319  0.00509971  0.327487
-5.34071  2.51327  6.28319  0.00665431  0.355917
-4.08407  2.51327  6.28319  0.00807307  0.367702
-2.82743  2.51327  6.28319  0.0099539  0.363151
-2.19911  2.51327  6.28319  0.0111276  0.348652
-1.5708  2.51327  6.28319  0.0124779  0.319691
-0.942478  2.51327  6.28319  0.0139839  0.266709
-0.314159  2.51327  6.28319  0.0150419  0.16397
0.314159  2.51327  6.28319  0.0150413  -0.163989
0.942478  2.51327  6.28319  0.0139834  -0.266725
1.5708  2.51327  6.28319  0.0124774  -0.319706
2.19911  2.51327  6.28319  0.0111271  -0.348666
2.82743  2.51327  6.28319  0.00995327  -0.363164
4.08407  2.51327  6.28319  0.0080732  -0.367714
7.22566  2.51327  6.28319  0.00509835  -0.327503
14.7655  2.51327  6.28319  0.002119  -0.221993
-16.6504  3.14159  0  2.61306e-06  0.2032
-7.22566  3.14159  0  4.12606e-06  0.327296
-5.34071  3.14159  0  7.96886e-07  0.355699
-4.08407  3.14159  0  2.62914e-06  0.367589
-2.82743  3.14159  0  3.74814e-06  0.363543
-2.19911  3.14159  0  3.88507e-06  0.349678
-1.5708  3.14159  0  4.13071e-06  0.321897
-0.942478  3.14159  0  4.51631e-06  0.271538
-0.314159  3.14159  0  5.35553e-06  0.186491
0.314159  3.14159  0  4.91245e-06  -0.186512
0.942478  3.14159  0  4.01734e-06  -0.271555
1.5708  3.14159  0  3.61972e-06  -0.321912
2.19911  3.14159  0  3.31782e-06  -0.349693
2.82743  3.14159  0  3.03342e-06  -0.363557
4.08407  3.14159  0  2.63888e-06  -0.367603
7.22566  3.14159  0  2.68832e-06  -0.327313
14.7655  3.14159  0  2.0146e-06  -0.221951
-16.6504  3.14159  0.628319  -0.00176193  0.203229
-7.22566  3.14159  0.628319  -0.00509142  0.327486
-5.34071  3.14159  0.628319  -0.00665266  0.355917
-4.08407  3.14159  0.628319  -0.00806779  0.367701
-2.82743  3.14159  0.628319  -0.00994635  0.36315
-2.19911  3.14159  0.628319  -0.0111198  0.348652
-1.5708  3.14159  0.628319  -0.0124695  0.319691
-0.942478  3.14159  0.628319  -0.0139747  0.266708
-0.314159  3.14159  0.628319  -0.0150313  0.163969
0.314159  3.14159  0.628319  -0.015032  -0.16399
0.942478  3.14159  0.628319  -0.0139753  -0.266726
1.5708  3.14159  0.628319  -0.0124701  -0.319707
2.19911  3.14159  0.628319  -0.0111205  -0.348667
2.82743  3.14159  0.628319  -0.00994716  -0.363165
4.08407  3.14159  0.628319  -0.00806792  -0.367715
7.22566  3.14159  0.628319  -0.00509298  -0.327503
14.7655  3.14159  0.628319  -0.00211497  -0.221994
-16.6504  3.14159  1.25664  -0.00644294  0.203297
-7.22566  3.14159  1.25664  -0.0184873  0.32796
-5.34071  3.14159  1.25664  -0.0239059  0.35642
-4.08407  3.14159  1.25664  -0.028586  0.367824
-2.82743  3.14159  1.25664  -0.0343003  0.361631
-2.19911  3.14159  1.25664  -0.0375272  0.34505
-1.5708  3.14159  1.25664  -0.0408653  0.312
-0.942478  3.14159  1.25664  -0.0439495  0.250769
-0.314159  3.14159  1.25664  -0.0459341  0.139905
0.314159  3.14159  1.25664  -0.0459345  -0.139927
0.942478  3.14159  1.25664  -0.0439501  -0.250789
1.5708  3.14159  1.25664  -0.040866  -0.312018
2.19911  3.14159  1.25664  -0.0375281  -0.345068
2.82743  3.14159  1.25664  -0.0343012  -0.361648
4.08407  3.14159  1.25664  -0.0285865  -0.36784
7.22566  3.14159  1.25664  -0.0184891  -0.327979
14.7655  3.14159  1.25664  -0.00773062  -0.222096
-16.6504  3.14159  1.88496  -0.0123452  0.203365
-7.22566  3.14159  1.88496  -0.0351248  0.328498
-5.34071  3.14159  1.88496  -0.0448661  0.356923
-4.08407  3.14159  1.88496  -0.0527516  0.367698
-2.82743  3.14159  1.88496  -0.0613848  0.359133
-2.19911  3.14159  1.88496  -0.0656315  0.339921
-1.5708  3.14159  1.88496  -0.0694421  0.302767
-0.942478  3.14159  1.88496  -0.0723678  0.236379
-0.314159  3.14159  1.88496  -0.0739577  0.117712
0.314159  3.14159  1.88496  -0.073958  -0.117735
0.942478  3.14159  1.88496  -0.0723683  -0.236401
1.5708  3.14159  1.88496  -0.0694428  -0.302788
2.19911  3.14159  1.88496  -0.0656324  -0.339941
2.82743  3.14159  1.88496  -0.061386  -0.359152
4.08407  3.14159  1.88496  -0.0527525  -0.367716
7.22566  3.14159  1.88496  -0.0351271  -0.328519
14.7655  3.14159  1.88496  -0.0148104  -0.222203
-16.6504  3.14159  2.51327  -0.0172338  0.203405
-7.22566  3.14159  2.51327  -0.0487209  0.328893
-5.34071  3.14159  2.51327  -0.0616474  0.35724
-4.08407  3.14159  2.51327  -0.0715655  0.367414
-2.82743  3.14159  2.51327  -0.0814975  0.356797
-2.19911  3.14159  2.51327  -0.085869  0.335464
-1.5708  3.14159  2.51327  -0.0894083  0.295173
-0.942478  3.14159  2.51327  -0.0918349  0.225412
-0.314159  3.14159  2.51327  -0.0930332  0.1152
0.314159  3.14159  2.51327  -0.0930333  -0.115225
0.942478  3.14159  2.51327  -0.0918353  -0.225436
1.5708  3.14159  2.51327  -0.0894089  -0.295196
2.19911  3.14159  2.51327  -0.08587  -0.335485
2.82743  3.14159  2.51327  -0.0814988  -0.356818
4.08407  3.14159  2.51327  -0.0715668  -0.367434
7.22566  3.14159  2.51327  -0.0487234  -0.328915
14.7655  3.14159  2.51327  -0.0206742  -0.222273
-16.6504  3.14159  3.14159  -0.0191352  0.203416
-7.22566  3.14159  3.14159  -0.0539772  0.329027
-5.34071  3.14159  3.14159  -0.0680667  0.357334
-4.08407  3.14159  3.14159  -0.078663  0.367262
-2.82743  3.14159  3.14159  -0.0889361  0.355881
-2.19911  3.14159  3.14159  -0.0932889  0.333867
-1.5708  3.14159  3.14159  -0.0967078  0.29288
-0.942478  3.14159  3.14159  -0.0989932  0.223022
-0.314159  3.14159  3.14159  -0.10011  0.107885
0.314159  3.14159  3.14159  -0.10011  -0.107911
0.942478  3.14159  3.14159  -0.0989936  -0.223047
1.5708  3.14159  3.14159  -0.0967085  -0.292903
2.19911  3.14159  3.14159  -0.0932899  -0.33389
2.82743  3.14159  3.14159  -0.0889374  -0.355903
4.08407  3.14159  3.14159  -0.0786644  -0.367283
7.22566  3.14159  3.14159  -0.0539798  -0.329051
14.7655  3.14159  3.14159  -0.0229554  -0.222293
-16.6504  3.14159  3.76991  -0.0172338  0.203405
-7.22566  3.14159  3.76991  -0.0487209  0.328893
-5.34071  3.14159  3.76991  -0.0616474  0.35724
-4.08407  3.14159  3.76991  -0.0715655  0.367414
-2.82743  3.14159  3.76991  -0.0814975  0.356797
-2.19911  3.14159  3.76991  -0.085869  0.335464
-1.5708  3.14159  3.76991  -0.0894083  0.295173
-0.942478  3.14159  3.76991  -0.0918349  0.225412
-0.314159  3.14159  3.76991  -0.0930332  0.1152
0.314159  3.14159  3.76991  -0.0930333  -0.115225
0.942478  3.14159  3.76991  -0.0918353  -0.225436
1.5708  3.14159  3.76991  -0.0894089  -0.295196
2.19911  3.14159  3.76991  -0.08587  -0.335485
2.82743  3.14159  3.76991  -0.0814988  -0.356818
4.08407  3.14159  3.76991  -0.0715668  -0.367434
7.22566  3.14159  3.76991  -0.0487234  -0.328915
14.7655  3.14159  3.76991  -0.0206742  -0.222273
-16.6504  3.14159  4.39823  -0.0123452  0.203365
-7.22566  3.14159  4.39823  -0.0351248  0.328498
-5.34071  3.14159  4.39823  -0.0448661  0.356923
-4.08407  3.14159  4.39823  -0.0527516  0.367698
-2.82743  3.14159  4.39823  -0.0613848  0.359133
-2.19911  3.14159  4.39823  -0.0656315  0.339921
-1.5708  3.14159  4.39823  -0.0694421  0.302767
-0.942478  3.14159  4.39823  -0.0723678  0.236379
-0.314159  3.14159  4.39823  -0.0739577  0.117712
0.314159  3.14159  4.39823  -0.073958  -0.117735
0.942478  3.14159  4.39823  -0.0723683  -0.236401
1.5708  3.14159  4.39823  -0.0694428  -0.302788
2.19911  3.14159  4.39823  -0.0656324  -0.339941
2.82743  3.14159  4.39823  -0.061386  -0.359152
4.08407  3.14159  4.39823  -0.0527525  -0.367716
7.22566  3.14159  4.39823  -0.0351271  -0.328519
14.7655  3.14159  4.39823  -0.0148104  -0.222203
-16.6504  3.14159  5.02655  -0.00644294  0.203297
-7.22566  3.14159  5.02655  -0.0184873  0.32796
-5.34071  3.14159  5.02655  -0.0239059  0.35642
-4.08407  3.14159  5.02655  -0.028586  0.367824
-2.82743  3.14159  5.02655  -0.0343003  0.361631
-2.19911  3.14159  5.02655  -0.0375272  0.34505
-1.5708  3.14159  5.02655  -0.0408653  0.312
-0.942478  3.14159  5.02655  -0.0439495  0.250769
-0.314159  3.14159  5.02655  -0.0459341  0.139905
0.314159  3.14159  5.02655  -0.0459345  -0.139927
0.942478  3.14159  5.02655  -0.0439501  -0.250789
1.5708  3.14159  5.02655  -0.040866  -0.312018
2.19911  3.14159  5.02655  -0.0375281  -0.345068
2.82743  3.14159  5.02655  -0.0343012  -0.361648
4.08407  3.14159  5.02655  -0.0285865  -0.36784
7.22566  3.14159  5.02655  -0.0184891  -0.327979
14.7655  3.14159  5.02655  -0.00773062  -0.222096
-16.6504  3.14159  5.65487  -0.00176193  0.203229
-7.22566  3.14159  5.65487  -0.00509142  0.327486
-5.34071  3.14159  5.65487  -0.00665266  0.355917
-4.08407  3.14159  5.65487  -0.00806779  0.367701
-2.82743  3.14159  5.65487  -0.00994635  0.36315
-2.19911  3.14159  5.65487  -0.0111198  0.348652
-1.5708  3.14159  5.65487  -0.0124695  0.319691
-0.942478  3.14159  5.65487  -0.0139747  0.266708
-0.314159  3.14159  5.65487  -0.0150313  0.163969
0.314159  3.14159  5.65487  -0.015032  -0.16399
0.942478  3.14159  5.65487  -0.0139753  -0.266726
1.5708  3.14159  5.65487  -0.0124701  -0.319707
2.19911  3.14159  5.65487  -0.0111205  -0.348667
2.82743  3.14159  5.65487  -0.00994716  -0.363165
4.08407  3.14159  5.65487  -0.00806792  -0.367715
7.22566  3.14159  5.65487  -0.00509298  -0.327503
14.7655  3.14159  5.65487  -0.00211497  -0.221994
-16.6504  3.14159  6.28319  2.61306e-06  0.2032
-7.22566  3.14159  6.28319  4.12606e-06  0.327296
-5.34071  3.14159  6.28319  7.96886e-07  0.355699
-4.08407  3.14159  6.28319  2.62914e-06  0.367589
-2.82743  3.14159  6.28319  3.74814e-06  0.363543
-2.19911  3.14159  6.28319  3.88507e-06  0.349678
-1.5708  3.14159  6.28319  4.13071e-06  0.321897
-0.942478  3.14159  6.28319  4.51631e-06  0.271538
-0.314159  3.14159  6.28319  5.35553e-06  0.186491
0.314159  3.14159  6.28319  4.91245e-06  -0.186512
0.942478  3.14159  6.28319  4.01734e-06  -0.271555
1.5708  3.14159  6.28319  3.61972e-06  -0.321912
2.19911  3.14159  6.28319  3.31782e-06  -0.349693
2.82743  3.14159  6.28319  3.03342e-06  -0.363557
4.08407  3.14159  6.28319  2.63888e-06  -0.367603
7.22566  3.14159  6.28319  2.68832e-06  -0.327313
14.7655  3.14159  6.28319  2.0146e-06  -0.221951
-16.6504  3.76991  0  0.00176715  0.203231
-7.22566  3.76991  0  0.00509971  0.327487
-5.34071  3.76991  0  0.00665431  0.355917
-4.08407  3.76991  0  0.00807307  0.367702
-2.82743  3.76991  0  0.0099539  0.363151
-2.19911  3.76991  0  0.0111276  0.348652
-1.5708  3.76991  0  0.0124779  0.319691
-0.942478  3.76991  0  0.0139839  0.266709
-0.314159  3.76991  0  0.0150419  0.16397
0.314159  3.76991  0  0.0150413  -0.163989
0.942478  3.76991  0  0.0139834  -0.266725
1.5708  3.76991  0  0.0124774  -0.319706
2.19911  3.76991  0  0.0111271  -0.348666
2.82743  3.76991  0  0.00995327  -0.363164
4.08407  3.76991  0  0.0080732  -0.367714
7.22566  3.76991  0  0.00509835  -0.327503
14.7655  3.76991  0  0.002119  -0.221993
-16.6504  3.76991  0.628319  2.61256e-06  0.203256
-7.22566  3.76991  0.628319  4.1614e-06  0.327639
-5.34071  3.76991  0.628319  8.36716e-07  0.356071
-4.08407  3.76991  0.628319  2.64854e-06  0.36772
-2.82743  3.76991  0.628319  3.7774e-06  0.362606
-2.19911  3.76991  0.628319  3.92013e-06  0.347388
-1.5708  3.76991  0.628319  4.16504e-06  0.316979
-0.942478  3.76991  0.628319  4.52229e-06  0.261211
-0.314159  3.76991  0.628319  5.17116e-06  0.163443
0.314159  3.76991  0.628319  4.75572e-06  -0.163463
0.942478  3.76991  0.628319  4.03545e-06  -0.261228
1.5708  3.76991  0.628319  3.65693e-06  -0.316994
2.19911  3.76991  0.628319  3.35839e-06  -0.347403
2.82743  3.76991  0.628319  3.08344e-06  -0.36262
4.08407  3.76991  0.628319  2.64169e-06  -0.367733
7.22566  3.76991  0.628319  2.68671e-06  -0.327655
14.7655  3.76991  0.628319  2.02135e-06  -0.22203
-16.6504  3.76991  1.25664  -0.00466978  0.203314
-7.22566  3.76991  1.25664  -0.0133926  0.328017
-5.34071  3.76991  1.25664  -0.0173048  0.356441
-4.08407  3.76991  1.25664  -0.0206744  0.367718
-2.82743  3.76991  1.25664  -0.0247903  0.361167
-2.19911  3.76991  1.25664  -0.0271277  0.344329
-1.5708  3.76991  1.25664  -0.0295682  0.311299
-0.942478  3.76991  1.25664  -0.0318498  0.251579
-0.314159  3.76991  1.25664  -0.0333655  0.140457
0.314159  3.76991  1.25664  -0.0333659  -0.140478
0.942478  3.76991  1.25664  -0.0318503  -0.251599
1.5708  3.76991  1.25664  -0.0295689  -0.311317
2.19911  3.76991  1.25664  -0.0271284  -0.344346
2.82743  3.76991  1.25664  -0.0247912  -0.361183
4.08407  3.76991  1.25664  -0.0206747  -0.367733
7.22566  3.76991  1.25664  -0.0133944  -0.328035
14.7655  3.76991  1.25664  -0.00560345  -0.222116
-16.6504  3.76991  1.88496  -0.0105443  0.203369
-7.22566  3.76991  1.88496  -0.0300375  0.328456
-5.34071  3.76991  1.88496  -0.0384298  0.356855
-4.08407  3.76991  1.88496  -0.0452931  0.367637
-2.82743  3.76991  1.88496  -0.0529674  0.359224
-2.19911  3.76991  1.88496  -0.0568598  0.340263
-1.5708  3.76991  1.88496  -0.0604674  0.303595
-0.942478  3.76991  1.88496  -0.0633517  0.238148
-0.314159  3.76991  1.88496  -0.0649901  0.127862
0.314159  3.76991  1.88496  -0.0649903  -0.127885
0.942478  3.76991  1.88496  -0.0633522  -0.23817
1.5708  3.76991  1.88496  -0.060468  -0.303616
2.19911  3.76991  1.88496  -0.0568606  -0.340282
2.82743  3.76991  1.88496  -0.0529685  -0.359242
4.08407  3.76991  1.88496  -0.0452938  -0.367655
7.22566  3.76991  1.88496  -0.0300397  -0.328476
14.7655  3.76991  1.88496  -0.0126505  -0.222204
-16.6504  3.76991  2.51327  -0.0153754  0.203399
-7.22566  3.76991  2.51327  -0.0435625  0.328782
-5.34071  3.76991  2.51327  -0.0552916  0.35715
-4.08407  3.76991  2.51327  -0.0644573  0.367503
-2.82743  3.76991  2.51327  -0.0739308  0.357534
-2.19911  3.76991  2.51327  -0.0782708  0.336926
-1.5708  3.76991  2.51327  -0.0819092  0.297865
-0.942478  3.76991  2.51327  -0.0844878  0.229739
-0.314159  3.76991  2.51327  -0.0857874  0.112741
0.314159  3.76991  2.51327  -0.0857876  -0.112765
0.942478  3.76991  2.51327  -0.0844883  -0.229762
1.5708  3.76991  2.51327  -0.0819099  -0.297887
2.19911  3.76991  2.51327  -0.0782717  -0.336948
2.82743  3.76991  2.51327  -0.073932  -0.357554
4.08407  3.76991  2.51327  -0.0644584  -0.367523
7.22566  3.76991  2.51327  -0.0435649  -0.328804
14.7655  3.76991  2.51327  -0.0184454  -0.222258
-16.6504  3.76991  3.14159  -0.0172338  0.203405
-7.22566  3.76991  3.14159  -0.0487209  0.328893
-5.34071  3.76991  3.14159  -0.0616474  0.35724
-4.08407  3.76991  3.14159  -0.0715655  0.367414
-2.82743  3.76991  3.14159  -0.0814975  0.356797
-2.19911  3.76991  3.14159  -0.085869  0.335464
-1.5708  3.76991  3.14159  -0.0894083  0.295173
-0.942478  3.76991  3.14159  -0.0918349  0.225412
-0.314159  3.76991  3.14159  -0.0930332  0.1152
0.314159  3.76991  3.14159  -0.0930333  -0.115225
0.942478  3.76991  3.14159  -0.0918353  -0.225436
1.5708  3.76991  3.14159  -0.0894089  -0.295196
2.19911  3.76991  3.14159  -0.08587  -0.335485
2.82743  3.76991  3.14159  -0.0814988  -0.356818
4.08407  3.76991  3.14159  -0.0715668  -0.367434
7.22566  3.76991  3.14159  -0.0487234  -0.328915
14.7655  3.76991  3.14159  -0.0206742  -0.222273
-16.6504  3.76991  3.76991  -0.0153754  0.203399
-7.22566  3.76991  3.76991  -0.0435625  0.328782
-5.34071  3.76991  3.76991  -0.0552916  0.35715
-4.08407  3.76991  3.76991  -0.0644573  0.367503
-2.82743  3.76991  3.76991  -0.0739308  0.357534
-2.19911  3.76991  3.76991  -0.0782708  0.336926
-1.5708  3.76991  3.76991  -0.0819092  0.297865
-0.942478  3.76991  3.76991  -0.0844878  0.229739
-0.314159  3.76991  3.76991  -0.0857874  0.112741
0.314159  3.76991  3.76991  -0.0857876  -0.112765
0.942478  3.76991  3.76991  -0.0844883  -0.229762
1.5708  3.76991  3.76991  -0.0819099  -0.297887
2.19911  3.76991  3.76991  -0.0782717  -0.336948
2.82743  3.76991  3.76991  -0.073932  -0.357554
4.08407  3.76991  3.76991  -0.0644584  -0.367523
7.22566  3.76991  3.76991  -0.0435649  -0.328804
14.7655  3.76991  3.76991  -0.0184454  -0.222258
-16.6504  3.76991  4.39823  -0.0105443  0.203369
-7.22566  3.76991  4.39823  -0.0300375  0.328456
-5.34071  3.76991  4.39823  -0.0384298  0.356855
-4.08407  3.76991  4.39823  -0.0452931  0.367637
-2.82743  3.76991  4.39823  -0.0529674  0.359224
-2.19911  3.76991  4.39823  -0.0568598  0.340263
-1.5708  3.76991  4.39823  -0.0604674  0.303595
-0.942478  3.76991  4.39823  -0.0633517  0.238148
-0.314159  3.76991  4.39823  -0.0649901  0.127862
0.314159  3.76991  4.39823  -0.0649903  -0.127885
0.942478  3.76991  4.39823  -0.0633522  -0.23817
1.5708  3.76991  4.39823  -0.060468  -0.303616
2.19911  3.76991  4.39823  -0.0568606  -0.340282
2.82743  3.76991  4.39823  -0.0529685  -0.359242
4.08407  3.76991  4.39823  -0.0452938  -0.367655
7.22566  3.76991  4.39823  -0.0300397  -0.328476
14.7655  3.76991  4.39823  -0.0126505  -0.222204
-16.6504  3.76991  5.02655  -0.00466978  0.203314
-7.22566  3.76991  5.02655  -0.0133926  0.328017
-5.34071  3.76991  5.02655  -0.0173048  0.356441
-4.08407  3.76991  5.02655  -0.0206744  0.367718
-2.82743  3.76991  5.02655  -0.0247903  0.361167
-2.19911  3.76991  5.02655  -0.0271277  0.344329
-1.5708  3.76991  5.02655  -0.0295682  0.311299
-0.942478  3.76991  5.02655  -0.0318498  0.251579
-0.314159  3.76991  5.02655  -0.0333655  0.140457
0.314159  3.76991  5.02655  -0.0333659  -0.140478
0.942478  3.76991  5.02655  -0.0318503  -0.251599
1.5708  3.76991  5.02655  -0.0295689  -0.311317
2.19911  3.76991  5.02655  -0.0271284  -0.344346
2.82743  3.76991  5.02655  -0.0247912  -0.361183
4.08407  3.76991  5.02655  -0.0206747  -0.367733
7.22566  3.76991  5.02655  -0.0133944  -0.328035
14.7655  3.76991  5.02655  -0.00560345  -0.222116
-16.6504  3.76991  5.65487  2.61256e-06  0.203256
-7.22566  3.76991  5.65487  4.1614e-06  0.327639
-5.34071  3.76991  5.65487  8.36716e-07  0.356071
-4.08407  3.76991  5.65487  2.64854e-06  0.36772
-2.82743  3.76991  5.65487  3.7774e-06  0.362606
-2.19911  3.76991  5.65487  3.92013e-06  0.347388
-1.5708  3.76991  5.65487  4.16504e-06  0.316979
-0.942478  3.76991  5.65487  4.52229e-06  0.261211
-0.314159  3.76991  5.65487  5.17116e-06  0.163443
0.314159  3.76991  5.65487  4.75572e-06  -0.163463
0.942478  3.76991  5.65487  4.03545e-06  -0.261228
1.5708  3.76991  5.65487  3.65693e-06  -0.316994
2.19911  3.76991  5.65487  3.35839e-06  -0.347403
2.82743  3.76991  5.65487  3.08344e-06  -0.36262
4.08407  3.76991  5.65487  2.64169e-06  -0.367733
7.22566  3.76991  5.65487  2.68671e-06  -0.327655
14.7655  3.76991  5.65487  2.02135e-06  -0.22203
-16.6504  3.76991  6.28319  0.00176715  0.203231
-7.22566  3.76991  6.28319  0.00509971  0.327487
-5.34071  3.76991  6.28319  0.00665431  0.355917
-4.08407  3.76991  6.28319  0.00807307  0.367702
-2.82743  3.76991  6.28319  0.0099539  0.363151
-2.19911  3.76991  6.28319  0.0111276  0.348652
-1.5708  3.76991  6.28319  0.0124779  0.319691
-0.942478  3.76991  6.28319  0.0139839  0.266709
-0.314159  3.76991  6.28319  0.0150419  0.16397
0.314159  3.76991  6.28319  0.0150413  -0.163989
0.942478  3.76991  6.28319  0.0139834  -0.266725
1.5708  3.76991  6.28319  0.0124774  -0.319706
2.19911  3.76991  6.28319  0.0111271  -0.348666
2.82743  3.76991  6.28319  0.00995327  -0.363164
4.08407  3.76991  6.28319  0.0080732  -0.367714
7.22566  3.76991  6.28319  0.00509835  -0.327503
14.7655  3.76991  6.28319  0.002119  -0.221993
-16.6504  4.39823  0  0.00644815  0.203304
-7.22566  4.39823  0  0.0184957  0.327961
-5.34071  4.39823  0  0.0239076  0.356422
-4.08407  4.39823  0  0.0285914  0.367827
-2.82743  4.39823  0  0.0343079  0.361633
-2.19911  4.39823  0  0.0375351  0.345053
-1.5708  4.39823  0  0.0408737  0.312002
-0.942478  4.39823  0  0.0439585  0.250772
-0.314159  4.39823  0  0.045944  0.139907
0.314159  4.39823  0  0.0459437  -0.139924
0.942478  4.39823  0  0.0439582  -0.250787
1.5708  4.39823  0  0.0408734  -0.312016
2.19911  4.39823  0  0.0375348  -0.345065
2.82743  4.39823  0  0.0343075  -0.361645
4.08407  4.39823  0  0.0285918  -0.367838
7.22566  4.39823  0  0.0184945  -0.327975
14.7655  4.39823  0  0.00773466  -0.222094
-16.6504  4.39823  0.628319  0.004675  0.203319
-7.22566  4.39823  0.628319  0.013401  0.328018
-5.34071  4.39823  0.628319  0.0173066  0.356442
-4.08407  4.39823  0.628319  0.0206797  0.36772
-2.82743  4.39823  0.628319  0.0247979  0.361169
-2.19911  4.39823  0.628319  0.0271355  0.34433
-1.5708  4.39823  0.628319  0.0295766  0.311301
-0.942478  4.39823  0.628319  0.0318588  0.251581
-0.314159  4.39823  0.628319  0.0333755  0.140459
0.314159  4.39823  0.628319  0.0333751  -0.140476
0.942478  4.39823  0.628319  0.0318584  -0.251597
1.5708  4.39823  0.628319  0.0295763  -0.311315
2.19911  4.39823  0.628319  0.0271352  -0.344344
2.82743  4.39823  0.628319  0.0247975  -0.361181
4.08407  4.39823  0.628319  0.02068  -0.367731
7.22566  4.39823  0.628319  0.0133998  -0.328033
14.7655  4.39823  0.628319  0.00560749  -0.222115
-16.6504  4.39823  1.25664  2.60955e-06  0.203348
-7.22566  4.39823  1.25664  4.22442e-06  0.328158
-5.34071  4.39823  1.25664  8.96569e-07  0.356515
-4.08407  4.39823  1.25664  2.65376e-06  0.367522
-2.82743  4.39823  1.25664  3.77435e-06  0.360148
-2.19911  4.39823  1.25664  3.90042e-06  0.342519
-1.5708  4.39823  1.25664  4.10691e-06  0.308466
-0.942478  4.39823  1.25664  4.40051e-06  0.24856
-0.314159  4.39823  1.25664  4.99719e-06  0.151895
0.314159  4.39823  1.25664  4.71324e-06  -0.151914
0.942478  4.39823  1.25664  4.04143e-06  -0.248577
1.5708  4.39823  1.25664  3.69383e-06  -0.308482
2.19911  4.39823  1.25664  3.411e-06  -0.342534
2.82743  4.39823  1.25664  3.16308e-06  -0.360162
4.08407  4.39823  1.25664  2.66086e-06  -0.367536
7.22566  4.39823  1.25664  2.68761e-06  -0.328174
14.7655  4.39823  1.25664  2.02661e-06  -0.222159
-16.6504  4.39823  1.88496  -0.00581842  0.203368
-7.22566  4.39823  1.88496  -0.016619  0.328328
-5.34071  4.39823  1.88496  -0.0213416  0.356682
-4.08407  4.39823  1.88496  -0.0252897  0.367519
-2.82743  4.39823  1.88496  -0.0299058  0.359545
-2.19911  4.39823  1.88496  -0.0324033  0.341318
-1.5708  4.39823  1.88496  -0.0348869  0.306407
-0.942478  4.39823  1.88496  -0.0370424  0.244918
-0.314159  4.39823  1.88496  -0.0383635  0.135099
0.314159  4.39823  1.88496  -0.0383639  -0.13512
0.942478  4.39823  1.88496  -0.0370429  -0.244937
1.5708  4.39823  1.88496  -0.0348874  -0.306425
2.19911  4.39823  1.88496  -0.032404  -0.341335
2.82743  4.39823  1.88496  -0.0299067  -0.359562
4.08407  4.39823  1.88496  -0.0252901  -0.367535
7.22566  4.39823  1.88496  -0.0166209  -0.328347
14.7655  4.39823  1.88496  -0.00698154  -0.222194
-16.6504  4.39823  2.51327  -0.0105443  0.203369
-7.22566  4.39823  2.51327  -0.0300375  0.328456
-5.34071  4.39823  2.51327  -0.0384298  0.356855
-4.08407  4.39823  2.51327  -0.0452931  0.367637
-2.82743  4.39823  2.51327  -0.0529674  0.359224
-2.19911  4.39823  2.51327  -0.0568598  0.340263
-1.5708  4.39823  2.51327  -0.0604674  0.303595
-0.942478  4.39823  2.51327  -0.0633517  0.238148
-0.314159  4.39823  2.51327  -0.0649901  0.127862
0.314159  4.39823  2.51327  -0.0649903  -0.127885
0.942478  4.39823  2.51327  -0.0633522  -0.23817
1.5708  4.39823  2.51327  -0.060468  -0.303616
2.19911  4.39823  2.51327  -0.0568606  -0.340282
2.82743  4.39823  2.51327  -0.0529685  -0.359242
4.08407  4.39823  2.51327  -0.0452938  -0.367655
7.22566  4.39823  2.51327  -0.0300397  -0.328476
14.7655  4.39823  2.51327  -0.0126505  -0.222204
-16.6504  4.39823  3.14159  -0.0123452  0.203365
-7.22566  4.39823  3.14159  -0.0351248  0.328498
-5.34071  4.39823  3.14159  -0.0448661  0.356923
-4.08407  4.39823  3.14159  -0.0527516  0.367698
-2.82743  4.39823  3.14159  -0.0613848  0.359133
-2.19911  4.39823  3.14159  -0.0656315  0.339921
-1.5708  4.39823  3.14159  -0.0694421  0.302767
-0.942478  4.39823  3.14159  -0.0723678  0.236379
-0.314159  4.39823  3.14159  -0.0739577  0.117712
0.314159  4.39823  3.14159  -0.073958  -0.117735
0.942478  4.39823  3.14159  -0.0723683  -0.236401
1.5708  4.39823  3.14159  -0.0694428  -0.302788
2.19911  4.39823  3.14159  -0.0656324  -0.339941
2.82743  4.39823  3.14159  -0.061386  -0.359152
4.08407  4.39823  3.14159  -0.0527525  -0.367716
7.22566  4.39823  3.14159  -0.0351271  -0.328519
14.7655  4.39823  3.14159  -0.0148104  -0.222203
-16.6504  4.39823  3.76991  -0.0105443  0.203369
-7.22566  4.39823  3.76991  -0.0300375  0.328456
-5.34071  4.39823  3.76991  -0.0384298  0.356855
-4.08407  4.39823  3.76991  -0.0452931  0.367637
-2.82743  4.39823  3.76991  -0.0529674  0.359224
-2.19911  4.39823  3.76991  -0.0568598  0.340263
-1.5708  4.39823  3.76991  -0.0604674  0.303595
-0.942478  4.39823  3.76991  -0.0633517  0.238148
-0.314159  4.39823  3.76991  -0.0649901  0.127862
0.314159  4.39823  3.76991  -0.0649903  -0.127885
0.942478  4.39823  3.76991  -0.0633522  -0.23817
1.5708  4.39823  3.76991  -0.060468  -0.303616
2.19911  4.39823  3.76991  -0.0568606  -0.340282
2.82743  4.39823  3.76991  -0.0529685  -0.359242
4.08407  4.39823  3.76991  -0.0452938  -0.367655
7.22566  4.39823  3.76991  -0.0300397  -0.328476
14.7655  4.39823  3.76991  -0.0126505  -0.222204
-16.6504  4.39823  4.39823  -0.00581842  0.203368
-7.22566  4.39823  4.39823  -0.016619  0.328328
-5.34071  4.39823  4.39823  -0.0213416  0.356682
-4.08407  4.39823  4.39823  -0.0252897  0.367519
-2.82743  4.39823  4.39823  -0.0299058  0.359545
-2.19911  4.39823  4.39823  -0.0324033  0.341318
-1.5708  4.39823  4.39823  -0.0348869  0.306407
-0.942478  4.39823  4.39823  -0.0370424  0.244918
-0.314159  4.39823  4.39823  -0.0383635  0.135099
0.314159  4.39823  4.39823  -0.0383639  -0.13512
0.942478  4.39823  4.39823  -0.0370429  -0.244937
1.5708  4.39823  4.39823  -0.0348874  -0.306425
2.19911  4.39823  4.39823  -0.032404  -0.341335
2.82743  4.39823  4.39823  -0.0299067  -0.359562
4.08407  4.39823  4.39823  -0.0252901  -0.367535
7.22566  4.39823  4.39823  -0.0166209  -0.328347
14.7655  4.39823  4.39823  -0.00698154  -0.222194
-16.6504  4.39823  5.02655  2.60955e-06  0.203348
-7.22566  4.39823  5.02655  4.22442e-06  0.328158
-5.34071  4.39823  5.02655  8.96569e-07  0.356515
-4.08407  4.39823  5.02655  2.65376e-06  0.367522
-2.82743  4.39823  5.02655  3.77435e-06  0.360148
-2.19911  4.39823  5.02655  3.90042e-06  0.342519
-1.5708  4.39823  5.02655  4.10691e-06  0.308466
-0.942478  4.39823  5.02655  4.40051e-06  0.24856
-0.314159  4.39823  5.02655  4.99719e-06  0.151895
0.314159  4.39823  5.02655  4.71324e-06  -0.151914
0.942478  4.39823  5.02655  4.04143e-06  -0.248577
1.5708  4.39823  5.02655  3.69383e-06  -0.308482
2.19911  4.39823  5.02655  3.411e-06  -0.342534
2.82743  4.39823  5.02655  3.16308e-06  -0.360162
4.08407  4.39823  5.02655  2.66086e-06  -0.367536
7.22566  4.39823  5.02655  2.68761e-06  -0.328174
14.7655  4.39823  5.02655  2.02661e-06  -0.222159
-16.6504  4.39823  5.65487  0.004675  0.203319
-7.22566  4.39823  5.65487  0.013401  0.328018
-5.34071  4.39823  5.65487  0.0173066  0.356442
-4.08407  4.39823  5.65487  0.0206797  0.36772
-2.82743  4.39823  5.65487  0.0247979  0.361169
-2.19911  4.39823  5.65487  0.0271355  0.34433
-1.5708  4.39823  5.65487  0.0295766  0.311301
-0.942478  4.39823  5.65487  0.0318588  0.251581
-0.314159  4.39823  5.65487  0.0333755  0.140459
0.314159  4.39823  5.65487  0.0333751  -0.140476
0.942478  4.39823  5.65487  0.0318584  -0.251597
1.5708  4.39823  5.65487  0.0295763  -0.311315
2.19911  4.39823  5.65487  0.0271352  -0.344344
2.82743  4.39823  5.65487  0.0247975  -0.361181
4.08407  4.39823  5.65487  0.02068  -0.367731
7.22566  4.39823  5.65487  0.0133998  -0.328033
14.7655  4.39823  5.65487  0.00560749  -0.222115
-16.6504  4.39823  6.28319  0.00644815  0.203304
-7.22566  4.39823  6.28319  0.0184957  0.327961
-5.34071  4.39823  6.28319  0.0239076  0.356422
-4.08407  4.39823  6.28319  0.0285914  0.367827
-2.82743  4.39823  6.28319  0.0343079  0.361633
-2.19911  4.39823  6.28319  0.0375351  0.345053
-1.5708  4.39823  6.28319  0.0408737  0.312002
-0.942478  4.39823  6.28319  0.0439585  0.250772
-0.314159  4.39823  6.28319  0.045944  0.139907
0.314159  4.39823  6.28319  0.0459437  -0.139924
0.942478  4.39823  6.28319  0.0439582  -0.250787
1.5708  4.39823  6.28319  0.0408734  -0.312016
2.19911  4.39823  6.28319  0.0375348  -0.345065
2.82743  4.39823  6.28319  0.0343075  -0.361645
4.08407  4.39823  6.28319  0.0285918  -0.367838
7.22566  4.39823  6.28319  0.0184945  -0.327975
14.7655  4.39823  6.28319  0.00773466  -0.222094
-16.6504  5.02655  0  0.0123504  0.203379
-7.22566  5.02655  0  0.0351333  0.328502
-5.34071  5.02655  0  0.044868  0.356927
-4.08407  5.02655  0  0.0527569  0.367702
-2.82743  5.02655  0  0.0613924  0.359137
-2.19911  5.02655  0  0.0656393  0.339925
-1.5708  5.02655  0  0.0694504  0.302772
-0.942478  5.02655  0  0.0723766  0.236384
-0.314159  5.02655  0  0.0739671  0.117717
0.314159  5.02655  0  0.073967  -0.11773
0.942478  5.02655  0  0.0723765  -0.236396
1.5708  5.02655  0  0.0694503  -0.302783
2.19911  5.02655  0  0.0656393  -0.339936
2.82743  5.02655  0  0.0613924  -0.359147
4.08407  5.02655  0  0.0527578  -0.367711
7.22566  5.02655  0  0.0351324  -0.328513
14.7655  5.02655  0  0.0148144  -0.2222
-16.6504  5.02655  0.628319  0.0105495  0.20338
-7.22566  5.02655  0.628319  0.030046  0.328458
-5.34071  5.02655  0.628319  0.0384317  0.356858
-4.08407  5.02655  0.628319  0.0452984  0.367641
-2.82743  5.02655  0.628319  0.052975  0.359227
-2.19911  5.02655  0.628319  0.0568676  0.340267
-1.5708  5.02655  0.628319  0.0604756  0.303599
-0.942478  5.02655  0.628319  0.0633605  0.238153
-0.314159  5.02655  0.628319  0.0649996  0.127866
0.314159  5.02655  0.628319  0.0649995  -0.127881
0.942478  5.02655  0.628319  0.0633603  -0.238165
1.5708  5.02655  0.628319  0.0604755  -0.303611
2.19911  5.02655  0.628319  0.0568675  -0.340278
2.82743  5.02655  0.628319  0.0529749  -0.359238
4.08407  5.02655  0.628319  0.0452991  -0.367651
7.22566  5.02655  0.628319  0.030045  -0.328471
14.7655  5.02655  0.628319  0.0126545  -0.222202
-16.6504  5.02655  1.25664  0.00582363  0.203374
-7.22566  5.02655  1.25664  0.0166275  0.32833
-5.34071  5.02655  1.25664  0.0213434  0.356684
-4.08407  5.02655  1.25664  0.0252951  0.367521
-2.82743  5.02655  1.25664  0.0299134  0.359548
-2.19911  5.02655  1.25664  0.0324111  0.34132
-1.5708  5.02655  1.25664  0.0348951  0.306409
-0.942478  5.02655  1.25664  0.0370513  0.24492
-0.314159  5.02655  1.25664  0.0383734  0.135101
0.314159  5.02655  1.25664  0.038373  -0.135118
0.942478  5.02655  1.25664  0.0370511  -0.244935
1.5708  5.02655  1.25664  0.0348949  -0.306423
2.19911  5.02655  1.25664  0.0324109  -0.341333
2.82743  5.02655  1.25664  0.0299131  -0.35956
4.08407  5.02655  1.25664  0.0252955  -0.367532
7.22566  5.02655  1.25664  0.0166262  -0.328344
14.7655  5.02655  1.25664  0.00698559  -0.222192
-16.6504  5.02655  1.88496  2.60955e-06  0.203348
-7.22566  5.02655  1.88496  4.22442e-06  0.328158
-5.34071  5.02655  1.88496  8.96569e-07  0.356515
-4.08407  5.02655  1.88496  2.65376e-06  0.367522
-2.82743  5.02655  1.88496  3.77435e-06  0.360148
-2.19911  5.02655  1.88496  3.90042e-06  0.342519
-1.5708  5.02655  1.88496  4.10691e-06  0.308466
-0.942478  5.02655  1.88496  4.40051e-06  0.24856
-0.314159  5.02655  1.88496  4.99719e-06  0.151895
0.314159  5.02655  1.88496  4.71324e-06  -0.151914
0.942478  5.02655  1.88496  4.04143e-06  -0.248577
1.5708  5.02655  1.88496  3.69383e-06  -0.308482
2.19911  5.02655  1.88496  3.411e-06  -0.342534
2.82743  5.02655  1.88496  3.16308e-06  -0.360162
4.08407  5.02655  1.88496  2.66086e-06  -0.367536
7.22566  5.02655  1.88496  2.68761e-06  -0.328174
14.7655  5.02655  1.88496  2.02661e-06  -0.222159
-16.6504  5.02655  2.51327  -0.00466978  0.203314
-7.22566  5.02655  2.51327  -0.0133926  0.328017
-5.34071  5.02655  2.51327  -0.0173048  0.356441
-4.08407  5.02655  2.51327  -0.0206744  0.367718
-2.82743  5.02655  2.51327  -0.0247903  0.361167
-2.19911  5.02655  2.51327  -0.0271277  0.344329
-1.5708  5.02655  2.51327  -0.0295682  0.311299
-0.942478  5.02655  2.51327  -0.0318498  0.251579
-0.314159  5.02655  2.51327  -0.0333655  0.140457
0.314159  5.02655  2.51327  -0.0333659  -0.140478
0.942478  5.02655  2.51327  -0.0318503  -0.251599
1.5708  5.02655  2.51327  -0.0295689  -0.311317
2.19911  5.02655  2.51327  -0.0271284  -0.344346
2.82743  5.02655  2.51327  -0.0247912  -0.361183
4.08407  5.02655  2.51327  -0.0206747  -0.367733
7.22566  5.02655  2.51327  -0.0133944  -0.328035
14.7655  5.02655  2.51327  -0.00560345  -0.222116
-16.6504  5.02655  3.14159  -0.00644294  0.203297
-7.22566  5.02655  3.14159  -0.0184873  0.32796
-5.34071  5.02655  3.14159  -0.0239059  0.35642
-4.08407  5.02655  3.14159  -0.028586  0.367824
-2.82743  5.02655  3.14159  -0.0343003  0.361631
-2.19911  5.02655  3.14159  -0.0375272  0.34505
-1.5708  5.02655  3.14159  -0.0408653  0.312
-0.942478  5.02655  3.14159  -0.0439495  0.250769
-0.314159  5.02655  3.14159  -0.0459341  0.139905
0.314159  5.02655  3.14159  -0.0459345  -0.139927
0.942478  5.02655  3.14159  -0.0439501  -0.250789
1.5708  5.02655  3.14159  -0.040866  -0.312018
2.19911  5.02655  3.14159  -0.0375281  -0.345068
2.82743  5.02655  3.14159  -0.0343012  -0.361648
4.08407  5.02655  3.14159  -0.0285865  -0.36784
7.22566  5.02655  3.14159  -0.0184891  -0.327979
14.7655  5.02655  3.14159  -0.00773062  -0.222096
-16.6504  5.02655  3.76991  -0.00466978  0.203314
-7.22566  5.02655  3.76991  -0.0133926  0.328017
-5.34071  5.02655  3.76991  -0.0173048  0.356441
-4.08407  5.02655  3.76991  -0.0206744  0.367718
-2.82743  5.02655  3.76991  -0.0247903  0.361167
-2.19911  5.02655  3.76991  -0.0271277  0.344329
-1.5708  5.02655  3.76991  -0.0295682  0.311299
-0.942478  5.02655  3.76991  -0.0318498  0.251579
-0.314159  5.02655  3.76991  -0.0333655  0.140457
0.314159  5.02655  3.76991  -0.0333659  -0.140478
0.942478  5.02655  3.76991  -0.0318503  -0.251599
1.5708  5.02655  3.76991  -0.0295689  -0.311317
2.19911  5.02655  3.76991  -0.0271284  -0.344346
2.82743  5.02655  3.76991  -0.0247912  -0.361183
4.08407  5.02655  3.76991  -0.0206747  -0.367733
7.22566  5.02655  3.76991  -0.0133944  -0.328035
14.7655  5.02655  3.76991  -0.00560345  -0.222116
-16.6504  5.02655  4.39823  2.60955e-06  0.203348
-7.22566  5.02655  4.39823  4.22442e-06  0.328158
-5.34071  5.02655  4.39823  8.96569e-07  0.356515
-4.08407  5.02655  4.39823  2.65376e-06  0.367522
-2.82743  5.02655  4.39823  3.77435e-06  0.360148
-2.19911  5.02655  4.39823  3.90042e-06  0.342519
-1.5708  5.02655  4.39823  4.10691e-06  0.308466
-0.942478  5.02655  4.39823  4.40051e-06  0.24856
-0.314159  5.02655  4.39823  4.99719e-06  0.151895
0.314159  5.02655  4.39823  4.71324e-06  -0.151914
0.942478  5.02655  4.39823  4.04143e-06  -0.248577
1.5708  5.02655  4.39823  3.69383e-06  -0.308482
2.19911  5.02655  4.39823  3.411e-06  -0.342534
2.82743  5.02655  4.39823  3.16308e-06  -0.360162
4.08407  5.02655  4.39823  2.66086e-06  -0.367536
7.22566  5.02655  4.39823  2.68761e-06  -0.328174
14.7655  5.02655  4.39823  2.02661e-06  -0.222159
-16.6504  5.02655  5.02655  0.00582363  0.203374
-7.22566  5.02655  5.02655  0.0166275  0.32833
-5.34071  5.02655  5.02655  0.0213434  0.356684
-4.08407  5.02655  5.02655  0.0252951  0.367521
-2.82743  5.02655  5.02655  0.0299134  0.359548
-2.19911  5.02655  5.02655  0.0324111  0.34132
-1.5708  5.02655  5.02655  0.0348951  0.306409
-0.942478  5.02655  5.02655  0.0370513  0.24492
-0.314159  5.02655  5.02655  0.0383734  0.135101
0.314159  5.02655  5.02655  0.038373  -0.135118
0.942478  5.02655  5.02655  0.0370511  -0.244935
1.5708  5.02655  5.02655  0.0348949  -0.306423
2.19911  5.02655  5.02655  0.0324109  -0.341333
2.82743  5.02655  5.02655  0.0299131  -0.35956
4.08407  5.02655  5.02655  0.0252955  -0.367532
7.22566  5.02655  5.02655  0.0166262  -0.328344
14.7655  5.02655  5.02655  0.00698559  -0.222192
-16.6504  5.02655  5.65487  0.0105495  0.20338
-7.22566  5.02655  5.65487  0.030046  0.328458
-5.34071  5.02655  5.65487  0.0384317  0.356858
-4.08407  5.02655  5.65487  0.0452984  0.367641
-2.82743  5.02655  5.65487  0.052975  0.359227
-2.19911  5.02655  5.65487  0.0568676  0.340267
-1.5708  5.02655  5.65487  0.0604756  0.303599
-0.942478  5.02655  5.65487  0.0633605  0.238153
-0.314159  5.02655  5.65487  0.0649996  0.127866
0.314159  5.02655  5.65487  0.0649995  -0.127881
0.942478  5.02655  5.65487  0.0633603  -0.238165
1.5708  5.02655  5.65487  0.0604755  -0.303611
2.19911  5.02655  5.65487  0.0568675  -0.340278
2.82743  5.02655  5.65487  0.0529749  -0.359238
4.08407  5.02655  5.65487  0.0452991  -0.367651
7.22566  5.02655  5.65487  0.030045  -0.328471
14.7655  5.02655  5.65487  0.0126545  -0.222202
-16.6504  5.02655  6.28319  0.0123504  0.203379
-7.22566  5.02655  6.28319  0.0351333  0.328502
-5.34071  5.02655  6.28319  0.044868  0.356927
-4.08407  5.02655  6.28319  0.0527569  0.367702
-2.82743  5.02655  6.28319  0.0613924  0.359137
-2.19911  5.02655  6.28319  0.0656393  0.339925
-1.5708  5.02655  6.28319  0.0694504  0.302772
-0.942478  5.02655  6.28319  0.0723766  0.236384
-0.314159  5.02655  6.28319  0.0739671  0.117717
0.314159  5.02655  6.28319  0.073967  -0.11773
0.942478  5.02655  6.28319  0.0723765  -0.236396
1.5708  5.02655  6.28319  0.0694503  -0.302783
2.19911  5.02655  6.28319  0.0656393  -0.339936
2.82743  5.02655  6.28319  0.0613924  -0.359147
4.08407  5.02655  6.28319  0.0527578  -0.367711
7.22566  5.02655  6.28319  0.0351324  -0.328513
14.7655  5.02655  6.28319  0.0148144  -0.2222
-16.6504  5.65487  0  0.017239  0.203424
-7.22566  5.65487  0  0.0487296  0.328897
-5.34071  5.65487  0  0.0616494  0.357246
-4.08407  5.65487  0  0.0715709  0.36742
-2.82743  5.65487  0  0.0815051  0.356803
-2.19911  5.65487  0  0.0858768  0.33547
-1.5708  5.65487  0  0.0894164  0.29518
-0.942478  5.65487  0  0.0918434  0.225419
-0.314159  5.65487  0  0.0930423  0.115207
0.314159  5.65487  0  0.0930424  -0.115218
0.942478  5.65487  0  0.0918435  -0.225429
1.5708  5.65487  0  0.0894165  -0.295189
2.19911  5.65487  0  0.085877  -0.335478
2.82743  5.65487  0  0.0815053  -0.356811
4.08407  5.65487  0  0.0715721  -0.367427
7.22566  5.65487  0  0.0487288  -0.328907
14.7655  5.65487  0  0.0206782  -0.222268
-16.6504  5.65487  0.628319  0.0153806  0.203415
-7.22566  5.65487  0.628319  0.0435711  0.328786
-5.34071  5.65487  0.628319  0.0552935  0.357155
-4.08407  5.65487  0.628319  0.0644626  0.367509
-2.82743  5.65487  0.628319  0.0739384  0.357539
-2.19911  5.65487  0.628319  0.0782786  0.336932
-1.5708  5.65487  0.628319  0.0819174  0.297871
-0.942478  5.65487  0.628319  0.0844965  0.229745
-0.314159  5.65487  0.628319  0.0857967  0.112747
0.314159  5.65487  0.628319  0.0857965  -0.112759
0.942478  5.65487  0.628319  0.0844965  -0.229756
1.5708  5.65487  0.628319  0.0819175  -0.297881
2.19911  5.65487  0.628319  0.0782787  -0.336941
2.82743  5.65487  0.628319  0.0739386  -0.357548
4.08407  5.65487  0.628319  0.0644637  -0.367516
7.22566  5.65487  0.628319  0.0435702  -0.328796
14.7655  5.65487  0.628319  0.0184494  -0.222254
-16.6504  5.65487  1.25664  0.0105495  0.20338
-7.22566  5.65487  1.25664  0.030046  0.328458
-5.34071  5.65487  1.25664  0.0384317  0.356858
-4.08407  5.65487  1.25664  0.0452984  0.367641
-2.82743  5.65487  1.25664  0.052975  0.359227
-2.19911  5.65487  1.25664  0.0568676  0.340267
-1.5708  5.65487  1.25664  0.0604756  0.303599
-0.942478  5.65487  1.25664  0.0633605  0.238153
-0.314159  5.65487  1.25664  0.0649996  0.127866
0.314159  5.65487  1.25664  0.0649995  -0.127881
0.942478  5.65487  1.25664  0.0633603  -0.238165
1.5708  5.65487  1.25664  0.0604755  -0.303611
2.19911  5.65487  1.25664  0.0568675  -0.340278
2.82743  5.65487  1.25664  0.0529749  -0.359238
4.08407  5.65487  1.25664  0.0452991  -0.367651
7.22566  5.65487  1.25664  0.030045  -0.328471
14.7655  5.65487  1.25664  0.0126545  -0.222202
-16.6504  5.65487  1.88496  0.004675  0.203319
-7.22566  5.65487  1.88496  0.013401  0.328018
-5.34071  5.65487  1.88496  0.0173066  0.356442
-4.08407  5.65487  1.88496  0.0206797  0.36772
-2.82743  5.65487  1.88496  0.0247979  0.361169
-2.19911  5.65487  1.88496  0.0271355  0.34433
-1.5708  5.65487  1.88496  0.0295766  0.311301
-0.942478  5.65487  1.88496  0.0318588  0.251581
-0.314159  5.65487  1.88496  0.0333755  0.140459
0.314159  5.65487  1.88496  0.0333751  -0.140476
0.942478  5.65487  1.88496  0.0318584  -0.251597
1.5708  5.65487  1.88496  0.0295763  -0.311315
2.19911  5.65487  1.88496  0.0271352  -0.344344
2.82743  5.65487  1.88496  0.0247975  -0.361181
4.08407  5.65487  1.88496  0.02068  -0.367731
7.22566  5.65487  1.88496  0.0133998  -0.328033
14.7655  5.65487  1.88496  0.00560749  -0.222115
-16.6504  5.65487  2.51327  2.61256e-06  0.203256
-7.22566  5.65487  2.51327  4.1614e-06  0.327639
-5.34071  5.65487  2.51327  8.36716e-07  0.356071
-4.08407  5.65487  2.51327  2.64854e-06  0.36772
-2.82743  5.65487  2.51327  3.7774e-06  0.362606
-2.19911  5.65487  2.51327  3.92013e-06  0.347388
-1.5708  5.65487  2.51327  4.16504e-06  0.316979
-0.942478  5.65487  2.51327  4.52229e-06  0.261211
-0.314159  5.65487  2.51327  5.17116e-06  0.163443
0.314159  5.65487  2.51327  4.75572e-06  -0.163463
0.942478  5.65487  2.51327  4.03545e-06  -0.261228
1.5708  5.65487  2.51327  3.65693e-06  -0.316994
2.19911  5.65487  2.51327  3.35839e-06  -0.347403
2.82743  5.65487  2.51327  3.08344e-06  -0.36262
4.08407  5.65487  2.51327  2.64169e-06  -0.367733
7.22566  5.65487  2.51327  2.68671e-06  -0.327655
14.7655  5.65487  2.51327  2.02135e-06  -0.22203
-16.6504  5.65487  3.14159  -0.00176193  0.203229
-7.22566  5.65487  3.14159  -0.00509142  0.327486
-5.34071  5.65487  3.14159  -0.00665266  0.355917
-4.08407  5.65487  3.14159  -0.00806779  0.367701
-2.82743  5.65487  3.14159  -0.00994635  0.36315
-2.19911  5.65487  3.14159  -0.0111198  0.348652
-1.5708  5.65487  3.14159  -0.0124695  0.319691
-0.942478  5.65487  3.14159  -0.0139747  0.266708
-0.314159  5.65487  3.14159  -0.0150313  0.163969
0.314159  5.65487  3.14159  -0.015032  -0.16399
0.942478  5.65487  3.14159  -0.0139753  -0.266726
1.5708  5.65487  3.14159  -0.0124701  -0.319707
2.19911  5.65487  3.14159  -0.0111205  -0.348667
2.82743  5.65487  3.14159  -0.00994716  -0.363165
4.08407  5.65487  3.14159  -0.00806792  -0.367715
7.22566  5.65487  3.14159  -0.00509298  -0.327503
14.7655  5.65487  3.14159  -0.00211497  -0.221994
-16.6504  5.65487  3.76991  2.61256e-06  0.203256
-7.22566  5.65487  3.76991  4.1614e-06  0.327639
-5.34071  5.65487  3.76991  8.36716e-07  0.356071
-4.08407  5.65487  3.76991  2.64854e-06  0.36772
-2.82743  5.65487  3.76991  3.7774e-06  0.362606
-2.19911  5.65487  3.76991  3.92013e-06  0.347388
-1.5708  5.65487  3.76991  4.16504e-06  0.316979
-0.942478  5.65487  3.76991  4.52229e-06  0.261211
-0.314159  5.65487  3.76991  5.17116e-06  0.163443
0.314159  5.65487  3.76991  4.75572e-06  -0.163463
0.942478  5.65487  3.76991  4.03545e-06  -0.261228
1.5708  5.65487  3.76991  3.65693e-06  -0.316994
2.19911  5.65487  3.76991  3.35839e-06  -0.347403
2.82743  5.65487  3.76991  3.08344e-06  -0.36262
4.08407  5.65487  3.76991  2.64169e-06  -0.367733
7.22566  5.65487  3.76991  2.68671e-06  -0.327655
14.7655  5.65487  3.76991  2.02135e-06  -0.22203
-16.6504  5.65487  4.39823  0.004675  0.203319
-7.22566  5.65487  4.39823  0.013401  0.328018
-5.34071  5.65487  4.39823  0.0173066  0.356442
-4.08407  5.65487  4.39823  0.0206797  0.36772
-2.82743  5.65487  4.39823  0.0247979  0.361169
-2.19911  5.65487  4.39823  0.0271355  0.34433
-1.5708  5.65487  4.39823  0.0295766  0.311301
-0.942478  5.65487  4.39823  0.0318588  0.251581
-0.314159  5.65487  4.39823  0.0333755  0.140459
0.314159  5.65487  4.39823  0.0333751  -0.140476
0.942478  5.65487  4.39823  0.0318584  -0.251597
1.5708  5.65487  4.39823  0.0295763  -0.311315
2.19911  5.65487  4.39823  0.0271352  -0.344344
2.82743  5.65487  4.39823  0.0247975  -0.361181
4.08407  5.65487  4.39823  0.02068  -0.367731
7.22566  5.65487  4.39823  0.0133998  -0.328033
14.7655  5.65487  4.39823  0.00560749  -0.222115
-16.6504  5.65487  5.02655  0.0105495  0.20338
-7.22566  5.65487  5.02655  0.030046  0.328458
-5.34071  5.65487  5.02655  0.0384317  0.356858
-4.08407  5.65487  5.02655  0.0452984  0.367641
-2.82743  5.65487  5.02655  0.052975  0.359227
-2.19911  5.65487  5.02655  0.0568676  0.340267
-1.5708  5.65487  5.02655  0.0604756  0.303599
-0.942478  5.65487  5.02655  0.0633605  0.238153
-0.314159  5.65487  5.02655  0.0649996  0.127866
0.314159  5.65487  5.02655  0.0649995  -0.127881
0.942478  5.65487  5.02655  0.0633603  -0.238165
1.5708  5.65487  5.02655  0.0604755  -0.303611
2.19911  5.65487  5.02655  0.0568675  -0.340278
2.82743  5.65487  5.02655  0.0529749  -0.359238
4.08407  5.65487  5.02655  0.0452991  -0.367651
7.22566  5.65487  5.02655  0.030045  -0.328471
14.7655  5.65487  5.02655  0.0126545  -0.222202
-16.6504  5.65487  5.65487  0.0153806  0.203415
-7.22566  5.65487  5.65487  0.0435711  0.328786
-5.34071  5.65487  5.65487  0.0552935  0.357155
-4.08407  5.65487  5.65487  0.0644626  0.367509
-2.82743  5.65487  5.65487  0.0739384  0.357539
-2.19911  5.65487  5.65487  0.0782786  0.336932
-1.5708  5.65487  5.65487  0.0819174  0.297871
-0.942478  5.65487  5.65487  0.0844965  0.229745
-0.314159  5.65487  5.65487  0.0857967  0.112747
0.314159  5.65487  5.65487  0.0857965  -0.112759
0.942478  5.65487  5.65487  0.0844965  -0.229756
1.5708  5.65487  5.65487  0.0819175  -0.297881
2.19911  5.65487  5.65487  0.0782787  -0.336941
2.82743  5.65487  5.65487  0.0739386  -0.357548
4.08407  5.65487  5.65487  0.0644637  -0.367516
7.22566  5.65487  5.65487  0.0435702  -0.328796
14.7655  5.65487  5.65487  0.0184494  -0.222254
-16.6504  5.65487  6.28319  0.017239  0.203424
-7.22566  5.65487  6.28319  0.0487296  0.328897
-5.34071  5.65487  6.28319  0.0616494  0.357246
-4.08407  5.65487  6.28319  0.0715709  0.36742
-2.82743  5.65487  6.28319  0.0815051  0.356803
-2.19911  5.65487  6.28319  0.0858768  0.33547
-1.5708  5.65487  6.28319  0.0894164  0.29518
-0.942478  5.65487  6.28319  0.0918434  0.225419
-0.314159  5.65487  6.28319  0.0930423  0.115207
0.314159  5.65487  6.28319  0.0930424  -0.115218
0.942478  5.65487  6.28319  0.0918435  -0.225429
1.5708  5.65487  6.28319  0.0894165  -0.295189
2.19911  5.65487  6.28319  0.085877  -0.335478
2.82743  5.65487  6.28319  0.0815053  -0.356811
4.08407  5.65487  6.28319  0.0715721  -0.367427
7.22566  5.65487  6.28319  0.0487288  -0.328907
14.7655  5.65487  6.28319  0.0206782  -0.222268
-16.6504  6.28319  0  0.0191404  0.203436
-7.22566  6.28319  0  0.0539859  0.329032
-5.34071  6.28319  0  0.0680687  0.357341
-4.08407  6.28319  0  0.0786684  0.367269
-2.82743  6.28319  0  0.0889437  0.355887
-2.19911  6.28319  0  0.0932967  0.333874
-1.5708  6.28319  0  0.0967159  0.292887
-0.942478  6.28319  0  0.0990018  0.223029
-0.314159  6.28319  0  0.100119  0.107893
0.314159  6.28319  0  0.100119  -0.107903
0.942478  6.28319  0  0.0990018  -0.223039
1.5708  6.28319  0  0.096716  -0.292895
2.19911  6.28319  0  0.093297  -0.333882
2.82743  6.28319  0  0.088944  -0.355894
4.08407  6.28319  0  0.0786698  -0.367275
7.22566  6.28319  0  0.0539851  -0.329041
14.7655  6.28319  0  0.0229593  -0.222288
-16.6504  6.28319  0.628319  0.017239  0.203424
-7.22566  6.28319  0.628319  0.0487296  0.328897
-5.34071  6.28319  0.628319  0.0616494  0.357246
-4.08407  6.28319  0.628319  0.0715709  0.36742
-2.82743  6.28319  0.628319  0.0815051  0.356803
-2.19911  6.28319  0.628319  0.0858768  0.33547
-1.5708  6.28319  0.628319  0.0894164  0.29518
-0.942478  6.28319  0.628319  0.0918434  0.225419
-0.314159  6.28319  0.628319  0.0930423  0.115207
0.314159  6.28319  0.628319  0.0930424  -0.115218
0.942478  6.28319  0.628319  0.0918435  -0.225429
1.5708  6.28319  0.628319  0.0894165  -0.295189
2.19911  6.28319  0.628319  0.085877  -0.335478
2.82743  6.28319  0.628319  0.0815053  -0.356811
4.08407  6.28319  0.628319  0.0715721  -0.367427
7.22566  6.28319  0.628319  0.0487288  -0.328907
14.7655  6.28319  0.628319  0.0206782  -0.222268
-16.6504  6.28319  1.25664  0.0123504  0.203379
-7.22566  6.28319  1.25664  0.0351333  0.328502
-5.34071  6.28319  1.25664  0.044868  0.356927
-4.08407  6.28319  1.25664  0.0527569  0.367702
-2.82743  6.28319  1.25664  0.0613924  0.359137
-2.19911  6.28319  1.25664  0.0656393  0.339925
-1.5708  6.28319  1.25664  0.0694504  0.302772
-0.942478  6.28319  1.25664  0.0723766  0.236384
-0.314159  6.28319  1.25664  0.0739671  0.117717
0.314159  6.28319  1.25664  0.073967  -0.11773
0.942478  6.28319  1.25664  0.0723765  -0.236396
1.5708  6.28319  1.25664  0.0694503  -0.302783
2.19911  6.28319  1.25664  0.0656393  -0.339936
2.82743  6.28319  1.25664  0.0613924  -0.359147
4.08407  6.28319  1.25664  0.0527578  -0.367711
7.22566  6.28319  1.25664  0.0351324  -0.328513
14.7655  6.28319  1.25664  0.0148144  -0.2222
-16.6504  6.28319  1.88496  0.00644815  0.203304
-7.22566  6.28319  1.88496  0.0184957  0.327961
-5.34071  6.28319  1.88496  0.0239076  0.356422
-4.08407  6.28319  1.88496  0.0285914  0.367827
-2.82743  6.28319  1.88496  0.0343079  0.361633
-2.19911  6.28319  1.88496  0.0375351  0.345053
-1.5708  6.28319  1.88496  0.0408737  0.312002
-0.942478  6.28319  1.88496  0.0439585  0.250772
-0.314159  6.28319  1.88496  0.045944  0.139907
0.314159  6.28319  1.88496  0.0459437  -0.139924
0.942478  6.28319  1.88496  0.0439582  -0.250787
1.5708  6.28319  1.88496  0.0408734  -0.312016
2.19911  6.28319  1.88496  0.0375348  -0.345065
2.82743  6.28319  1.88496  0.0343075  -0.361645
4.08407  6.28319  1.88496  0.0285918  -0.367838
7.22566  6.28319  1.88496  0.0184945  -0.327975
14.7655  6.28319  1.88496  0.00773466  -0.222094
-16.6504  6.28319  2.51327  0.00176715  0.203231
-7.22566  6.28319  2.51327  0.00509971  0.327487
-5.34071  6.28319  2.51327  0.00665431  0.355917
-4.08407  6.28319  2.51327  0.00807307  0.367702
-2.82743  6.28319  2.51327  0.0099539  0.363151
-2.19911  6.28319  2.51327  0.0111276  0.348652
-1.5708  6.28319  2.51327  0.0124779  0.319691
-0.942478  6.28319  2.51327  0.0139839  0.266709
-0.314159  6.28319  2.51327  0.0150419  0.16397
0.314159  6.28319  2.51327  0.0150413  -0.163989
0.942478  6.28319  2.51327  0.0139834  -0.266725
1.5708  6.28319  2.51327  0.0124774  -0.319706
2.19911  6.28319  2.51327  0.0111271  -0.348666
2.82743  6.28319  2.51327  0.00995327  -0.363164
4.08407  6.28319  2.51327  0.0080732  -0.367714
7.22566  6.28319  2.51327  0.00509835  -0.327503
14.7655  6.28319  2.51327  0.002119  -0.221993
-16.6504  6.28319  3.14159  2.61306e-06  0.2032
-7.22566  6.28319  3.14159  4.12606e-06  0.327296
-5.34071  6.28319  3.14159  7.96886e-07  0.355699
-4.08407  6.28319  3.14159  2.62914e-06  0.367589
-2.82743  6.28319  3.14159  3.74814e-06  0.363543
-2.19911  6.28319  3.14159  3.88507e-06  0.349678
-1.5708  6.28319  3.14159  4.13071e-06  0.321897
-0.942478  6.28319  3.14159  4.51631e-06  0.271538
-0.314159  6.28319  3.14159  5.35553e-06  0.186491
0.314159  6.28319  3.14159  4.91245e-06  -0.186512
0.942478  6.28319  3.14159  4.01734e-06  -0.271555
1.5708  6.28319  3.14159  3.61972e-06  -0.321912
2.19911  6.28319  3.14159  3.31782e-06  -0.349693
2.82743  6.28319  3.14159  3.03342e-06  -0.363557
4.08407  6.28319  3.14159  2.63888e-06  -0.367603
7.22566  6.28319  3.14159  2.68832e-06  -0.327313
14.7655  6.28319  3.14159  2.0146e-06  -0.221951
-16.6504  6.28319  3.76991  0.00176715  0.203231
-7.22566  6.28319  3.76991  0.00509971  0.327487
-5.34071  6.28319  3.76991  0.00665431  0.355917
-4.08407  6.28319  3.76991  0.00807307  0.367702
-2.82743  6.28319  3.76991  0.0099539  0.363151
-2.19911  6.28319  3.76991  0.0111276  0.348652
-1.5708  6.28319  3.76991  0.0124779  0.319691
-0.942478  6.28319  3.76991  0.0139839  0.266709
-0.314159  6.28319  3.76991  0.0150419  0.16397
0.314159  6.28319  3.76991  0.0150413  -0.163989
0.942478  6.28319  3.76991  0.0139834  -0.266725
1.5708  6.28319  3.76991  0.0124774  -0.319706
2.19911  6.28319  3.76991  0.0111271  -0.348666
2.82743  6.28319  3.76991  0.00995327  -0.363164
4.08407  6.28319  3.76991  0.0080732  -0.367714
7.22566  6.28319  3.76991  0.00509835  -0.327503
14.7655  6.28319  3.76991  0.002119  -0.221993
-16.6504  6.28319  4.39823  0.00644815  0.203304
-7.22566  6.28319  4.39823  0.0184957  0.327961
-5.34071  6.28319  4.39823  0.0239076  0.356422
-4.08407  6.28319  4.39823  0.0285914  0.367827
-2.82743  6.28319  4.39823  0.0343079  0.361633
-2.19911  6.28319  4.39823  0.0375351  0.345053
-1.5708  6.28319  4.39823  0.0408737  0.312002
-0.942478  6.28319  4.39823  0.0439585  0.250772
-0.314159  6.28319  4.39823  0.045944  0.139907
0.314159  6.28319  4.39823  0.0459437  -0.139924
0.942478  6.28319  4.39823  0.0439582  -0.250787
1.5708  6.28319  4.39823  0.0408734  -0.312016
2.19911  6.28319  4.39823  0.0375348  -0.345065
2.82743  6.28319  4.39823  0.0343075  -0.361645
4.08407  6.28319  4.39823  0.0285918  -0.367838
7.22566  6.28319  4.39823  0.0184945  -0.327975
14.7655  6.28319  4.39823  0.00773466  -0.222094
-16.6504  6.28319  5.02655  0.0123504  0.203379
-7.22566  6.28319  5.02655  0.0351333  0.328502
-5.34071  6.28319  5.02655  0.044868  0.356927
-4.08407  6.28319  5.02655  0.0527569  0.367702
-2.82743  6.28319  5.02655  0.0613924  0.359137
-2.19911  6.28319  5.02655  0.0656393  0.339925
-1.5708  6.28319  5.02655  0.0694504  0.302772
-0.942478  6.28319  5.02655  0.0723766  0.236384
-0.314159  6.28319  5.02655  0.0739671  0.117717
0.314159  6.28319  5.02655  0.073967  -0.11773
0.942478  6.28319  5.02655  0.0723765  -0.236396
1.5708  6.28319  5.02655  0.0694503  -0.302783
2.19911  6.28319  5.02655  0.0656393  -0.339936
2.82743  6.28319  5.02655  0.0613924  -0.359147
4.08407  6.28319  5.02655  0.0527578  -0.367711
7.22566  6.28319  5.02655  0.0351324  -0.328513
14.7655  6.28319  5.02655  0.0148144  -0.2222
-16.6504  6.28319  5.65487  0.017239  0.203424
-7.22566  6.28319  5.65487  0.0487296  0.328897
-5.34071  6.28319  5.65487  0.0616494  0.357246
-4.08407  6.28319  5.65487  0.0715709  0.36742
-2.82743  6.28319  5.65487  0.0815051  0.356803
-2.19911  6.28319  5.65487  0.0858768  0.33547
-1.5708  6.28319  5.65487  0.0894164  0.29518
-0.942478  6.28319  5.65487  0.0918434  0.225419
-0.314159  6.28319  5.65487  0.0930423  0.115207
0.314159  6.28319  5.65487  0.0930424  -0.115218
0.942478  6.28319  5.65487  0.0918435  -0.225429
1.5708  6.28319  5.65487  0.0894165  -0.295189
2.19911  6.28319  5.65487  0.085877  -0.335478
2.82743  6.28319  5.65487  0.0815053  -0.356811
4.08407  6.28319  5.65487  0.0715721  -0.367427
7.22566  6.28319  5.65487  0.0487288  -0.328907
14.7655  6.28319  5.65487  0.0206782  -0.222268
-16.6504  6.28319  6.28319  0.0191404  0.203436
-7.22566  6.28319  6.28319  0.0539859  0.329032
-5.34071  6.28319  6.28319  0.0680687  0.357341
-4.08407  6.28319  6.28319  0.0786684  0.367269
-2.82743  6.28319  6.28319  0.0889437  0.355887
-2.19911  6.28319  6.28319  0.0932967  0.333874
-1.5708  6.28319  6.28319  0.0967159  0.292887
-0.942478  6.28319  6.28319  0.0990018  0.223029
-0.314159  6.28319  6.28319  0.100119  0.107893
0.314159  6.28319  6.28319  0.100119  -0.107903
0.942478  6.28319  6.28319  0.0990018  -0.223039
1.5708  6.28319  6.28319  0.096716  -0.292895
2.19911  6.28319  6.28319  0.093297  -0.333882
2.82743  6.28319  6.28319  0.088944  -0.355894
4.08407  6.28319  6.28319  0.0786698  -0.367275
7.22566  6.28319  6.28319  0.0539851  -0.329041
14.7655  6.28319  6.28319  0.0229593  -0.222288
