-16.6504  0  0  0.0132739  0.0561982
-7.22566  0  0  0.0543196  0.103995
-5.34071  0  0  0.0820386  0.118888
-4.08407  0  0  0.111429  0.12649
-2.82743  0  0  0.153798  0.12518
-2.19911  0  0  0.180212  0.116844
-1.5708  0  0  0.208632  0.0996146
-0.942478  0  0  0.235337  0.0703121
-0.314159  0  0  0.25345  0.0274288
0.314159  0  0  0.25345  -0.0274294
0.942478  0  0  0.235337  -0.0703126
1.5708  0  0  0.208632  -0.0996149
2.19911  0  0  0.180212  -0.116844
2.82743  0  0  0.153797  -0.12518
4.08407  0  0  0.111429  -0.12649
7.22566  0  0  0.0543195  -0.103995
14.7655  0  0  0.01654  -0.0623321
-16.6504  0  0.628319  0.0121231  0.0567435
-7.22566  0  0.628319  0.0511279  0.108214
-5.34071  0  0.628319  0.0788301  0.1263
-4.08407  0  0.628319  0.109482  0.137421
-2.82743  0  0.628319  0.156163  0.140607
-2.19911  0  0.628319  0.186884  0.134103
-1.5708  0  0.628319  0.221466  0.117114
-0.942478  0  0.628319  0.255558  0.0846424
-0.314159  0  0.628319  0.279541  0.0340499
0.314159  0  0.628319  0.279541  -0.0340507
0.942478  0  0.628319  0.255558  -0.084643
1.5708  0  0.628319  0.221465  -0.117114
2.19911  0  0.628319  0.186884  -0.134103
2.82743  0  0.628319  0.156163  -0.140607
4.08407  0  0.628319  0.109482  -0.137421
7.22566  0  0.628319  0.0511278  -0.108214
14.7655  0  0.628319  0.0151421  -0.0630867
-16.6504  0  1.25664  0.00895914  0.0579486
-7.22566  0  1.25664  0.0405245  0.118521
-5.34071  0  1.25664  0.0658364  0.145778
-4.08407  0  1.25664  0.0971735  0.168635
-2.82743  0  1.25664  0.153178  0.19092
-2.19911  0  1.25664  0.196922  0.195892
-1.5708  0  1.25664  0.254717  0.187253
-0.942478  0  1.25664  0.32346  0.14979
-0.314159  0  1.25664  0.382061  0.064858
0.314159  0  1.25664  0.382061  -0.0648599
0.942478  0  1.25664  0.323459  -0.149791
1.5708  0  1.25664  0.254716  -0.187253
2.19911  0  1.25664  0.196921  -0.195892
2.82743  0  1.25664  0.153178  -0.190919
4.08407  0  1.25664  0.0971732  -0.168634
7.22566  0  1.25664  0.0405244  -0.118521
14.7655  0  1.25664  0.0112495  -0.0647675
-16.6504  0  1.88496  0.0048105  0.0589414
-7.22566  0  1.88496  0.0231425  0.128209
-5.34071  0  1.88496  0.0395917  0.166089
-4.08407  0  1.88496  0.0625086  0.205621
-2.82743  0  1.88496  0.112433  0.266059
-2.19911  0  1.88496  0.162365  0.307256
-1.5708  0  1.88496  0.250978  0.352356
-0.942478  0  1.88496  0.416292  0.371254
-0.314159  0  1.88496  0.670986  0.228045
0.314159  0  1.88496  0.670981  -0.228051
0.942478  0  1.88496  0.416287  -0.371254
1.5708  0  1.88496  0.250976  -0.352355
2.19911  0  1.88496  0.162364  -0.307255
2.82743  0  1.88496  0.112432  -0.266058
4.08407  0  1.88496  0.0625083  -0.20562
7.22566  0  1.88496  0.0231424  -0.128209
14.7655  0  1.88496  0.00606682  -0.0661656
-16.6504  0  2.51327  0.00133783  0.0593041
-7.22566  0  2.51327  0.00658948  0.132066
-5.34071  0  2.51327  0.0115153  0.174784
-4.08407  0  2.51327  0.0187339  0.223056
-2.82743  0  2.51327  0.0360539  0.309218
-2.19911  0  2.51327  0.0559449  0.384358
-1.5708  0  2.51327  0.09958  0.509502
-0.942478  0  2.51327  0.230343  0.756904
-0.314159  0  2.51327  1.01014  1.31629
0.314159  0  2.51327  1.01009  -1.31627
0.942478  0  2.51327  0.230337  -0.756895
1.5708  0  2.51327  0.0995786  -0.509498
2.19911  0  2.51327  0.0559443  -0.384355
2.82743  0  2.51327  0.0360537  -0.309217
4.08407  0  2.51327  0.0187338  -0.223056
7.22566  0  2.51327  0.00658948  -0.132066
14.7655  0  2.51327  0.00168995  -0.0666795
-16.6504  0  3.14159  -9.19945e-09  0.0593344
-7.22566  0  3.14159  -7.23271e-08  0.132398
-5.34071  0  3.14159  -2.45581e-08  0.175549
-4.08407  0  3.14159  -1.32669e-07  0.224635
-2.82743  0  3.14159  -3.68103e-07  0.313384
-2.19911  0  3.14159  -5.98039e-07  0.392343
-1.5708  0  3.14159  -1.15309e-06  0.528348
-0.942478  0  3.14159  -3.06432e-06  0.823713
-0.314159  0  3.14159  -2.13665e-05  1.9974
0.314159  0  3.14159  -1.95971e-05  -1.99732
0.942478  0  3.14159  -2.7257e-06  -0.823701
1.5708  0  3.14159  -1.01043e-06  -0.528343
2.19911  0  3.14159  -5.10715e-07  -0.39234
2.82743  0  3.14159  -2.97907e-07  -0.313382
4.08407  0  3.14159  -1.3316e-07  -0.224635
7.22566  0  3.14159  -4.71243e-08  -0.132398
14.7655  0  3.14159  -8.96878e-09  -0.0667225
-16.6504  0  3.76991  0.00133783  0.0593041
-7.22566  0  3.76991  0.00658948  0.132066
-5.34071  0  3.76991  0.0115153  0.174784
-4.08407  0  3.76991  0.0187339  0.223056
-2.82743  0  3.76991  0.0360539  0.309218
-2.19911  0  3.76991  0.0559449  0.384358
-1.5708  0  3.76991  0.09958  0.509502
-0.942478  0  3.76991  0.230343  0.756904
-0.314159  0  3.76991  1.01014  1.31629
0.314159  0  3.76991  1.01009  -1.31627
0.942478  0  3.76991  0.230337  -0.756895
1.5708  0  3.76991  0.0995786  -0.509498
2.19911  0  3.76991  0.0559443  -0.384355
2.82743  0  3.76991  0.0360537  -0.309217
4.08407  0  3.76991  0.0187338  -0.223056
7.22566  0  3.76991  0.00658948  -0.132066
14.7655  0  3.76991  0.00168995  -0.0666795
-16.6504  0  4.39823  0.0048105  0.0589414
-7.22566  0  4.39823  0.0231425  0.128209
-5.34071  0  4.39823  0.0395917  0.166089
-4.08407  0  4.39823  0.0625086  0.205621
-2.82743  0  4.39823  0.112433  0.266059
-2.19911  0  4.39823  0.162365  0.307256
-1.5708  0  4.39823  0.250978  0.352356
-0.942478  0  4.39823  0.416292  0.371254
-0.314159  0  4.39823  0.670986  0.228045
0.314159  0  4.39823  0.670981  -0.228051
0.942478  0  4.39823  0.416287  -0.371254
1.5708  0  4.39823  0.250976  -0.352355
2.19911  0  4.39823  0.162364  -0.307255
2.82743  0  4.39823  0.112432  -0.266058
4.08407  0  4.39823  0.0625083  -0.20562
7.22566  0  4.39823  0.0231424  -0.128209
14.7655  0  4.39823  0.00606682  -0.0661656
-16.6504  0  5.02655  0.00895914  0.0579486
-7.22566  0  5.02655  0.0405245  0.118521
-5.34071  0  5.02655  0.0658364  0.145778
-4.08407  0  5.02655  0.0971735  0.168635
-2.82743  0  5.02655  0.153178  0.19092
-2.19911  0  5.02655  0.196922  0.195892
-1.5708  0  5.02655  0.254717  0.187253
-0.942478  0  5.02655  0.32346  0.14979
-0.314159  0  5.02655  0.382061  0.064858
0.314159  0  5.02655  0.382061  -0.0648599
0.942478  0  5.02655  0.323459  -0.149791
1.5708  0  5.02655  0.254716  -0.187253
2.19911  0  5.02655  0.196921  -0.195892
2.82743  0  5.02655  0.153178  -0.190919
4.08407  0  5.02655  0.0971732  -0.168634
7.22566  0  5.02655  0.0405244  -0.118521
14.7655  0  5.02655  0.0112495  -0.0647675
-16.6504  0  5.65487  0.0121231  0.0567435
-7.22566  0  5.65487  0.0511279  0.108214
-5.34071  0  5.65487  0.0788301  0.1263
-4.08407  0  5.65487  0.109482  0.137421
-2.82743  0  5.65487  0.156163  0.140607
-2.19911  0  5.65487  0.186884  0.134103
-1.5708  0  5.65487  0.221466  0.117114
-0.942478  0  5.65487  0.255558  0.0846424
-0.314159  0  5.65487  0.279541  0.0340499
0.314159  0  5.65487  0.279541  -0.0340507
0.942478  0  5.65487  0.255558  -0.084643
1.5708  0  5.65487  0.221465  -0.117114
2.19911  0  5.65487  0.186884  -0.134103
2.82743  0  5.65487  0.156163  -0.140607
4.08407  0  5.65487  0.109482  -0.137421
7.22566  0  5.65487  0.0511278  -0.108214
14.7655  0  5.65487  0.0151421  -0.0630867
-16.6504  0  6.28319  0.0132739  0.0561982
-7.22566  0  6.28319  0.0543196  0.103995
-5.34071  0  6.28319  0.0820386  0.118888
-4.08407  0  6.28319  0.111429  0.12649
-2.82743  0  6.28319  0.153798  0.12518
-2.19911  0  6.28319  0.180212  0.116844
-1.5708  0  6.28319  0.208632  0.0996146
-0.942478  0  6.28319  0.235337  0.0703121
-0.314159  0  6.28319  0.25345  0.0274288
0.314159  0  6.28319  0.25345  -0.0274294
0.942478  0  6.28319  0.235337  -0.0703126
1.5708  0  6.28319  0.208632  -0.0996149
2.19911  0  6.28319  0.180212  -0.116844
2.82743  0  6.28319  0.153797  -0.12518
4.08407  0  6.28319  0.111429  -0.12649
7.22566  0  6.28319  0.0543195  -0.103995
14.7655  0  6.28319  0.01654  -0.0623321
-16.6504  0.628319  0  0.0121231  0.0567435
-7.22566  0.628319  0  0.0511279  0.108214
-5.34071  0.628319  0  0.0788301  0.1263
-4.08407  0.628319  0  0.109482  0.137421
-2.82743  0.628319  0  0.156163  0.140607
-2.19911  0.628319  0  0.186884  0.134103
-1.5708  0.628319  0  0.221466  0.117114
-0.942478  0.628319  0  0.255558  0.0846424
-0.314159  0.628319  0  0.279541  0.0340499
0.314159  0.628319  0  0.279541  -0.0340507
0.942478  0.628319  0  0.255558  -0.084643
1.5708  0.628319  0  0.221465  -0.117114
2.19911  0.628319  0  0.186884  -0.134103
2.82743  0.628319  0  0.156163  -0.140607
4.08407  0.628319  0  0.109482  -0.137421
7.22566  0.628319  0  0.0511278  -0.108214
14.7655  0.628319  0  0.0151421  -0.0630867
-16.6504  0.628319  0.628319  0.0109389  0.0572432
-7.22566  0.628319  0.628319  0.0474638  0.112314
-5.34071  0.628319  0.628319  0.0746959  0.133806
-4.08407  0.628319  0.628319  0.10616  0.149004
-2.82743  0.628319  0.628319  0.156983  0.158117
-2.19911  0.628319  0.628319  0.192511  0.154607
-1.5708  0.628319  0.628319  0.234674  0.139032
-0.942478  0.628319  0.628319  0.27874  0.103677
-0.314159  0.628319  0.628319  0.311709  0.0422409
0.314159  0.628319  0.628319  0.311708  -0.0422421
0.942478  0.628319  0.628319  0.278739  -0.103678
1.5708  0.628319  0.628319  0.234673  -0.139032
2.19911  0.628319  0.628319  0.19251  -0.154607
2.82743  0.628319  0.628319  0.156983  -0.158117
4.08407  0.628319  0.628319  0.10616  -0.149004
7.22566  0.628319  0.628319  0.0474637  -0.112314
14.7655  0.628319  0.628319  0.0136928  -0.0637816
-16.6504  0.628319  1.25664  0.00770064  0.0583169
-7.22566  0.628319  1.25664  0.0356205  0.121976
-5.34071  0.628319  1.25664  0.0589307  0.152783
-4.08407  0.628319  1.25664  0.0889934  0.180837
-2.82743  0.628319  1.25664  0.146313  0.213573
-2.19911  0.628319  1.25664  0.194617  0.226784
-1.5708  0.628319  1.25664  0.263818  0.227294
-0.942478  0.628319  1.25664  0.355334  0.193086
-0.314159  0.628319  1.25664  0.44227  0.0900452
0.314159  0.628319  1.25664  0.442269  -0.090048
0.942478  0.628319  1.25664  0.355332  -0.193087
1.5708  0.628319  1.25664  0.263817  -0.227294
2.19911  0.628319  1.25664  0.194616  -0.226784
2.82743  0.628319  1.25664  0.146312  -0.213573
4.08407  0.628319  1.25664  0.0889931  -0.180837
7.22566  0.628319  1.25664  0.0356204  -0.121976
14.7655  0.628319  1.25664  0.00968494  -0.0652847
-16.6504  0.628319  1.88496  0.00349188  0.0591277
-7.22566  0.628319  1.88496  0.0170011  0.130165
-5.34071  0.628319  1.88496  0.0294015  0.170455
-4.08407  0.628319  1.88496  0.0471337  0.21426
-2.82743  0.628319  1.88496  0.0877122  0.286791
-2.19911  0.628319  1.88496  0.131192  0.342987
-1.5708  0.628319  1.88496  0.216419  0.419735
-0.942478  0.628319  1.88496  0.409696  0.505299
-0.314159  0.628319  1.88496  0.847143  0.398424
0.314159  0.628319  1.88496  0.847131  -0.398434
0.942478  0.628319  1.88496  0.409689  -0.505297
1.5708  0.628319  1.88496  0.216416  -0.419733
2.19911  0.628319  1.88496  0.131191  -0.342985
2.82743  0.628319  1.88496  0.0877116  -0.28679
4.08407  0.628319  1.88496  0.0471334  -0.21426
7.22566  0.628319  1.88496  0.0170011  -0.130165
14.7655  0.628319  1.88496  0.00440744  -0.0664294
-16.6504  0.628319  2.51327  -9.19763e-09  0.0593342
-7.22566  0.628319  2.51327  -7.294e-08  0.132392
-5.34071  0.628319  2.51327  -2.57822e-08  0.175538
-4.08407  0.628319  2.51327  -1.3364e-07  0.224629
-2.82743  0.628319  2.51327  -3.71194e-07  0.313476
-2.19911  0.628319  2.51327  -6.04522e-07  0.392695
-1.5708  0.628319  2.51327  -1.16874e-06  0.529724
-0.942478  0.628319  2.51327  -3.12126e-06  0.830779
-0.314159  0.628319  2.51327  -2.26702e-05  2.09379
0.314159  0.628319  2.51327  -2.08472e-05  -2.09371
0.942478  0.628319  2.51327  -2.78517e-06  -0.830767
1.5708  0.628319  2.51327  -1.02614e-06  -0.52972
2.19911  0.628319  2.51327  -5.17891e-07  -0.392693
2.82743  0.628319  2.51327  -3.02998e-07  -0.313474
4.08407  0.628319  2.51327  -1.33294e-07  -0.224628
7.22566  0.628319  2.51327  -4.70918e-08  -0.132392
14.7655  0.628319  2.51327  -8.99876e-09  -0.0667222
-16.6504  0.628319  3.14159  -0.00133785  0.0593041
-7.22566  0.628319  3.14159  -0.00658963  0.132066
-5.34071  0.628319  3.14159  -0.0115154  0.174784
-4.08407  0.628319  3.14159  -0.0187342  0.223056
-2.82743  0.628319  3.14159  -0.0360546  0.309218
-2.19911  0.628319  3.14159  -0.055946  0.384357
-1.5708  0.628319  3.14159  -0.0995822  0.509501
-0.942478  0.628319  3.14159  -0.230348  0.756901
-0.314159  0.628319  3.14159  -1.01015  1.31626
0.314159  0.628319  3.14159  -1.01009  -1.31625
0.942478  0.628319  3.14159  -0.230341  -0.756892
1.5708  0.628319  3.14159  -0.0995803  -0.509497
2.19911  0.628319  3.14159  -0.0559453  -0.384355
2.82743  0.628319  3.14159  -0.0360542  -0.309217
4.08407  0.628319  3.14159  -0.0187341  -0.223056
7.22566  0.628319  3.14159  -0.00658957  -0.132066
14.7655  0.628319  3.14159  -0.00168996  -0.0666795
-16.6504  0.628319  3.76991  -9.19763e-09  0.0593342
-7.22566  0.628319  3.76991  -7.294e-08  0.132392
-5.34071  0.628319  3.76991  -2.57822e-08  0.175538
-4.08407  0.628319  3.76991  -1.3364e-07  0.224629
-2.82743  0.628319  3.76991  -3.71194e-07  0.313476
-2.19911  0.628319  3.76991  -6.04522e-07  0.392695
-1.5708  0.628319  3.76991  -1.16874e-06  0.529724
-0.942478  0.628319  3.76991  -3.12126e-06  0.830779
-0.314159  0.628319  3.76991  -2.26702e-05  2.09379
0.314159  0.628319  3.76991  -2.08472e-05  -2.09371
0.942478  0.628319  3.76991  -2.78517e-06  -0.830767
1.5708  0.628319  3.76991  -1.02614e-06  -0.52972
2.19911  0.628319  3.76991  -5.17891e-07  -0.392693
2.82743  0.628319  3.76991  -3.02998e-07  -0.313474
4.08407  0.628319  3.76991  -1.33294e-07  -0.224628
7.22566  0.628319  3.76991  -4.70918e-08  -0.132392
14.7655  0.628319  3.76991  -8.99876e-09  -0.0667222
-16.6504  0.628319  4.39823  0.00349188  0.0591277
-7.22566  0.628319  4.39823  0.0170011  0.130165
-5.34071  0.628319  4.39823  0.0294015  0.170455
-4.08407  0.628319  4.39823  0.0471337  0.21426
-2.82743  0.628319  4.39823  0.0877122  0.286791
-2.19911  0.628319  4.39823  0.131192  0.342987
-1.5708  0.628319  4.39823  0.216419  0.419735
-0.942478  0.628319  4.39823  0.409696  0.505299
-0.314159  0.628319  4.39823  0.847143  0.398424
0.314159  0.628319  4.39823  0.847131  -0.398434
0.942478  0.628319  4.39823  0.409689  -0.505297
1.5708  0.628319  4.39823  0.216416  -0.419733
2.19911  0.628319  4.39823  0.131191  -0.342985
2.82743  0.628319  4.39823  0.0877116  -0.28679
4.08407  0.628319  4.39823  0.0471334  -0.21426
7.22566  0.628319  4.39823  0.0170011  -0.130165
14.7655  0.628319  4.39823  0.00440744  -0.0664294
-16.6504  0.628319  5.02655  0.00770064  0.0583169
-7.22566  0.628319  5.02655  0.0356205  0.121976
-5.34071  0.628319  5.02655  0.0589307  0.152783
-4.08407  0.628319  5.02655  0.0889934  0.180837
-2.82743  0.628319  5.02655  0.146313  0.213573
-2.19911  0.628319  5.02655  0.194617  0.226784
-1.5708  0.628319  5.02655  0.263818  0.227294
-0.942478  0.628319  5.02655  0.355334  0.193086
-0.314159  0.628319  5.02655  0.44227  0.0900452
0.314159  0.628319  5.02655  0.442269  -0.090048
0.942478  0.628319  5.02655  0.355332  -0.193087
1.5708  0.628319  5.02655  0.263817  -0.227294
2.19911  0.628319  5.02655  0.194616  -0.226784
2.82743  0.628319  5.02655  0.146312  -0.213573
4.08407  0.628319  5.02655  0.0889931  -0.180837
7.22566  0.628319  5.02655  0.0356204  -0.121976
14.7655  0.628319  5.02655  0.00968494  -0.0652847
-16.6504  0.628319  5.65487  0.0109389  0.0572432
-7.22566  0.628319  5.65487  0.0474638  0.112314
-5.34071  0.628319  5.65487  0.0746959  0.133806
-4.08407  0.628319  5.65487  0.10616  0.149004
-2.82743  0.628319  5.65487  0.156983  0.158117
-2.19911  0.628319  5.65487  0.192511  0.154607
-1.5708  0.628319  5.65487  0.234674  0.139032
-0.942478  0.628319  5.65487  0.27874  0.103677
-0.314159  0.628319  5.65487  0.311709  0.0422409
0.314159  0.628319  5.65487  0.311708  -0.0422421
0.942478  0.628319  5.65487  0.278739  -0.103678
1.5708  0.628319  5.65487  0.234673  -0.139032
2.19911  0.628319  5.65487  0.19251  -0.154607
2.82743  0.628319  5.65487  0.156983  -0.158117
4.08407  0.628319  5.65487  0.10616  -0.149004
7.22566  0.628319  5.65487  0.0474637  -0.112314
14.7655  0.628319  5.65487  0.0136928  -0.0637816
-16.6504  0.628319  6.28319  0.0121231  0.0567435
-7.22566  0.628319  6.28319  0.0511279  0.108214
-5.34071  0.628319  6.28319  0.0788301  0.1263
-4.08407  0.628319  6.28319  0.109482  0.137421
-2.82743  0.628319  6.28319  0.156163  0.140607
-2.19911  0.628319  6.28319  0.186884  0.134103
-1.5708  0.628319  6.28319  0.221466  0.117114
-0.942478  0.628319  6.28319  0.255558  0.0846424
-0.314159  0.628319  6.28319  0.279541  0.0340499
0.314159  0.628319  6.28319  0.279541  -0.0340507
0.942478  0.628319  6.28319  0.255558  -0.084643
1.5708  0.628319  6.28319  0.221465  -0.117114
2.19911  0.628319  6.28319  0.186884  -0.134103
2.82743  0.628319  6.28319  0.156163  -0.140607
4.08407  0.628319  6.28319  0.109482  -0.137421
7.22566  0.628319  6.28319  0.0511278  -0.108214
14.7655  0.628319  6.28319  0.0151421  -0.0630867
-16.6504  1.25664  0  0.00895914  0.0579486
-7.22566  1.25664  0  0.0405245  0.118521
-5.34071  1.25664  0  0.0658364  0.145778
-4.08407  1.25664  0  0.0971735  0.168635
-2.82743  1.25664  0  0.153178  0.19092
-2.19911  1.25664  0  0.196922  0.195892
-1.5708  1.25664  0  0.254717  0.187253
-0.942478  1.25664  0  0.32346  0.14979
-0.314159  1.25664  0  0.382061  0.064858
0.314159  1.25664  0  0.382061  -0.0648599
0.942478  1.25664  0  0.323459  -0.149791
1.5708  1.25664  0  0.254716  -0.187253
2.19911  1.25664  0  0.196921  -0.195892
2.82743  1.25664  0  0.153178  -0.190919
4.08407  1.25664  0  0.0971732  -0.168634
7.22566  1.25664  0  0.0405244  -0.118521
14.7655  1.25664  0  0.0112495  -0.0647675
-16.6504  1.25664  0.628319  0.00770064  0.0583169
-7.22566  1.25664  0.628319  0.0356205  0.121976
-5.34071  1.25664  0.628319  0.0589307  0.152783
-4.08407  1.25664  0.628319  0.0889934  0.180837
-2.82743  1.25664  0.628319  0.146313  0.213573
-2.19911  1.25664  0.628319  0.194617  0.226784
-1.5708  1.25664  0.628319  0.263818  0.227294
-0.942478  1.25664  0.628319  0.355334  0.193086
-0.314159  1.25664  0.628319  0.44227  0.0900452
0.314159  1.25664  0.628319  0.442269  -0.090048
0.942478  1.25664  0.628319  0.355332  -0.193087
1.5708  1.25664  0.628319  0.263817  -0.227294
2.19911  1.25664  0.628319  0.194616  -0.226784
2.82743  1.25664  0.628319  0.146312  -0.213573
4.08407  1.25664  0.628319  0.0889931  -0.180837
7.22566  1.25664  0.628319  0.0356204  -0.121976
14.7655  1.25664  0.628319  0.00968494  -0.0652847
-16.6504  1.25664  1.25664  0.00430811  0.0590193
-7.22566  1.25664  1.25664  0.0208274  0.129018
-5.34071  1.25664  1.25664  0.0357948  0.167887
-4.08407  1.25664  1.25664  0.0568902  0.209165
-2.82743  1.25664  1.25664  0.103874  0.274464
-2.19911  1.25664  1.25664  0.152311  0.321468
-1.5708  1.25664  1.25664  0.241844  0.377957
-0.942478  1.25664  1.25664  0.421069  0.416989
-0.314159  1.25664  1.25664  0.73195  0.274557
0.314159  1.25664  1.25664  0.731943  -0.274565
0.942478  1.25664  1.25664  0.421064  -0.416989
1.5708  1.25664  1.25664  0.241842  -0.377956
2.19911  1.25664  1.25664  0.15231  -0.321467
2.82743  1.25664  1.25664  0.103874  -0.274463
4.08407  1.25664  1.25664  0.0568899  -0.209165
7.22566  1.25664  1.25664  0.0208273  -0.129018
14.7655  1.25664  1.25664  0.00543502  -0.0662758
-16.6504  1.25664  1.88496  -9.18694e-09  0.0593338
-7.22566  1.25664  1.88496  -7.40344e-08  0.132383
-5.34071  1.25664  1.88496  -2.76221e-08  0.175524
-4.08407  1.25664  1.88496  -1.33916e-07  0.224639
-2.82743  1.25664  1.88496  -3.71467e-07  0.313718
-2.19911  1.25664  1.88496  -6.03789e-07  0.393448
-1.5708  1.25664  1.88496  -1.1629e-06  0.532124
-0.942478  1.25664  1.88496  -3.10207e-06  0.839604
-0.314159  1.25664  1.88496  -2.30066e-05  2.14567
0.314159  1.25664  1.88496  -2.16975e-05  -2.14558
0.942478  1.25664  1.88496  -2.84886e-06  -0.839592
1.5708  1.25664  1.88496  -1.04591e-06  -0.532119
2.19911  1.25664  1.88496  -5.2802e-07  -0.393445
2.82743  1.25664  1.88496  -3.11304e-07  -0.313716
4.08407  1.25664  1.88496  -1.34273e-07  -0.224638
7.22566  1.25664  1.88496  -4.71011e-08  -0.132383
14.7655  1.25664  1.88496  -9.022e-09  -0.0667216
-16.6504  1.25664  2.51327  -0.0034919  0.0591277
-7.22566  1.25664  2.51327  -0.0170012  0.130165
-5.34071  1.25664  2.51327  -0.0294016  0.170455
-4.08407  1.25664  2.51327  -0.0471339  0.21426
-2.82743  1.25664  2.51327  -0.0877129  0.286791
-2.19911  1.25664  2.51327  -0.131193  0.342986
-1.5708  1.25664  2.51327  -0.21642  0.419734
-0.942478  1.25664  2.51327  -0.409697  0.505295
-0.314159  1.25664  2.51327  -0.847139  0.398416
0.314159  1.25664  2.51327  -0.847125  -0.398428
0.942478  1.25664  2.51327  -0.409689  -0.505294
1.5708  1.25664  2.51327  -0.216417  -0.419732
2.19911  1.25664  2.51327  -0.131191  -0.342985
2.82743  1.25664  2.51327  -0.087712  -0.28679
4.08407  1.25664  2.51327  -0.0471336  -0.214259
7.22566  1.25664  2.51327  -0.0170011  -0.130165
14.7655  1.25664  2.51327  -0.00440745  -0.0664294
-16.6504  1.25664  3.14159  -0.00481052  0.0589414
-7.22566  1.25664  3.14159  -0.0231426  0.128209
-5.34071  1.25664  3.14159  -0.0395918  0.166089
-4.08407  1.25664  3.14159  -0.0625089  0.205621
-2.82743  1.25664  3.14159  -0.112434  0.266058
-2.19911  1.25664  3.14159  -0.162366  0.307255
-1.5708  1.25664  3.14159  -0.250979  0.352354
-0.942478  1.25664  3.14159  -0.416292  0.371251
-0.314159  1.25664  3.14159  -0.670983  0.22804
0.314159  1.25664  3.14159  -0.670977  -0.228049
0.942478  1.25664  3.14159  -0.416286  -0.371252
1.5708  1.25664  3.14159  -0.250976  -0.352353
2.19911  1.25664  3.14159  -0.162364  -0.307254
2.82743  1.25664  3.14159  -0.112432  -0.266057
4.08407  1.25664  3.14159  -0.0625084  -0.20562
7.22566  1.25664  3.14159  -0.0231425  -0.128209
14.7655  1.25664  3.14159  -0.00606683  -0.0661656
-16.6504  1.25664  3.76991  -0.0034919  0.0591277
-7.22566  1.25664  3.76991  -0.0170012  0.130165
-5.34071  1.25664  3.76991  -0.0294016  0.170455
-4.08407  1.25664  3.76991  -0.0471339  0.21426
-2.82743  1.25664  3.76991  -0.0877129  0.286791
-2.19911  1.25664  3.76991  -0.131193  0.342986
-1.5708  1.25664  3.76991  -0.21642  0.419734
-0.942478  1.25664  3.76991  -0.409697  0.505295
-0.314159  1.25664  3.76991  -0.847139  0.398416
0.314159  1.25664  3.76991  -0.847125  -0.398428
0.942478  1.25664  3.76991  -0.409689  -0.505294
1.5708  1.25664  3.76991  -0.216417  -0.419732
2.19911  1.25664  3.76991  -0.131191  -0.342985
2.82743  1.25664  3.76991  -0.087712  -0.28679
4.08407  1.25664  3.76991  -0.0471336  -0.214259
7.22566  1.25664  3.76991  -0.0170011  -0.130165
14.7655  1.25664  3.76991  -0.00440745  -0.0664294
-16.6504  1.25664  4.39823  -9.18694e-09  0.0593338
-7.22566  1.25664  4.39823  -7.40344e-08  0.132383
-5.34071  1.25664  4.39823  -2.76221e-08  0.175524
-4.08407  1.25664  4.39823  -1.33916e-07  0.224639
-2.82743  1.25664  4.39823  -3.71467e-07  0.313718
-2.19911  1.25664  4.39823  -6.03789e-07  0.393448
-1.5708  1.25664  4.39823  -1.1629e-06  0.532124
-0.942478  1.25664  4.39823  -3.10207e-06  0.839604
-0.314159  1.25664  4.39823  -2.30066e-05  2.14567
0.314159  1.25664  4.39823  -2.16975e-05  -2.14558
0.942478  1.25664  4.39823  -2.84886e-06  -0.839592
1.5708  1.25664  4.39823  -1.04591e-06  -0.532119
2.19911  1.25664  4.39823  -5.2802e-07  -0.393445
2.82743  1.25664  4.39823  -3.11304e-07  -0.313716
4.08407  1.25664  4.39823  -1.34273e-07  -0.224638
7.22566  1.25664  4.39823  -4.71011e-08  -0.132383
14.7655  1.25664  4.39823  -9.022e-09  -0.0667216
-16.6504  1.25664  5.02655  0.00430811  0.0590193
-7.22566  1.25664  5.02655  0.0208274  0.129018
-5.34071  1.25664  5.02655  0.0357948  0.167887
-4.08407  1.25664  5.02655  0.0568902  0.209165
-2.82743  1.25664  5.02655  0.103874  0.274464
-2.19911  1.25664  5.02655  0.152311  0.321468
-1.5708  1.25664  5.02655  0.241844  0.377957
-0.942478  1.25664  5.02655  0.421069  0.416989
-0.314159  1.25664  5.02655  0.73195  0.274557
0.314159  1.25664  5.02655  0.731943  -0.274565
0.942478  1.25664  5.02655  0.421064  -0.416989
1.5708  1.25664  5.02655  0.241842  -0.377956
2.19911  1.25664  5.02655  0.15231  -0.321467
2.82743  1.25664  5.02655  0.103874  -0.274463
4.08407  1.25664  5.02655  0.0568899  -0.209165
7.22566  1.25664  5.02655  0.0208273  -0.129018
14.7655  1.25664  5.02655  0.00543502  -0.0662758
-16.6504  1.25664  5.65487  0.00770064  0.0583169
-7.22566  1.25664  5.65487  0.0356205  0.121976
-5.34071  1.25664  5.65487  0.0589307  0.152783
-4.08407  1.25664  5.65487  0.0889934  0.180837
-2.82743  1.25664  5.65487  0.146313  0.213573
-2.19911  1.25664  5.65487  0.194617  0.226784
-1.5708  1.25664  5.65487  0.263818  0.227294
-0.942478  1.25664  5.65487  0.355334  0.193086
-0.314159  1.25664  5.65487  0.44227  0.0900452
0.314159  1.25664  5.65487  0.442269  -0.090048
0.942478  1.25664  5.65487  0.355332  -0.193087
1.5708  1.25664  5.65487  0.263817  -0.227294
2.19911  1.25664  5.65487  0.194616  -0.226784
2.82743  1.25664  5.65487  0.146312  -0.213573
4.08407  1.25664  5.65487  0.0889931  -0.180837
7.22566  1.25664  5.65487  0.0356204  -0.121976
14.7655  1.25664  5.65487  0.00968494  -0.0652847
-16.6504  1.25664  6.28319  0.00895914  0.0579486
-7.22566  1.25664  6.28319  0.0405245  0.118521
-5.34071  1.25664  6.28319  0.0658364  0.145778
-4.08407  1.25664  6.28319  0.0971735  0.168635
-2.82743  1.25664  6.28319  0.153178  0.19092
-2.19911  1.25664  6.28319  0.196922  0.195892
-1.5708  1.25664  6.28319  0.254717  0.187253
-0.942478  1.25664  6.28319  0.32346  0.14979
-0.314159  1.25664  6.28319  0.382061  0.064858
0.314159  1.25664  6.28319  0.382061  -0.0648599
0.942478  1.25664  6.28319  0.323459  -0.149791
1.5708  1.25664  6.28319  0.254716  -0.187253
2.19911  1.25664  6.28319  0.196921  -0.195892
2.82743  1.25664  6.28319  0.153178  -0.190919
4.08407  1.25664  6.28319  0.0971732  -0.168634
7.22566  1.25664  6.28319  0.0405244  -0.118521
14.7655  1.25664  6.28319  0.0112495  -0.0647675
-16.6504  1.88496  0  0.0048105  0.0589414
-7.22566  1.88496  0  0.0231425  0.128209
-5.34071  1.88496  0  0.0395917  0.166089
-4.08407  1.88496  0  0.0625086  0.205621
-2.82743  1.88496  0  0.112433  0.266059
-2.19911  1.88496  0  0.162365  0.307256
-1.5708  1.88496  0  0.250978  0.352356
-0.942478  1.88496  0  0.416292  0.371254
-0.314159  1.88496  0  0.670986  0.228045
0.314159  1.88496  0  0.670981  -0.228051
0.942478  1.88496  0  0.416287  -0.371254
1.5708  1.88496  0  0.250976  -0.352355
2.19911  1.88496  0  0.162364  -0.307255
2.82743  1.88496  0  0.112432  -0.266058
4.08407  1.88496  0  0.0625083  -0.20562
7.22566  1.88496  0  0.0231424  -0.128209
14.7655  1.88496  0  0.00606682  -0.0661656
-16.6504  1.88496  0.628319  0.00349188  0.0591277
-7.22566  1.88496  0.628319  0.0170011  0.130165
-5.34071  1.88496  0.628319  0.0294015  0.170455
-4.08407  1.88496  0.628319  0.0471337  0.21426
-2.82743  1.88496  0.628319  0.0877122  0.286791
-2.19911  1.88496  0.628319  0.131192  0.342987
-1.5708  1.88496  0.628319  0.216419  0.419735
-0.942478  1.88496  0.628319  0.409696  0.505299
-0.314159  1.88496  0.628319  0.847143  0.398424
0.314159  1.88496  0.628319  0.847131  -0.398434
0.942478  1.88496  0.628319  0.409689  -0.505297
1.5708  1.88496  0.628319  0.216416  -0.419733
2.19911  1.88496  0.628319  0.131191  -0.342985
2.82743  1.88496  0.628319  0.0877116  -0.28679
4.08407  1.88496  0.628319  0.0471334  -0.21426
7.22566  1.88496  0.628319  0.0170011  -0.130165
14.7655  1.88496  0.628319  0.00440744  -0.0664294
-16.6504  1.88496  1.25664  -9.18694e-09  0.0593338
-7.22566  1.88496  1.25664  -7.40344e-08  0.132383
-5.34071  1.88496  1.25664  -2.76221e-08  0.175524
-4.08407  1.88496  1.25664  -1.33916e-07  0.224639
-2.82743  1.88496  1.25664  -3.71467e-07  0.313718
-2.19911  1.88496  1.25664  -6.03789e-07  0.393448
-1.5708  1.88496  1.25664  -1.1629e-06  0.532124
-0.942478  1.88496  1.25664  -3.10207e-06  0.839604
-0.314159  1.88496  1.25664  -2.30066e-05  2.14567
0.314159  1.88496  1.25664  -2.16975e-05  -2.14558
0.942478  1.88496  1.25664  -2.84886e-06  -0.839592
1.5708  1.88496  1.25664  -1.04591e-06  -0.532119
2.19911  1.88496  1.25664  -5.2802e-07  -0.393445
2.82743  1.88496  1.25664  -3.11304e-07  -0.313716
4.08407  1.88496  1.25664  -1.34273e-07  -0.224638
7.22566  1.88496  1.25664  -4.71011e-08  -0.132383
14.7655  1.88496  1.25664  -9.022e-09  -0.0667216
-16.6504  1.88496  1.88496  -0.00430813  0.0590193
-7.22566  1.88496  1.88496  -0.0208275  0.129018
-5.34071  1.88496  1.88496  -0.0357948  0.167887
-4.08407  1.88496  1.88496  -0.0568904  0.209165
-2.82743  1.88496  1.88496  -0.103875  0.274464
-2.19911  1.88496  1.88496  -0.152312  0.321468
-1.5708  1.88496  1.88496  -0.241846  0.377956
-0.942478  1.88496  1.88496  -0.42107  0.416985
-0.314159  1.88496  1.88496  -0.731946  0.274552
0.314159  1.88496  1.88496  -0.731938  -0.274562
0.942478  1.88496  1.88496  -0.421063  -0.416986
1.5708  1.88496  1.88496  -0.241842  -0.377954
2.19911  1.88496  1.88496  -0.152311  -0.321466
2.82743  1.88496  1.88496  -0.103874  -0.274463
4.08407  1.88496  1.88496  -0.05689  -0.209165
7.22566  1.88496  1.88496  -0.0208274  -0.129018
14.7655  1.88496  1.88496  -0.00543504  -0.0662758
-16.6504  1.88496  2.51327  -0.00770067  0.0583169
-7.22566  1.88496  2.51327  -0.0356206  0.121976
-5.34071  1.88496  2.51327  -0.0589308  0.152783
-4.08407  1.88496  2.51327  -0.0889937  0.180837
-2.82743  1.88496  2.51327  -0.146313  0.213573
-2.19911  1.88496  2.51327  -0.194618  0.226783
-1.5708  1.88496  2.51327  -0.263818  0.227293
-0.942478  1.88496  2.51327  -0.355334  0.193084
-0.314159  1.88496  2.51327  -0.442268  0.0900437
0.314159  1.88496  2.51327  -0.442266  -0.090048
0.942478  1.88496  2.51327  -0.355331  -0.193086
1.5708  1.88496  2.51327  -0.263816  -0.227294
2.19911  1.88496  2.51327  -0.194616  -0.226783
2.82743  1.88496  2.51327  -0.146312  -0.213572
4.08407  1.88496  2.51327  -0.0889931  -0.180837
7.22566  1.88496  2.51327  -0.0356204  -0.121976
14.7655  1.88496  2.51327  -0.00968495  -0.0652847
-16.6504  1.88496  3.14159  -0.00895917  0.0579486
-7.22566  1.88496  3.14159  -0.0405246  0.118521
-5.34071  1.88496  3.14159  -0.0658366  0.145778
-4.08407  1.88496  3.14159  -0.0971738  0.168635
-2.82743  1.88496  3.14159  -0.153178  0.190919
-2.19911  1.88496  3.14159  -0.196922  0.195891
-1.5708  1.88496  3.14159  -0.254718  0.187252
-0.942478  1.88496  3.14159  -0.32346  0.149789
-0.314159  1.88496  3.14159  -0.38206  0.0648569
0.314159  1.88496  3.14159  -0.382059  -0.0648602
0.942478  1.88496  3.14159  -0.323458  -0.149791
1.5708  1.88496  3.14159  -0.254716  -0.187253
2.19911  1.88496  3.14159  -0.196921  -0.195891
2.82743  1.88496  3.14159  -0.153177  -0.190919
4.08407  1.88496  3.14159  -0.0971732  -0.168634
7.22566  1.88496  3.14159  -0.0405244  -0.118521
14.7655  1.88496  3.14159  -0.0112495  -0.0647675
-16.6504  1.88496  3.76991  -0.00770067  0.0583169
-7.22566  1.88496  3.76991  -0.0356206  0.121976
-5.34071  1.88496  3.76991  -0.0589308  0.152783
-4.08407  1.88496  3.76991  -0.0889937  0.180837
-2.82743  1.88496  3.76991  -0.146313  0.213573
-2.19911  1.88496  3.76991  -0.194618  0.226783
-1.5708  1.88496  3.76991  -0.263818  0.227293
-0.942478  1.88496  3.76991  -0.355334  0.193084
-0.314159  1.88496  3.76991  -0.442268  0.0900437
0.314159  1.88496  3.76991  -0.442266  -0.090048
0.942478  1.88496  3.76991  -0.355331  -0.193086
1.5708  1.88496  3.76991  -0.263816  -0.227294
2.19911  1.88496  3.76991  -0.194616  -0.226783
2.82743  1.88496  3.76991  -0.146312  -0.213572
4.08407  1.88496  3.76991  -0.0889931  -0.180837
7.22566  1.88496  3.76991  -0.0356204  -0.121976
14.7655  1.88496  3.76991  -0.00968495  -0.0652847
-16.6504  1.88496  4.39823  -0.00430813  0.0590193
-7.22566  1.88496  4.39823  -0.0208275  0.129018
-5.34071  1.88496  4.39823  -0.0357948  0.167887
-4.08407  1.88496  4.39823  -0.0568904  0.209165
-2.82743  1.88496  4.39823  -0.103875  0.274464
-2.19911  1.88496  4.39823  -0.152312  0.321468
-1.5708  1.88496  4.39823  -0.241846  0.377956
-0.942478  1.88496  4.39823  -0.42107  0.416985
-0.314159  1.88496  4.39823  -0.731946  0.274552
0.314159  1.88496  4.39823  -0.731938  -0.274562
0.942478  1.88496  4.39823  -0.421063  -0.416986
1.5708  1.88496  4.39823  -0.241842  -0.377954
2.19911  1.88496  4.39823  -0.152311  -0.321466
2.82743  1.88496  4.39823  -0.103874  -0.274463
4.08407  1.88496  4.39823  -0.05689  -0.209165
7.22566  1.88496  4.39823  -0.0208274  -0.129018
14.7655  1.88496  4.39823  -0.00543504  -0.0662758
-16.6504  1.88496  5.02655  -9.18694e-09  0.0593338
-7.22566  1.88496  5.02655  -7.40344e-08  0.132383
-5.34071  1.88496  5.02655  -2.76221e-08  0.175524
-4.08407  1.88496  5.02655  -1.33916e-07  0.224639
-2.82743  1.88496  5.02655  -3.71467e-07  0.313718
-2.19911  1.88496  5.02655  -6.03789e-07  0.393448
-1.5708  1.88496  5.02655  -1.1629e-06  0.532124
-0.942478  1.88496  5.02655  -3.10207e-06  0.839604
-0.314159  1.88496  5.02655  -2.30066e-05  2.14567
0.314159  1.88496  5.02655  -2.16975e-05  -2.14558
0.942478  1.88496  5.02655  -2.84886e-06  -0.839592
1.5708  1.88496  5.02655  -1.04591e-06  -0.532119
2.19911  1.88496  5.02655  -5.2802e-07  -0.393445
2.82743  1.88496  5.02655  -3.11304e-07  -0.313716
4.08407  1.88496  5.02655  -1.34273e-07  -0.224638
7.22566  1.88496  5.02655  -4.71011e-08  -0.132383
14.7655  1.88496  5.02655  -9.022e-09  -0.0667216
-16.6504  1.88496  5.65487  0.00349188  0.0591277
-7.22566  1.88496  5.65487  0.0170011  0.130165
-5.34071  1.88496  5.65487  0.0294015  0.170455
-4.08407  1.88496  5.65487  0.0471337  0.21426
-2.82743  1.88496  5.65487  0.0877122  0.286791
-2.19911  1.88496  5.65487  0.131192  0.342987
-1.5708  1.88496  5.65487  0.216419  0.419735
-0.942478  1.88496  5.65487  0.409696  0.505299
-0.314159  1.88496  5.65487  0.847143  0.398424
0.314159  1.88496  5.65487  0.847131  -0.398434
0.942478  1.88496  5.65487  0.409689  -0.505297
1.5708  1.88496  5.65487  0.216416  -0.419733
2.19911  1.88496  5.65487  0.131191  -0.342985
2.82743  1.88496  5.65487  0.0877116  -0.28679
4.08407  1.88496  5.65487  0.0471334  -0.21426
7.22566  1.88496  5.65487  0.0170011  -0.130165
14.7655  1.88496  5.65487  0.00440744  -0.0664294
-16.6504  1.88496  6.28319  0.0048105  0.0589414
-7.22566  1.88496  6.28319  0.0231425  0.128209
-5.34071  1.88496  6.28319  0.0395917  0.166089
-4.08407  1.88496  6.28319  0.0625086  0.205621
-2.82743  1.88496  6.28319  0.112433  0.266059
-2.19911  1.88496  6.28319  0.162365  0.307256
-1.5708  1.88496  6.28319  0.250978  0.352356
-0.942478  1.88496  6.28319  0.416292  0.371254
-0.314159  1.88496  6.28319  0.670986  0.228045
0.314159  1.88496  6.28319  0.670981  -0.228051
0.942478  1.88496  6.28319  0.416287  -0.371254
1.5708  1.88496  6.28319  0.250976  -0.352355
2.19911  1.88496  6.28319  0.162364  -0.307255
2.82743  1.88496  6.28319  0.112432  -0.266058
4.08407  1.88496  6.28319  0.0625083  -0.20562
7.22566  1.88496  6.28319  0.0231424  -0.128209
14.7655  1.88496  6.28319  0.00606682  -0.0661656
-16.6504  2.51327  0  0.00133783  0.0593041
-7.22566  2.51327  0  0.00658948  0.132066
-5.34071  2.51327  0  0.0115153  0.174784
-4.08407  2.51327  0  0.0187339  0.223056
-2.82743  2.51327  0  0.0360539  0.309218
-2.19911  2.51327  0  0.0559449  0.384358
-1.5708  2.51327  0  0.09958  0.509502
-0.942478  2.51327  0  0.230343  0.756904
-0.314159  2.51327  0  1.01014  1.31629
0.314159  2.51327  0  1.01009  -1.31627
0.942478  2.51327  0  0.230337  -0.756895
1.5708  2.51327  0  0.0995786  -0.509498
2.19911  2.51327  0  0.0559443  -0.384355
2.82743  2.51327  0  0.0360537  -0.309217
4.08407  2.51327  0  0.0187338  -0.223056
7.22566  2.51327  0  0.00658948  -0.132066
14.7655  2.51327  0  0.00168995  -0.0666795
-16.6504  2.51327  0.628319  -9.19763e-09  0.0593342
-7.22566  2.51327  0.628319  -7.294e-08  0.132392
-5.34071  2.51327  0.628319  -2.57822e-08  0.175538
-4.08407  2.51327  0.628319  -1.3364e-07  0.224629
-2.82743  2.51327  0.628319  -3.71194e-07  0.313476
-2.19911  2.51327  0.628319  -6.04522e-07  0.392695
-1.5708  2.51327  0.628319  -1.16874e-06  0.529724
-0.942478  2.51327  0.628319  -3.12126e-06  0.830779
-0.314159  2.51327  0.628319  -2.26702e-05  2.09379
0.314159  2.51327  0.628319  -2.08472e-05  -2.09371
0.942478  2.51327  0.628319  -2.78517e-06  -0.830767
1.5708  2.51327  0.628319  -1.02614e-06  -0.52972
2.19911  2.51327  0.628319  -5.17891e-07  -0.392693
2.82743  2.51327  0.628319  -3.02998e-07  -0.313474
4.08407  2.51327  0.628319  -1.33294e-07  -0.224628
7.22566  2.51327  0.628319  -4.70918e-08  -0.132392
14.7655  2.51327  0.628319  -8.99876e-09  -0.0667222
-16.6504  2.51327  1.25664  -0.0034919  0.0591277
-7.22566  2.51327  1.25664  -0.0170012  0.130165
-5.34071  2.51327  1.25664  -0.0294016  0.170455
-4.08407  2.51327  1.25664  -0.0471339  0.21426
-2.82743  2.51327  1.25664  -0.0877129  0.286791
-2.19911  2.51327  1.25664  -0.131193  0.342986
-1.5708  2.51327  1.25664  -0.21642  0.419734
-0.942478  2.51327  1.25664  -0.409697  0.505295
-0.314159  2.51327  1.25664  -0.847139  0.398416
0.314159  2.51327  1.25664  -0.847125  -0.398428
0.942478  2.51327  1.25664  -0.409689  -0.505294
1.5708  2.51327  1.25664  -0.216417  -0.419732
2.19911  2.51327  1.25664  -0.131191  -0.342985
2.82743  2.51327  1.25664  -0.087712  -0.28679
4.08407  2.51327  1.25664  -0.0471336  -0.214259
7.22566  2.51327  1.25664  -0.0170011  -0.130165
14.7655  2.51327  1.25664  -0.00440745  -0.0664294
-16.6504  2.51327  1.88496  -0.00770067  0.0583169
-7.22566  2.51327  1.88496  -0.0356206  0.121976
-5.34071  2.51327  1.88496  -0.0589308  0.152783
-4.08407  2.51327  1.88496  -0.0889937  0.180837
-2.82743  2.51327  1.88496  -0.146313  0.213573
-2.19911  2.51327  1.88496  -0.194618  0.226783
-1.5708  2.51327  1.88496  -0.263818  0.227293
-0.942478  2.51327  1.88496  -0.355334  0.193084
-0.314159  2.51327  1.88496  -0.442268  0.0900437
0.314159  2.51327  1.88496  -0.442266  -0.090048
0.942478  2.51327  1.88496  -0.355331  -0.193086
1.5708  2.51327  1.88496  -0.263816  -0.227294
2.19911  2.51327  1.88496  -0.194616  -0.226783
2.82743  2.51327  1.88496  -0.146312  -0.213572
4.08407  2.51327  1.88496  -0.0889931  -0.180837
7.22566  2.51327  1.88496  -0.0356204  -0.121976
14.7655  2.51327  1.88496  -0.00968495  -0.0652847
-16.6504  2.51327  2.51327  -0.0109389  0.0572433
-7.22566  2.51327  2.51327  -0.0474639  0.112314
-5.34071  2.51327  2.51327  -0.0746961  0.133806
-4.08407  2.51327  2.51327  -0.10616  0.149004
-2.82743  2.51327  2.51327  -0.156983  0.158117
-2.19911  2.51327  2.51327  -0.192511  0.154607
-1.5708  2.51327  2.51327  -0.234674  0.139031
-0.942478  2.51327  2.51327  -0.278739  0.103676
-0.314159  2.51327  2.51327  -0.311708  0.0422401
0.314159  2.51327  2.51327  -0.311707  -0.0422424
0.942478  2.51327  2.51327  -0.278738  -0.103677
1.5708  2.51327  2.51327  -0.234672  -0.139032
2.19911  2.51327  2.51327  -0.19251  -0.154607
2.82743  2.51327  2.51327  -0.156982  -0.158117
4.08407  2.51327  2.51327  -0.10616  -0.149003
7.22566  2.51327  2.51327  -0.0474637  -0.112314
14.7655  2.51327  2.51327  -0.0136929  -0.0637816
-16.6504  2.51327  3.14159  -0.0121232  0.0567435
-7.22566  2.51327  3.14159  -0.051128  0.108214
-5.34071  2.51327  3.14159  -0.0788302  0.1263
-4.08407  2.51327  3.14159  -0.109482  0.137421
-2.82743  2.51327  3.14159  -0.156163  0.140606
-2.19911  2.51327  3.14159  -0.186884  0.134103
-1.5708  2.51327  3.14159  -0.221466  0.117113
-0.942478  2.51327  3.14159  -0.255558  0.0846417
-0.314159  2.51327  3.14159  -0.279541  0.0340492
0.314159  2.51327  3.14159  -0.27954  -0.0340511
0.942478  2.51327  3.14159  -0.255557  -0.0846431
1.5708  2.51327  3.14159  -0.221465  -0.117114
2.19911  2.51327  3.14159  -0.186883  -0.134103
2.82743  2.51327  3.14159  -0.156162  -0.140607
4.08407  2.51327  3.14159  -0.109481  -0.13742
7.22566  2.51327  3.14159  -0.0511277  -0.108214
14.7655  2.51327  3.14159  -0.0151421  -0.0630867
-16.6504  2.51327  3.76991  -0.0109389  0.0572433
-7.22566  2.51327  3.76991  -0.0474639  0.112314
-5.34071  2.51327  3.76991  -0.0746961  0.133806
-4.08407  2.51327  3.76991  -0.10616  0.149004
-2.82743  2.51327  3.76991  -0.156983  0.158117
-2.19911  2.51327  3.76991  -0.192511  0.154607
-1.5708  2.51327  3.76991  -0.234674  0.139031
-0.942478  2.51327  3.76991  -0.278739  0.103676
-0.314159  2.51327  3.76991  -0.311708  0.0422401
0.314159  2.51327  3.76991  -0.311707  -0.0422424
0.942478  2.51327  3.76991  -0.278738  -0.103677
1.5708  2.51327  3.76991  -0.234672  -0.139032
2.19911  2.51327  3.76991  -0.19251  -0.154607
2.82743  2.51327  3.76991  -0.156982  -0.158117
4.08407  2.51327  3.76991  -0.10616  -0.149003
7.22566  2.51327  3.76991  -0.0474637  -0.112314
14.7655  2.51327  3.76991  -0.0136929  -0.0637816
-16.6504  2.51327  4.39823  -0.00770067  0.0583169
-7.22566  2.51327  4.39823  -0.0356206  0.121976
-5.34071  2.51327  4.39823  -0.0589308  0.152783
-4.08407  2.51327  4.39823  -0.0889937  0.180837
-2.82743  2.51327  4.39823  -0.146313  0.213573
-2.19911  2.51327  4.39823  -0.194618  0.226783
-1.5708  2.51327  4.39823  -0.263818  0.227293
-0.942478  2.51327  4.39823  -0.355334  0.193084
-0.314159  2.51327  4.39823  -0.442268  0.0900437
0.314159  2.51327  4.39823  -0.442266  -0.090048
0.942478  2.51327  4.39823  -0.355331  -0.193086
1.5708  2.51327  4.39823  -0.263816  -0.227294
2.19911  2.51327  4.39823  -0.194616  -0.226783
2.82743  2.51327  4.39823  -0.146312  -0.213572
4.08407  2.51327  4.39823  -0.0889931  -0.180837
7.22566  2.51327  4.39823  -0.0356204  -0.121976
14.7655  2.51327  4.39823  -0.00968495  -0.0652847
-16.6504  2.51327  5.02655  -0.0034919  0.0591277
-7.22566  2.51327  5.02655  -0.0170012  0.130165
-5.34071  2.51327  5.02655  -0.0294016  0.170455
-4.08407  2.51327  5.02655  -0.0471339  0.21426
-2.82743  2.51327  5.02655  -0.0877129  0.286791
-2.19911  2.51327  5.02655  -0.131193  0.342986
-1.5708  2.51327  5.02655  -0.21642  0.419734
-0.942478  2.51327  5.02655  -0.409697  0.505295
-0.314159  2.51327  5.02655  -0.847139  0.398416
0.314159  2.51327  5.02655  -0.847125  -0.398428
0.942478  2.51327  5.02655  -0.409689  -0.505294
1.5708  2.51327  5.02655  -0.216417  -0.419732
2.19911  2.51327  5.02655  -0.131191  -0.342985
2.82743  2.51327  5.02655  -0.087712  -0.28679
4.08407  2.51327  5.02655  -0.0471336  -0.214259
7.22566  2.51327  5.02655  -0.0170011  -0.130165
14.7655  2.51327  5.02655  -0.00440745  -0.0664294
-16.6504  2.51327  5.65487  -9.19763e-09  0.0593342
-7.22566  2.51327  5.65487  -7.294e-08  0.132392
-5.34071  2.51327  5.65487  -2.57822e-08  0.175538
-4.08407  2.51327  5.65487  -1.3364e-07  0.224629
-2.82743  2.51327  5.65487  -3.71194e-07  0.313476
-2.19911  2.51327  5.65487  -6.04522e-07  0.392695
-1.5708  2.51327  5.65487  -1.16874e-06  0.529724
-0.942478  2.51327  5.65487  -3.12126e-06  0.830779
-0.314159  2.51327  5.65487  -2.26702e-05  2.09379
0.314159  2.51327  5.65487  -2.08472e-05  -2.09371
0.942478  2.51327  5.65487  -2.78517e-06  -0.830767
1.5708  2.51327  5.65487  -1.02614e-06  -0.52972
2.19911  2.51327  5.65487  -5.17891e-07  -0.392693
2.82743  2.51327  5.65487  -3.02998e-07  -0.313474
4.08407  2.51327  5.65487  -1.33294e-07  -0.224628
7.22566  2.51327  5.65487  -4.70918e-08  -0.132392
14.7655  2.51327  5.65487  -8.99876e-09  -0.0667222
-16.6504  2.51327  6.28319  0.00133783  0.0593041
-7.22566  2.51327  6.28319  0.00658948  0.132066
-5.34071  2.51327  6.28319  0.0115153  0.174784
-4.08407  2.51327  6.28319  0.0187339  0.223056
-2.82743  2.51327  6.28319  0.0360539  0.309218
-2.19911  2.51327  6.28319  0.0559449  0.384358
-1.5708  2.51327  6.28319  0.09958  0.509502
-0.942478  2.51327  6.28319  0.230343  0.756904
-0.314159  2.51327  6.28319  1.01014  1.31629
0.314159  2.51327  6.28319  1.01009  -1.31627
0.942478  2.51327  6.28319  0.230337  -0.756895
1.5708  2.51327  6.28319  0.0995786  -0.509498
2.19911  2.51327  6.28319  0.0559443  -0.384355
2.82743  2.51327  6.28319  0.0360537  -0.309217
4.08407  2.51327  6.28319  0.0187338  -0.223056
7.22566  2.51327  6.28319  0.00658948  -0.132066
14.7655  2.51327  6.28319  0.00168995  -0.0666795
-16.6504  3.14159  0  -9.19945e-09  0.0593344
-7.22566  3.14159  0  -7.23271e-08  0.132398
-5.34071  3.14159  0  -2.45581e-08  0.175549
-4.08407  3.14159  0  -1.32669e-07  0.224635
-2.82743  3.14159  0  -3.68103e-07  0.313384
-2.19911  3.14159  0  -5.98039e-07  0.392343
-1.5708  3.14159  0  -1.15309e-06  0.528348
-0.942478  3.14159  0  -3.06432e-06  0.823713
-0.314159  3.14159  0  -2.13665e-05  1.9974
0.314159  3.14159  0  -1.95971e-05  -1.99732
0.942478  3.14159  0  -2.7257e-06  -0.823701
1.5708  3.14159  0  -1.01043e-06  -0.528343
2.19911  3.14159  0  -5.10715e-07  -0.39234
2.82743  3.14159  0  -2.97907e-07  -0.313382
4.08407  3.14159  0  -1.3316e-07  -0.224635
7.22566  3.14159  0  -4.71243e-08  -0.132398
14.7655  3.14159  0  -8.96878e-09  -0.0667225
-16.6504  3.14159  0.628319  -0.00133785  0.0593041
-7.22566  3.14159  0.628319  -0.00658963  0.132066
-5.34071  3.14159  0.628319  -0.0115154  0.174784
-4.08407  3.14159  0.628319  -0.0187342  0.223056
-2.82743  3.14159  0.628319  -0.0360546  0.309218
-2.19911  3.14159  0.628319  -0.055946  0.384357
-1.5708  3.14159  0.628319  -0.0995822  0.509501
-0.942478  3.14159  0.628319  -0.230348  0.756901
-0.314159  3.14159  0.628319  -1.01015  1.31626
0.314159  3.14159  0.628319  -1.01009  -1.31625
0.942478  3.14159  0.628319  -0.230341  -0.756892
1.5708  3.14159  0.628319  -0.0995803  -0.509497
2.19911  3.14159  0.628319  -0.0559453  -0.384355
2.82743  3.14159  0.628319  -0.0360542  -0.309217
4.08407  3.14159  0.628319  -0.0187341  -0.223056
7.22566  3.14159  0.628319  -0.00658957  -0.132066
14.7655  3.14159  0.628319  -0.00168996  -0.0666795
-16.6504  3.14159  1.25664  -0.00481052  0.0589414
-7.22566  3.14159  1.25664  -0.0231426  0.128209
-5.34071  3.14159  1.25664  -0.0395918  0.166089
-4.08407  3.14159  1.25664  -0.0625089  0.205621
-2.82743  3.14159  1.25664  -0.112434  0.266058
-2.19911  3.14159  1.25664  -0.162366  0.307255
-1.5708  3.14159  1.25664  -0.250979  0.352354
-0.942478  3.14159  1.25664  -0.416292  0.371251
-0.314159  3.14159  1.25664  -0.670983  0.22804
0.314159  3.14159  1.25664  -0.670977  -0.228049
0.942478  3.14159  1.25664  -0.416286  -0.371252
1.5708  3.14159  1.25664  -0.250976  -0.352353
2.19911  3.14159  1.25664  -0.162364  -0.307254
2.82743  3.14159  1.25664  -0.112432  -0.266057
4.08407  3.14159  1.25664  -0.0625084  -0.20562
7.22566  3.14159  1.25664  -0.0231425  -0.128209
14.7655  3.14159  1.25664  -0.00606683  -0.0661656
-16.6504  3.14159  1.88496  -0.00895917  0.0579486
-7.22566  3.14159  1.88496  -0.0405246  0.118521
-5.34071  3.14159  1.88496  -0.0658366  0.145778
-4.08407  3.14159  1.88496  -0.0971738  0.168635
-2.82743  3.14159  1.88496  -0.153178  0.190919
-2.19911  3.14159  1.88496  -0.196922  0.195891
-1.5708  3.14159  1.88496  -0.254718  0.187252
-0.942478  3.14159  1.88496  -0.32346  0.149789
-0.314159  3.14159  1.88496  -0.38206  0.0648569
0.314159  3.14159  1.88496  -0.382059  -0.0648602
0.942478  3.14159  1.88496  -0.323458  -0.149791
1.5708  3.14159  1.88496  -0.254716  -0.187253
2.19911  3.14159  1.88496  -0.196921  -0.195891
2.82743  3.14159  1.88496  -0.153177  -0.190919
4.08407  3.14159  1.88496  -0.0971732  -0.168634
7.22566  3.14159  1.88496  -0.0405244  -0.118521
14.7655  3.14159  1.88496  -0.0112495  -0.0647675
-16.6504  3.14159  2.51327  -0.0121232  0.0567435
-7.22566  3.14159  2.51327  -0.051128  0.108214
-5.34071  3.14159  2.51327  -0.0788302  0.1263
-4.08407  3.14159  2.51327  -0.109482  0.137421
-2.82743  3.14159  2.51327  -0.156163  0.140606
-2.19911  3.14159  2.51327  -0.186884  0.134103
-1.5708  3.14159  2.51327  -0.221466  0.117113
-0.942478  3.14159  2.51327  -0.255558  0.0846417
-0.314159  3.14159  2.51327  -0.279541  0.0340492
0.314159  3.14159  2.51327  -0.27954  -0.0340511
0.942478  3.14159  2.51327  -0.255557  -0.0846431
1.5708  3.14159  2.51327  -0.221465  -0.117114
2.19911  3.14159  2.51327  -0.186883  -0.134103
2.82743  3.14159  2.51327  -0.156162  -0.140607
4.08407  3.14159  2.51327  -0.109481  -0.13742
7.22566  3.14159  2.51327  -0.0511277  -0.108214
14.7655  3.14159  2.51327  -0.0151421  -0.0630867
-16.6504  3.14159  3.14159  -0.013274  0.0561983
-7.22566  3.14159  3.14159  -0.0543197  0.103995
-5.34071  3.14159  3.14159  -0.0820387  0.118888
-4.08407  3.14159  3.14159  -0.111429  0.12649
-2.82743  3.14159  3.14159  -0.153798  0.12518
-2.19911  3.14159  3.14159  -0.180212  0.116844
-1.5708  3.14159  3.14159  -0.208632  0.099614
-0.942478  3.14159  3.14159  -0.235337  0.0703115
-0.314159  3.14159  3.14159  -0.253449  0.0274282
0.314159  3.14159  3.14159  -0.253449  -0.0274298
0.942478  3.14159  3.14159  -0.235336  -0.0703127
1.5708  3.14159  3.14159  -0.208631  -0.0996148
2.19911  3.14159  3.14159  -0.180211  -0.116844
2.82743  3.14159  3.14159  -0.153797  -0.12518
4.08407  3.14159  3.14159  -0.111429  -0.12649
7.22566  3.14159  3.14159  -0.0543194  -0.103995
14.7655  3.14159  3.14159  -0.01654  -0.0623321
-16.6504  3.14159  3.76991  -0.0121232  0.0567435
-7.22566  3.14159  3.76991  -0.051128  0.108214
-5.34071  3.14159  3.76991  -0.0788302  0.1263
-4.08407  3.14159  3.76991  -0.109482  0.137421
-2.82743  3.14159  3.76991  -0.156163  0.140606
-2.19911  3.14159  3.76991  -0.186884  0.134103
-1.5708  3.14159  3.76991  -0.221466  0.117113
-0.942478  3.14159  3.76991  -0.255558  0.0846417
-0.314159  3.14159  3.76991  -0.279541  0.0340492
0.314159  3.14159  3.76991  -0.27954  -0.0340511
0.942478  3.14159  3.76991  -0.255557  -0.0846431
1.5708  3.14159  3.76991  -0.221465  -0.117114
2.19911  3.14159  3.76991  -0.186883  -0.134103
2.82743  3.14159  3.76991  -0.156162  -0.140607
4.08407  3.14159  3.76991  -0.109481  -0.13742
7.22566  3.14159  3.76991  -0.0511277  -0.108214
14.7655  3.14159  3.76991  -0.0151421  -0.0630867
-16.6504  3.14159  4.39823  -0.00895917  0.0579486
-7.22566  3.14159  4.39823  -0.0405246  0.118521
-5.34071  3.14159  4.39823  -0.0658366  0.145778
-4.08407  3.14159  4.39823  -0.0971738  0.168635
-2.82743  3.14159  4.39823  -0.153178  0.190919
-2.19911  3.14159  4.39823  -0.196922  0.195891
-1.5708  3.14159  4.39823  -0.254718  0.187252
-0.942478  3.14159  4.39823  -0.32346  0.149789
-0.314159  3.14159  4.39823  -0.38206  0.0648569
0.314159  3.14159  4.39823  -0.382059  -0.0648602
0.942478  3.14159  4.39823  -0.323458  -0.149791
1.5708  3.14159  4.39823  -0.254716  -0.187253
2.19911  3.14159  4.39823  -0.196921  -0.195891
2.82743  3.14159  4.39823  -0.153177  -0.190919
4.08407  3.14159  4.39823  -0.0971732  -0.168634
7.22566  3.14159  4.39823  -0.0405244  -0.118521
14.7655  3.14159  4.39823  -0.0112495  -0.0647675
-16.6504  3.14159  5.02655  -0.00481052  0.0589414
-7.22566  3.14159  5.02655  -0.0231426  0.128209
-5.34071  3.14159  5.02655  -0.0395918  0.166089
-4.08407  3.14159  5.02655  -0.0625089  0.205621
-2.82743  3.14159  5.02655  -0.112434  0.266058
-2.19911  3.14159  5.02655  -0.162366  0.307255
-1.5708  3.14159  5.02655  -0.250979  0.352354
-0.942478  3.14159  5.02655  -0.416292  0.371251
-0.314159  3.14159  5.02655  -0.670983  0.22804
0.314159  3.14159  5.02655  -0.670977  -0.228049
0.942478  3.14159  5.02655  -0.416286  -0.371252
1.5708  3.14159  5.02655  -0.250976  -0.352353
2.19911  3.14159  5.02655  -0.162364  -0.307254
2.82743  3.14159  5.02655  -0.112432  -0.266057
4.08407  3.14159  5.02655  -0.0625084  -0.20562
7.22566  3.14159  5.02655  -0.0231425  -0.128209
14.7655  3.14159  5.02655  -0.00606683  -0.0661656
-16.6504  3.14159  5.65487  -0.00133785  0.0593041
-7.22566  3.14159  5.65487  -0.00658963  0.132066
-5.34071  3.14159  5.65487  -0.0115154  0.174784
-4.08407  3.14159  5.65487  -0.0187342  0.223056
-2.82743  3.14159  5.65487  -0.0360546  0.309218
-2.19911  3.14159  5.65487  -0.055946  0.384357
-1.5708  3.14159  5.65487  -0.0995822  0.509501
-0.942478  3.14159  5.65487  -0.230348  0.756901
-0.314159  3.14159  5.65487  -1.01015  1.31626
0.314159  3.14159  5.65487  -1.01009  -1.31625
0.942478  3.14159  5.65487  -0.230341  -0.756892
1.5708  3.14159  5.65487  -0.0995803  -0.509497
2.19911  3.14159  5.65487  -0.0559453  -0.384355
2.82743  3.14159  5.65487  -0.0360542  -0.309217
4.08407  3.14159  5.65487  -0.0187341  -0.223056
7.22566  3.14159  5.65487  -0.00658957  -0.132066
14.7655  3.14159  5.65487  -0.00168996  -0.0666795
-16.6504  3.14159  6.28319  -9.19945e-09  0.0593344
-7.22566  3.14159  6.28319  -7.23271e-08  0.132398
-5.34071  3.14159  6.28319  -2.45581e-08  0.175549
-4.08407  3.14159  6.28319  -1.32669e-07  0.224635
-2.82743  3.14159  6.28319  -3.68103e-07  0.313384
-2.19911  3.14159  6.28319  -5.98039e-07  0.392343
-1.5708  3.14159  6.28319  -1.15309e-06  0.528348
-0.942478  3.14159  6.28319  -3.06432e-06  0.823713
-0.314159  3.14159  6.28319  -2.13665e-05  1.9974
0.314159  3.14159  6.28319  -1.95971e-05  -1.99732
0.942478  3.14159  6.28319  -2.7257e-06  -0.823701
1.5708  3.14159  6.28319  -1.01043e-06  -0.528343
2.19911  3.14159  6.28319  -5.10715e-07  -0.39234
2.82743  3.14159  6.28319  -2.97907e-07  -0.313382
4.08407  3.14159  6.28319  -1.3316e-07  -0.224635
7.22566  3.14159  6.28319  -4.71243e-08  -0.132398
14.7655  3.14159  6.28319  -8.96878e-09  -0.0667225
-16.6504  3.76991  0  0.00133783  0.0593041
-7.22566  3.76991  0  0.00658948  0.132066
-5.34071  3.76991  0  0.0115153  0.174784
-4.08407  3.76991  0  0.0187339  0.223056
-2.82743  3.76991  0  0.0360539  0.309218
-2.19911  3.76991  0  0.0559449  0.384358
-1.5708  3.76991  0  0.09958  0.509502
-0.942478  3.76991  0  0.230343  0.756904
-0.314159  3.76991  0  1.01014  1.31629
0.314159  3.76991  0  1.01009  -1.31627
0.942478  3.76991  0  0.230337  -0.756895
1.5708  3.76991  0  0.0995786  -0.509498
2.19911  3.76991  0  0.0559443  -0.384355
2.82743  3.76991  0  0.0360537  -0.309217
4.08407  3.76991  0  0.0187338  -0.223056
7.22566  3.76991  0  0.00658948  -0.132066
14.7655  3.76991  0  0.00168995  -0.0666795
-16.6504  3.76991  0.628319  -9.19763e-09  0.0593342
-7.22566  3.76991  0.628319  -7.294e-08  0.132392
-5.34071  3.76991  0.628319  -2.57822e-08  0.175538
-4.08407  3.76991  0.628319  -1.3364e-07  0.224629
-2.82743  3.76991  0.628319  -3.71194e-07  0.313476
-2.19911  3.76991  0.628319  -6.04522e-07  0.392695
-1.5708  3.76991  0.628319  -1.16874e-06  0.529724
-0.942478  3.76991  0.628319  -3.12126e-06  0.830779
-0.314159  3.76991  0.628319  -2.26702e-05  2.09379
0.314159  3.76991  0.628319  -2.08472e-05  -2.09371
0.942478  3.76991  0.628319  -2.78517e-06  -0.830767
1.5708  3.76991  0.628319  -1.02614e-06  -0.52972
2.19911  3.76991  0.628319  -5.17891e-07  -0.392693
2.82743  3.76991  0.628319  -3.02998e-07  -0.313474
4.08407  3.76991  0.628319  -1.33294e-07  -0.224628
7.22566  3.76991  0.628319  -4.70918e-08  -0.132392
14.7655  3.76991  0.628319  -8.99876e-09  -0.0667222
-16.6504  3.76991  1.25664  -0.0034919  0.0591277
-7.22566  3.76991  1.25664  -0.0170012  0.130165
-5.34071  3.76991  1.25664  -0.0294016  0.170455
-4.08407  3.76991  1.25664  -0.0471339  0.21426
-2.82743  3.76991  1.25664  -0.0877129  0.286791
-2.19911  3.76991  1.25664  -0.131193  0.342986
-1.5708  3.76991  1.25664  -0.21642  0.419734
-0.942478  3.76991  1.25664  -0.409697  0.505295
-0.314159  3.76991  1.25664  -0.847139  0.398416
0.314159  3.76991  1.25664  -0.847125  -0.398428
0.942478  3.76991  1.25664  -0.409689  -0.505294
1.5708  3.76991  1.25664  -0.216417  -0.419732
2.19911  3.76991  1.25664  -0.131191  -0.342985
2.82743  3.76991  1.25664  -0.087712  -0.28679
4.08407  3.76991  1.25664  -0.0471336  -0.214259
7.22566  3.76991  1.25664  -0.0170011  -0.130165
14.7655  3.76991  1.25664  -0.00440745  -0.0664294
-16.6504  3.76991  1.88496  -0.00770067  0.0583169
-7.22566  3.76991  1.88496  -0.0356206  0.121976
-5.34071  3.76991  1.88496  -0.0589308  0.152783
-4.08407  3.76991  1.88496  -0.0889937  0.180837
-2.82743  3.76991  1.88496  -0.146313  0.213573
-2.19911  3.76991  1.88496  -0.194618  0.226783
-1.5708  3.76991  1.88496  -0.263818  0.227293
-0.942478  3.76991  1.88496  -0.355334  0.193084
-0.314159  3.76991  1.88496  -0.442268  0.0900437
0.314159  3.76991  1.88496  -0.442266  -0.090048
0.942478  3.76991  1.88496  -0.355331  -0.193086
1.5708  3.76991  1.88496  -0.263816  -0.227294
2.19911  3.76991  1.88496  -0.194616  -0.226783
2.82743  3.76991  1.88496  -0.146312  -0.213572
4.08407  3.76991  1.88496  -0.0889931  -0.180837
7.22566  3.76991  1.88496  -0.0356204  -0.121976
14.7655  3.76991  1.88496  -0.00968495  -0.0652847
-16.6504  3.76991  2.51327  -0.0109389  0.0572433
-7.22566  3.76991  2.51327  -0.0474639  0.112314
-5.34071  3.76991  2.51327  -0.0746961  0.133806
-4.08407  3.76991  2.51327  -0.10616  0.149004
-2.82743  3.76991  2.51327  -0.156983  0.158117
-2.19911  3.76991  2.51327  -0.192511  0.154607
-1.5708  3.76991  2.51327  -0.234674  0.139031
-0.942478  3.76991  2.51327  -0.278739  0.103676
-0.314159  3.76991  2.51327  -0.311708  0.0422401
0.314159  3.76991  2.51327  -0.311707  -0.0422424
0.942478  3.76991  2.51327  -0.278738  -0.103677
1.5708  3.76991  2.51327  -0.234672  -0.139032
2.19911  3.76991  2.51327  -0.19251  -0.154607
2.82743  3.76991  2.51327  -0.156982  -0.158117
4.08407  3.76991  2.51327  -0.10616  -0.149003
7.22566  3.76991  2.51327  -0.0474637  -0.112314
14.7655  3.76991  2.51327  -0.0136929  -0.0637816
-16.6504  3.76991  3.14159  -0.0121232  0.0567435
-7.22566  3.76991  3.14159  -0.051128  0.108214
-5.34071  3.76991  3.14159  -0.0788302  0.1263
-4.08407  3.76991  3.14159  -0.109482  0.137421
-2.82743  3.76991  3.14159  -0.156163  0.140606
-2.19911  3.76991  3.14159  -0.186884  0.134103
-1.5708  3.76991  3.14159  -0.221466  0.117113
-0.942478  3.76991  3.14159  -0.255558  0.0846417
-0.314159  3.76991  3.14159  -0.279541  0.0340492
0.314159  3.76991  3.14159  -0.27954  -0.0340511
0.942478  3.76991  3.14159  -0.255557  -0.0846431
1.5708  3.76991  3.14159  -0.221465  -0.117114
2.19911  3.76991  3.14159  -0.186883  -0.134103
2.82743  3.76991  3.14159  -0.156162  -0.140607
4.08407  3.76991  3.14159  -0.109481  -0.13742
7.22566  3.76991  3.14159  -0.0511277  -0.108214
14.7655  3.76991  3.14159  -0.0151421  -0.0630867
-16.6504  3.76991  3.76991  -0.0109389  0.0572433
-7.22566  3.76991  3.76991  -0.0474639  0.112314
-5.34071  3.76991  3.76991  -0.0746961  0.133806
-4.08407  3.76991  3.76991  -0.10616  0.149004
-2.82743  3.76991  3.76991  -0.156983  0.158117
-2.19911  3.76991  3.76991  -0.192511  0.154607
-1.5708  3.76991  3.76991  -0.234674  0.139031
-0.942478  3.76991  3.76991  -0.278739  0.103676
-0.314159  3.76991  3.76991  -0.311708  0.0422401
0.314159  3.76991  3.76991  -0.311707  -0.0422424
0.942478  3.76991  3.76991  -0.278738  -0.103677
1.5708  3.76991  3.76991  -0.234672  -0.139032
2.19911  3.76991  3.76991  -0.19251  -0.154607
2.82743  3.76991  3.76991  -0.156982  -0.158117
4.08407  3.76991  3.76991  -0.10616  -0.149003
7.22566  3.76991  3.76991  -0.0474637  -0.112314
14.7655  3.76991  3.76991  -0.0136929  -0.0637816
-16.6504  3.76991  4.39823  -0.00770067  0.0583169
-7.22566  3.76991  4.39823  -0.0356206  0.121976
-5.34071  3.76991  4.39823  -0.0589308  0.152783
-4.08407  3.76991  4.39823  -0.0889937  0.180837
-2.82743  3.76991  4.39823  -0.146313  0.213573
-2.19911  3.76991  4.39823  -0.194618  0.226783
-1.5708  3.76991  4.39823  -0.263818  0.227293
-0.942478  3.76991  4.39823  -0.355334  0.193084
-0.314159  3.76991  4.39823  -0.442268  0.0900437
0.314159  3.76991  4.39823  -0.442266  -0.090048
0.942478  3.76991  4.39823  -0.355331  -0.193086
1.5708  3.76991  4.39823  -0.263816  -0.227294
2.19911  3.76991  4.39823  -0.194616  -0.226783
2.82743  3.76991  4.39823  -0.146312  -0.213572
4.08407  3.76991  4.39823  -0.0889931  -0.180837
7.22566  3.76991  4.39823  -0.0356204  -0.121976
14.7655  3.76991  4.39823  -0.00968495  -0.0652847
-16.6504  3.76991  5.02655  -0.0034919  0.0591277
-7.22566  3.76991  5.02655  -0.0170012  0.130165
-5.34071  3.76991  5.02655  -0.0294016  0.170455
-4.08407  3.76991  5.02655  -0.0471339  0.21426
-2.82743  3.76991  5.02655  -0.0877129  0.286791
-2.19911  3.76991  5.02655  -0.131193  0.342986
-1.5708  3.76991  5.02655  -0.21642  0.419734
-0.942478  3.76991  5.02655  -0.409697  0.505295
-0.314159  3.76991  5.02655  -0.847139  0.398416
0.314159  3.76991  5.02655  -0.847125  -0.398428
0.942478  3.76991  5.02655  -0.409689  -0.505294
1.5708  3.76991  5.02655  -0.216417  -0.419732
2.19911  3.76991  5.02655  -0.131191  -0.342985
2.82743  3.76991  5.02655  -0.087712  -0.28679
4.08407  3.76991  5.02655  -0.0471336  -0.214259
7.22566  3.76991  5.02655  -0.0170011  -0.130165
14.7655  3.76991  5.02655  -0.00440745  -0.0664294
-16.6504  3.76991  5.65487  -9.19763e-09  0.0593342
-7.22566  3.76991  5.65487  -7.294e-08  0.132392
-5.34071  3.76991  5.65487  -2.57822e-08  0.175538
-4.08407  3.76991  5.65487  -1.3364e-07  0.224629
-2.82743  3.76991  5.65487  -3.71194e-07  0.313476
-2.19911  3.76991  5.65487  -6.04522e-07  0.392695
-1.5708  3.76991  5.65487  -1.16874e-06  0.529724
-0.942478  3.76991  5.65487  -3.12126e-06  0.830779
-0.314159  3.76991  5.65487  -2.26702e-05  2.09379
0.314159  3.76991  5.65487  -2.08472e-05  -2.09371
0.942478  3.76991  5.65487  -2.78517e-06  -0.830767
1.5708  3.76991  5.65487  -1.02614e-06  -0.52972
2.19911  3.76991  5.65487  -5.17891e-07  -0.392693
2.82743  3.76991  5.65487  -3.02998e-07  -0.313474
4.08407  3.76991  5.65487  -1.33294e-07  -0.224628
7.22566  3.76991  5.65487  -4.70918e-08  -0.132392
14.7655  3.76991  5.65487  -8.99876e-09  -0.0667222
-16.6504  3.76991  6.28319  0.00133783  0.0593041
-7.22566  3.76991  6.28319  0.00658948  0.132066
-5.34071  3.76991  6.28319  0.0115153  0.174784
-4.08407  3.76991  6.28319  0.0187339  0.223056
-2.82743  3.76991  6.28319  0.0360539  0.309218
-2.19911  3.76991  6.28319  0.0559449  0.384358
-1.5708  3.76991  6.28319  0.09958  0.509502
-0.942478  3.76991  6.28319  0.230343  0.756904
-0.314159  3.76991  6.28319  1.01014  1.31629
0.314159  3.76991  6.28319  1.01009  -1.31627
0.942478  3.76991  6.28319  0.230337  -0.756895
1.5708  3.76991  6.28319  0.0995786  -0.509498
2.19911  3.76991  6.28319  0.0559443  -0.384355
2.82743  3.76991  6.28319  0.0360537  -0.309217
4.08407  3.76991  6.28319  0.0187338  -0.223056
7.22566  3.76991  6.28319  0.00658948  -0.132066
14.7655  3.76991  6.28319  0.00168995  -0.0666795
-16.6504  4.39823  0  0.0048105  0.0589414
-7.22566  4.39823  0  0.0231425  0.128209
-5.34071  4.39823  0  0.0395917  0.166089
-4.08407  4.39823  0  0.0625086  0.205621
-2.82743  4.39823  0  0.112433  0.266059
-2.19911  4.39823  0  0.162365  0.307256
-1.5708  4.39823  0  0.250978  0.352356
-0.942478  4.39823  0  0.416292  0.371254
-0.314159  4.39823  0  0.670986  0.228045
0.314159  4.39823  0  0.670981  -0.228051
0.942478  4.39823  0  0.416287  -0.371254
1.5708  4.39823  0  0.250976  -0.352355
2.19911  4.39823  0  0.162364  -0.307255
2.82743  4.39823  0  0.112432  -0.266058
4.08407  4.39823  0  0.0625083  -0.20562
7.22566  4.39823  0  0.0231424  -0.128209
14.7655  4.39823  0  0.00606682  -0.0661656
-16.6504  4.39823  0.628319  0.00349188  0.0591277
-7.22566  4.39823  0.628319  0.0170011  0.130165
-5.34071  4.39823  0.628319  0.0294015  0.170455
-4.08407  4.39823  0.628319  0.0471337  0.21426
-2.82743  4.39823  0.628319  0.0877122  0.286791
-2.19911  4.39823  0.628319  0.131192  0.342987
-1.5708  4.39823  0.628319  0.216419  0.419735
-0.942478  4.39823  0.628319  0.409696  0.505299
-0.314159  4.39823  0.628319  0.847143  0.398424
0.314159  4.39823  0.628319  0.847131  -0.398434
0.942478  4.39823  0.628319  0.409689  -0.505297
1.5708  4.39823  0.628319  0.216416  -0.419733
2.19911  4.39823  0.628319  0.131191  -0.342985
2.82743  4.39823  0.628319  0.0877116  -0.28679
4.08407  4.39823  0.628319  0.0471334  -0.21426
7.22566  4.39823  0.628319  0.0170011  -0.130165
14.7655  4.39823  0.628319  0.00440744  -0.0664294
-16.6504  4.39823  1.25664  -9.18694e-09  0.0593338
-7.22566  4.39823  1.25664  -7.40344e-08  0.132383
-5.34071  4.39823  1.25664  -2.76221e-08  0.175524
-4.08407  4.39823  1.25664  -1.33916e-07  0.224639
-2.82743  4.39823  1.25664  -3.71467e-07  0.313718
-2.19911  4.39823  1.25664  -6.03789e-07  0.393448
-1.5708  4.39823  1.25664  -1.1629e-06  0.532124
-0.942478  4.39823  1.25664  -3.10207e-06  0.839604
-0.314159  4.39823  1.25664  -2.30066e-05  2.14567
0.314159  4.39823  1.25664  -2.16975e-05  -2.14558
0.942478  4.39823  1.25664  -2.84886e-06  -0.839592
1.5708  4.39823  1.25664  -1.04591e-06  -0.532119
2.19911  4.39823  1.25664  -5.2802e-07  -0.393445
2.82743  4.39823  1.25664  -3.11304e-07  -0.313716
4.08407  4.39823  1.25664  -1.34273e-07  -0.224638
7.22566  4.39823  1.25664  -4.71011e-08  -0.132383
14.7655  4.39823  1.25664  -9.022e-09  -0.0667216
-16.6504  4.39823  1.88496  -0.00430813  0.0590193
-7.22566  4.39823  1.88496  -0.0208275  0.129018
-5.34071  4.39823  1.88496  -0.0357948  0.167887
-4.08407  4.39823  1.88496  -0.0568904  0.209165
-2.82743  4.39823  1.88496  -0.103875  0.274464
-2.19911  4.39823  1.88496  -0.152312  0.321468
-1.5708  4.39823  1.88496  -0.241846  0.377956
-0.942478  4.39823  1.88496  -0.42107  0.416985
-0.314159  4.39823  1.88496  -0.731946  0.274552
0.314159  4.39823  1.88496  -0.731938  -0.274562
0.942478  4.39823  1.88496  -0.421063  -0.416986
1.5708  4.39823  1.88496  -0.241842  -0.377954
2.19911  4.39823  1.88496  -0.152311  -0.321466
2.82743  4.39823  1.88496  -0.103874  -0.274463
4.08407  4.39823  1.88496  -0.05689  -0.209165
7.22566  4.39823  1.88496  -0.0208274  -0.129018
14.7655  4.39823  1.88496  -0.00543504  -0.0662758
-16.6504  4.39823  2.51327  -0.00770067  0.0583169
-7.22566  4.39823  2.51327  -0.0356206  0.121976
-5.34071  4.39823  2.51327  -0.0589308  0.152783
-4.08407  4.39823  2.51327  -0.0889937  0.180837
-2.82743  4.39823  2.51327  -0.146313  0.213573
-2.19911  4.39823  2.51327  -0.194618  0.226783
-1.5708  4.39823  2.51327  -0.263818  0.227293
-0.942478  4.39823  2.51327  -0.355334  0.193084
-0.314159  4.39823  2.51327  -0.442268  0.0900437
0.314159  4.39823  2.51327  -0.442266  -0.090048
0.942478  4.39823  2.51327  -0.355331  -0.193086
1.5708  4.39823  2.51327  -0.263816  -0.227294
2.19911  4.39823  2.51327  -0.194616  -0.226783
2.82743  4.39823  2.51327  -0.146312  -0.213572
4.08407  4.39823  2.51327  -0.0889931  -0.180837
7.22566  4.39823  2.51327  -0.0356204  -0.121976
14.7655  4.39823  2.51327  -0.00968495  -0.0652847
-16.6504  4.39823  3.14159  -0.00895917  0.0579486
-7.22566  4.39823  3.14159  -0.0405246  0.118521
-5.34071  4.39823  3.14159  -0.0658366  0.145778
-4.08407  4.39823  3.14159  -0.0971738  0.168635
-2.82743  4.39823  3.14159  -0.153178  0.190919
-2.19911  4.39823  3.14159  -0.196922  0.195891
-1.5708  4.39823  3.14159  -0.254718  0.187252
-0.942478  4.39823  3.14159  -0.32346  0.149789
-0.314159  4.39823  3.14159  -0.38206  0.0648569
0.314159  4.39823  3.14159  -0.382059  -0.0648602
0.942478  4.39823  3.14159  -0.323458  -0.149791
1.5708  4.39823  3.14159  -0.254716  -0.187253
2.19911  4.39823  3.14159  -0.196921  -0.195891
2.82743  4.39823  3.14159  -0.153177  -0.190919
4.08407  4.39823  3.14159  -0.0971732  -0.168634
7.22566  4.39823  3.14159  -0.0405244  -0.118521
14.7655  4.39823  3.14159  -0.0112495  -0.0647675
-16.6504  4.39823  3.76991  -0.00770067  0.0583169
-7.22566  4.39823  3.76991  -0.0356206  0.121976
-5.34071  4.39823  3.76991  -0.0589308  0.152783
-4.08407  4.39823  3.76991  -0.0889937  0.180837
-2.82743  4.39823  3.76991  -0.146313  0.213573
-2.19911  4.39823  3.76991  -0.194618  0.226783
-1.5708  4.39823  3.76991  -0.263818  0.227293
-0.942478  4.39823  3.76991  -0.355334  0.193084
-0.314159  4.39823  3.76991  -0.442268  0.0900437
0.314159  4.39823  3.76991  -0.442266  -0.090048
0.942478  4.39823  3.76991  -0.355331  -0.193086
1.5708  4.39823  3.76991  -0.263816  -0.227294
2.19911  4.39823  3.76991  -0.194616  -0.226783
2.82743  4.39823  3.76991  -0.146312  -0.213572
4.08407  4.39823  3.76991  -0.0889931  -0.180837
7.22566  4.39823  3.76991  -0.0356204  -0.121976
14.7655  4.39823  3.76991  -0.00968495  -0.0652847
-16.6504  4.39823  4.39823  -0.00430813  0.0590193
-7.22566  4.39823  4.39823  -0.0208275  0.129018
-5.34071  4.39823  4.39823  -0.0357948  0.167887
-4.08407  4.39823  4.39823  -0.0568904  0.209165
-2.82743  4.39823  4.39823  -0.103875  0.274464
-2.19911  4.39823  4.39823  -0.152312  0.321468
-1.5708  4.39823  4.39823  -0.241846  0.377956
-0.942478  4.39823  4.39823  -0.42107  0.416985
-0.314159  4.39823  4.39823  -0.731946  0.274552
0.314159  4.39823  4.39823  -0.731938  -0.274562
0.942478  4.39823  4.39823  -0.421063  -0.416986
1.5708  4.39823  4.39823  -0.241842  -0.377954
2.19911  4.39823  4.39823  -0.152311  -0.321466
2.82743  4.39823  4.39823  -0.103874  -0.274463
4.08407  4.39823  4.39823  -0.05689  -0.209165
7.22566  4.39823  4.39823  -0.0208274  -0.129018
14.7655  4.39823  4.39823  -0.00543504  -0.0662758
-16.6504  4.39823  5.02655  -9.18694e-09  0.0593338
-7.22566  4.39823  5.02655  -7.40344e-08  0.132383
-5.34071  4.39823  5.02655  -2.76222e-08  0.175524
-4.08407  4.39823  5.02655  -1.33916e-07  0.224639
-2.82743  4.39823  5.02655  -3.71467e-07  0.313718
-2.19911  4.39823  5.02655  -6.03789e-07  0.393448
-1.5708  4.39823  5.02655  -1.1629e-06  0.532124
-0.942478  4.39823  5.02655  -3.10207e-06  0.839604
-0.314159  4.39823  5.02655  -2.30066e-05  2.14567
0.314159  4.39823  5.02655  -2.16975e-05  -2.14558
0.942478  4.39823  5.02655  -2.84886e-06  -0.839592
1.5708  4.39823  5.02655  -1.04591e-06  -0.532119
2.19911  4.39823  5.02655  -5.2802e-07  -0.393445
2.82743  4.39823  5.02655  -3.11304e-07  -0.313716
4.08407  4.39823  5.02655  -1.34273e-07  -0.224638
7.22566  4.39823  5.02655  -4.71011e-08  -0.132383
14.7655  4.39823  5.02655  -9.022e-09  -0.0667216
-16.6504  4.39823  5.65487  0.00349188  0.0591277
-7.22566  4.39823  5.65487  0.0170011  0.130165
-5.34071  4.39823  5.65487  0.0294015  0.170455
-4.08407  4.39823  5.65487  0.0471337  0.21426
-2.82743  4.39823  5.65487  0.0877122  0.286791
-2.19911  4.39823  5.65487  0.131192  0.342987
-1.5708  4.39823  5.65487  0.216419  0.419735
-0.942478  4.39823  5.65487  0.409696  0.505299
-0.314159  4.39823  5.65487  0.847143  0.398424
0.314159  4.39823  5.65487  0.847131  -0.398434
0.942478  4.39823  5.65487  0.409689  -0.505297
1.5708  4.39823  5.65487  0.216416  -0.419733
2.19911  4.39823  5.65487  0.131191  -0.342985
2.82743  4.39823  5.65487  0.0877116  -0.28679
4.08407  4.39823  5.65487  0.0471334  -0.21426
7.22566  4.39823  5.65487  0.0170011  -0.130165
14.7655  4.39823  5.65487  0.00440744  -0.0664294
-16.6504  4.39823  6.28319  0.0048105  0.0589414
-7.22566  4.39823  6.28319  0.0231425  0.128209
-5.34071  4.39823  6.28319  0.0395917  0.166089
-4.08407  4.39823  6.28319  0.0625086  0.205621
-2.82743  4.39823  6.28319  0.112433  0.266059
-2.19911  4.39823  6.28319  0.162365  0.307256
-1.5708  4.39823  6.28319  0.250978  0.352356
-0.942478  4.39823  6.28319  0.416292  0.371254
-0.314159  4.39823  6.28319  0.670986  0.228045
0.314159  4.39823  6.28319  0.670981  -0.228051
0.942478  4.39823  6.28319  0.416287  -0.371254
1.5708  4.39823  6.28319  0.250976  -0.352355
2.19911  4.39823  6.28319  0.162364  -0.307255
2.82743  4.39823  6.28319  0.112432  -0.266058
4.08407  4.39823  6.28319  0.0625083  -0.20562
7.22566  4.39823  6.28319  0.0231424  -0.128209
14.7655  4.39823  6.28319  0.00606682  -0.0661656
-16.6504  5.02655  0  0.00895914  0.0579486
-7.22566  5.02655  0  0.0405245  0.118521
-5.34071  5.02655  0  0.0658364  0.145778
-4.08407  5.02655  0  0.0971735  0.168635
-2.82743  5.02655  0  0.153178  0.19092
-2.19911  5.02655  0  0.196922  0.195892
-1.5708  5.02655  0  0.254717  0.187253
-0.942478  5.02655  0  0.32346  0.14979
-0.314159  5.02655  0  0.382061  0.064858
0.314159  5.02655  0  0.382061  -0.0648599
0.942478  5.02655  0  0.323459  -0.149791
1.5708  5.02655  0  0.254716  -0.187253
2.19911  5.02655  0  0.196921  -0.195892
2.82743  5.02655  0  0.153178  -0.190919
4.08407  5.02655  0  0.0971732  -0.168634
7.22566  5.02655  0  0.0405244  -0.118521
14.7655  5.02655  0  0.0112495  -0.0647675
-16.6504  5.02655  0.628319  0.00770064  0.0583169
-7.22566  5.02655  0.628319  0.0356205  0.121976
-5.34071  5.02655  0.628319  0.0589307  0.152783
-4.08407  5.02655  0.628319  0.0889934  0.180837
-2.82743  5.02655  0.628319  0.146313  0.213573
-2.19911  5.02655  0.628319  0.194617  0.226784
-1.5708  5.02655  0.628319  0.263818  0.227294
-0.942478  5.02655  0.628319  0.355334  0.193086
-0.314159  5.02655  0.628319  0.44227  0.0900452
0.314159  5.02655  0.628319  0.442269  -0.090048
0.942478  5.02655  0.628319  0.355332  -0.193087
1.5708  5.02655  0.628319  0.263817  -0.227294
2.19911  5.02655  0.628319  0.194616  -0.226784
2.82743  5.02655  0.628319  0.146312  -0.213573
4.08407  5.02655  0.628319  0.0889931  -0.180837
7.22566  5.02655  0.628319  0.0356204  -0.121976
14.7655  5.02655  0.628319  0.00968494  -0.0652847
-16.6504  5.02655  1.25664  0.00430811  0.0590193
-7.22566  5.02655  1.25664  0.0208274  0.129018
-5.34071  5.02655  1.25664  0.0357948  0.167887
-4.08407  5.02655  1.25664  0.0568902  0.209165
-2.82743  5.02655  1.25664  0.103874  0.274464
-2.19911  5.02655  1.25664  0.152311  0.321468
-1.5708  5.02655  1.25664  0.241844  0.377957
-0.942478  5.02655  1.25664  0.421069  0.416989
-0.314159  5.02655  1.25664  0.73195  0.274557
0.314159  5.02655  1.25664  0.731943  -0.274565
0.942478  5.02655  1.25664  0.421064  -0.416989
1.5708  5.02655  1.25664  0.241842  -0.377956
2.19911  5.02655  1.25664  0.15231  -0.321467
2.82743  5.02655  1.25664  0.103874  -0.274463
4.08407  5.02655  1.25664  0.0568899  -0.209165
7.22566  5.02655  1.25664  0.0208273  -0.129018
14.7655  5.02655  1.25664  0.00543502  -0.0662758
-16.6504  5.02655  1.88496  -9.18694e-09  0.0593338
-7.22566  5.02655  1.88496  -7.40344e-08  0.132383
-5.34071  5.02655  1.88496  -2.76221e-08  0.175524
-4.08407  5.02655  1.88496  -1.33916e-07  0.224639
-2.82743  5.02655  1.88496  -3.71467e-07  0.313718
-2.19911  5.02655  1.88496  -6.03789e-07  0.393448
-1.5708  5.02655  1.88496  -1.1629e-06  0.532124
-0.942478  5.02655  1.88496  -3.10207e-06  0.839604
-0.314159  5.02655  1.88496  -2.30066e-05  2.14567
0.314159  5.02655  1.88496  -2.16975e-05  -2.14558
0.942478  5.02655  1.88496  -2.84886e-06  -0.839592
1.5708  5.02655  1.88496  -1.04591e-06  -0.532119
2.19911  5.02655  1.88496  -5.2802e-07  -0.393445
2.82743  5.02655  1.88496  -3.11304e-07  -0.313716
4.08407  5.02655  1.88496  -1.34273e-07  -0.224638
7.22566  5.02655  1.88496  -4.71011e-08  -0.132383
14.7655  5.02655  1.88496  -9.022e-09  -0.0667216
-16.6504  5.02655  2.51327  -0.0034919  0.0591277
-7.22566  5.02655  2.51327  -0.0170012  0.130165
-5.34071  5.02655  2.51327  -0.0294016  0.170455
-4.08407  5.02655  2.51327  -0.0471339  0.21426
-2.82743  5.02655  2.51327  -0.0877129  0.286791
-2.19911  5.02655  2.51327  -0.131193  0.342986
-1.5708  5.02655  2.51327  -0.21642  0.419734
-0.942478  5.02655  2.51327  -0.409697  0.505295
-0.314159  5.02655  2.51327  -0.847139  0.398416
0.314159  5.02655  2.51327  -0.847125  -0.398428
0.942478  5.02655  2.51327  -0.409689  -0.505294
1.5708  5.02655  2.51327  -0.216417  -0.419732
2.19911  5.02655  2.51327  -0.131191  -0.342985
2.82743  5.02655  2.51327  -0.087712  -0.28679
4.08407  5.02655  2.51327  -0.0471336  -0.214259
7.22566  5.02655  2.51327  -0.0170011  -0.130165
14.7655  5.02655  2.51327  -0.00440745  -0.0664294
-16.6504  5.02655  3.14159  -0.00481052  0.0589414
-7.22566  5.02655  3.14159  -0.0231426  0.128209
-5.34071  5.02655  3.14159  -0.0395918  0.166089
-4.08407  5.02655  3.14159  -0.0625089  0.205621
-2.82743  5.02655  3.14159  -0.112434  0.266058
-2.19911  5.02655  3.14159  -0.162366  0.307255
-1.5708  5.02655  3.14159  -0.250979  0.352354
-0.942478  5.02655  3.14159  -0.416292  0.371251
-0.314159  5.02655  3.14159  -0.670983  0.22804
0.314159  5.02655  3.14159  -0.670977  -0.228049
0.942478  5.02655  3.14159  -0.416286  -0.371252
1.5708  5.02655  3.14159  -0.250976  -0.352353
2.19911  5.02655  3.14159  -0.162364  -0.307254
2.82743  5.02655  3.14159  -0.112432  -0.266057
4.08407  5.02655  3.14159  -0.0625084  -0.20562
7.22566  5.02655  3.14159  -0.0231425  -0.128209
14.7655  5.02655  3.14159  -0.00606683  -0.0661656
-16.6504  5.02655  3.76991  -0.0034919  0.0591277
-7.22566  5.02655  3.76991  -0.0170012  0.130165
-5.34071  5.02655  3.76991  -0.0294016  0.170455
-4.08407  5.02655  3.76991  -0.0471339  0.21426
-2.82743  5.02655  3.76991  -0.0877129  0.286791
-2.19911  5.02655  3.76991  -0.131193  0.342986
-1.5708  5.02655  3.76991  -0.21642  0.419734
-0.942478  5.02655  3.76991  -0.409697  0.505295
-0.314159  5.02655  3.76991  -0.847139  0.398416
0.314159  5.02655  3.76991  -0.847125  -0.398428
0.942478  5.02655  3.76991  -0.409689  -0.505294
1.5708  5.02655  3.76991  -0.216417  -0.419732
2.19911  5.02655  3.76991  -0.131191  -0.342985
2.82743  5.02655  3.76991  -0.087712  -0.28679
4.08407  5.02655  3.76991  -0.0471336  -0.214259
7.22566  5.02655  3.76991  -0.0170011  -0.130165
14.7655  5.02655  3.76991  -0.00440745  -0.0664294
-16.6504  5.02655  4.39823  -9.18694e-09  0.0593338
-7.22566  5.02655  4.39823  -7.40344e-08  0.132383
-5.34071  5.02655  4.39823  -2.76222e-08  0.175524
-4.08407  5.02655  4.39823  -1.33916e-07  0.224639
-2.82743  5.02655  4.39823  -3.71467e-07  0.313718
-2.19911  5.02655  4.39823  -6.03789e-07  0.393448
-1.5708  5.02655  4.39823  -1.1629e-06  0.532124
-0.942478  5.02655  4.39823  -3.10207e-06  0.839604
-0.314159  5.02655  4.39823  -2.30066e-05  2.14567
0.314159  5.02655  4.39823  -2.16975e-05  -2.14558
0.942478  5.02655  4.39823  -2.84886e-06  -0.839592
1.5708  5.02655  4.39823  -1.04591e-06  -0.532119
2.19911  5.02655  4.39823  -5.2802e-07  -0.393445
2.82743  5.02655  4.39823  -3.11304e-07  -0.313716
4.08407  5.02655  4.39823  -1.34273e-07  -0.224638
7.22566  5.02655  4.39823  -4.71011e-08  -0.132383
14.7655  5.02655  4.39823  -9.022e-09  -0.0667216
-16.6504  5.02655  5.02655  0.00430811  0.0590193
-7.22566  5.02655  5.02655  0.0208274  0.129018
-5.34071  5.02655  5.02655  0.0357948  0.167887
-4.08407  5.02655  5.02655  0.0568902  0.209165
-2.82743  5.02655  5.02655  0.103874  0.274464
-2.19911  5.02655  5.02655  0.152311  0.321468
-1.5708  5.02655  5.02655  0.241844  0.377957
-0.942478  5.02655  5.02655  0.421069  0.416989
-0.314159  5.02655  5.02655  0.73195  0.274557
0.314159  5.02655  5.02655  0.731943  -0.274565
0.942478  5.02655  5.02655  0.421064  -0.416989
1.5708  5.02655  5.02655  0.241842  -0.377956
2.19911  5.02655  5.02655  0.15231  -0.321467
2.82743  5.02655  5.02655  0.103874  -0.274463
4.08407  5.02655  5.02655  0.0568899  -0.209165
7.22566  5.02655  5.02655  0.0208273  -0.129018
14.7655  5.02655  5.02655  0.00543502  -0.0662758
-16.6504  5.02655  5.65487  0.00770064  0.0583169
-7.22566  5.02655  5.65487  0.0356205  0.121976
-5.34071  5.02655  5.65487  0.0589307  0.152783
-4.08407  5.02655  5.65487  0.0889934  0.180837
-2.82743  5.02655  5.65487  0.146313  0.213573
-2.19911  5.02655  5.65487  0.194617  0.226784
-1.5708  5.02655  5.65487  0.263818  0.227294
-0.942478  5.02655  5.65487  0.355334  0.193086
-0.314159  5.02655  5.65487  0.44227  0.0900452
0.314159  5.02655  5.65487  0.442269  -0.090048
0.942478  5.02655  5.65487  0.355332  -0.193087
1.5708  5.02655  5.65487  0.263817  -0.227294
2.19911  5.02655  5.65487  0.194616  -0.226784
2.82743  5.02655  5.65487  0.146312  -0.213573
4.08407  5.02655  5.65487  0.0889931  -0.180837
7.22566  5.02655  5.65487  0.0356204  -0.121976
14.7655  5.02655  5.65487  0.00968494  -0.0652847
-16.6504  5.02655  6.28319  0.00895914  0.0579486
-7.22566  5.02655  6.28319  0.0405245  0.118521
-5.34071  5.02655  6.28319  0.0658364  0.145778
-4.08407  5.02655  6.28319  0.0971735  0.168635
-2.82743  5.02655  6.28319  0.153178  0.19092
-2.19911  5.02655  6.28319  0.196922  0.195892
-1.5708  5.02655  6.28319  0.254717  0.187253
-0.942478  5.02655  6.28319  0.32346  0.14979
-0.314159  5.02655  6.28319  0.382061  0.064858
0.314159  5.02655  6.28319  0.382061  -0.0648599
0.942478  5.02655  6.28319  0.323459  -0.149791
1.5708  5.02655  6.28319  0.254716  -0.187253
2.19911  5.02655  6.28319  0.196921  -0.195892
2.82743  5.02655  6.28319  0.153178  -0.190919
4.08407  5.02655  6.28319  0.0971732  -0.168634
7.22566  5.02655  6.28319  0.0405244  -0.118521
14.7655  5.02655  6.28319  0.0112495  -0.0647675
-16.6504  5.65487  0  0.0121231  0.0567435
-7.22566  5.65487  0  0.0511279  0.108214
-5.34071  5.65487  0  0.0788301  0.1263
-4.08407  5.65487  0  0.109482  0.137421
-2.82743  5.65487  0  0.156163  0.140607
-2.19911  5.65487  0  0.186884  0.134103
-1.5708  5.65487  0  0.221466  0.117114
-0.942478  5.65487  0  0.255558  0.0846424
-0.314159  5.65487  0  0.279541  0.0340499
0.314159  5.65487  0  0.279541  -0.0340507
0.942478  5.65487  0  0.255558  -0.084643
1.5708  5.65487  0  0.221465  -0.117114
2.19911  5.65487  0  0.186884  -0.134103
2.82743  5.65487  0  0.156163  -0.140607
4.08407  5.65487  0  0.109482  -0.137421
7.22566  5.65487  0  0.0511278  -0.108214
14.7655  5.65487  0  0.0151421  -0.0630867
-16.6504  5.65487  0.628319  0.0109389  0.0572432
-7.22566  5.65487  0.628319  0.0474638  0.112314
-5.34071  5.65487  0.628319  0.0746959  0.133806
-4.08407  5.65487  0.628319  0.10616  0.149004
-2.82743  5.65487  0.628319  0.156983  0.158117
-2.19911  5.65487  0.628319  0.192511  0.154607
-1.5708  5.65487  0.628319  0.234674  0.139032
-0.942478  5.65487  0.628319  0.27874  0.103677
-0.314159  5.65487  0.628319  0.311709  0.0422409
0.314159  5.65487  0.628319  0.311708  -0.0422421
0.942478  5.65487  0.628319  0.278739  -0.103678
1.5708  5.65487  0.628319  0.234673  -0.139032
2.19911  5.65487  0.628319  0.19251  -0.154607
2.82743  5.65487  0.628319  0.156983  -0.158117
4.08407  5.65487  0.628319  0.10616  -0.149004
7.22566  5.65487  0.628319  0.0474637  -0.112314
14.7655  5.65487  0.628319  0.0136928  -0.0637816
-16.6504  5.65487  1.25664  0.00770064  0.0583169
-7.22566  5.65487  1.25664  0.0356205  0.121976
-5.34071  5.65487  1.25664  0.0589307  0.152783
-4.08407  5.65487  1.25664  0.0889934  0.180837
-2.82743  5.65487  1.25664  0.146313  0.213573
-2.19911  5.65487  1.25664  0.194617  0.226784
-1.5708  5.65487  1.25664  0.263818  0.227294
-0.942478  5.65487  1.25664  0.355334  0.193086
-0.314159  5.65487  1.25664  0.44227  0.0900452
0.314159  5.65487  1.25664  0.442269  -0.090048
0.942478  5.65487  1.25664  0.355332  -0.193087
1.5708  5.65487  1.25664  0.263817  -0.227294
2.19911  5.65487  1.25664  0.194616  -0.226784
2.82743  5.65487  1.25664  0.146312  -0.213573
4.08407  5.65487  1.25664  0.0889931  -0.180837
7.22566  5.65487  1.25664  0.0356204  -0.121976
14.7655  5.65487  1.25664  0.00968494  -0.0652847
-16.6504  5.65487  1.88496  0.00349188  0.0591277
-7.22566  5.65487  1.88496  0.0170011  0.130165
-5.34071  5.65487  1.88496  0.0294015  0.170455
-4.08407  5.65487  1.88496  0.0471337  0.21426
-2.82743  5.65487  1.88496  0.0877122  0.286791
-2.19911  5.65487  1.88496  0.131192  0.342987
-1.5708  5.65487  1.88496  0.216419  0.419735
-0.942478  5.65487  1.88496  0.409696  0.505299
-0.314159  5.65487  1.88496  0.847143  0.398424
0.314159  5.65487  1.88496  0.847131  -0.398434
0.942478  5.65487  1.88496  0.409689  -0.505297
1.5708  5.65487  1.88496  0.216416  -0.419733
2.19911  5.65487  1.88496  0.131191  -0.342985
2.82743  5.65487  1.88496  0.0877116  -0.28679
4.08407  5.65487  1.88496  0.0471334  -0.21426
7.22566  5.65487  1.88496  0.0170011  -0.130165
14.7655  5.65487  1.88496  0.00440744  -0.0664294
-16.6504  5.65487  2.51327  -9.19763e-09  0.0593342
-7.22566  5.65487  2.51327  -7.294e-08  0.132392
-5.34071  5.65487  2.51327  -2.57822e-08  0.175538
-4.08407  5.65487  2.51327  -1.3364e-07  0.224629
-2.82743  5.65487  2.51327  -3.71194e-07  0.313476
-2.19911  5.65487  2.51327  -6.04522e-07  0.392695
-1.5708  5.65487  2.51327  -1.16874e-06  0.529724
-0.942478  5.65487  2.51327  -3.12126e-06  0.830779
-0.314159  5.65487  2.51327  -2.26702e-05  2.09379
0.314159  5.65487  2.51327  -2.08472e-05  -2.09371
0.942478  5.65487  2.51327  -2.78517e-06  -0.830767
1.5708  5.65487  2.51327  -1.02614e-06  -0.52972
2.19911  5.65487  2.51327  -5.17891e-07  -0.392693
2.82743  5.65487  2.51327  -3.02998e-07  -0.313474
4.08407  5.65487  2.51327  -1.33294e-07  -0.224628
7.22566  5.65487  2.51327  -4.70918e-08  -0.132392
14.7655  5.65487  2.51327  -8.99876e-09  -0.0667222
-16.6504  5.65487  3.14159  -0.00133785  0.0593041
-7.22566  5.65487  3.14159  -0.00658963  0.132066
-5.34071  5.65487  3.14159  -0.0115154  0.174784
-4.08407  5.65487  3.14159  -0.0187342  0.223056
-2.82743  5.65487  3.14159  -0.0360546  0.309218
-2.19911  5.65487  3.14159  -0.055946  0.384357
-1.5708  5.65487  3.14159  -0.0995822  0.509501
-0.942478  5.65487  3.14159  -0.230348  0.756901
-0.314159  5.65487  3.14159  -1.01015  1.31626
0.314159  5.65487  3.14159  -1.01009  -1.31625
0.942478  5.65487  3.14159  -0.230341  -0.756892
1.5708  5.65487  3.14159  -0.0995803  -0.509497
2.19911  5.65487  3.14159  -0.0559453  -0.384355
2.82743  5.65487  3.14159  -0.0360542  -0.309217
4.08407  5.65487  3.14159  -0.0187341  -0.223056
7.22566  5.65487  3.14159  -0.00658957  -0.132066
14.7655  5.65487  3.14159  -0.00168996  -0.0666795
-16.6504  5.65487  3.76991  -9.19763e-09  0.0593342
-7.22566  5.65487  3.76991  -7.294e-08  0.132392
-5.34071  5.65487  3.76991  -2.57822e-08  0.175538
-4.08407  5.65487  3.76991  -1.3364e-07  0.224629
-2.82743  5.65487  3.76991  -3.71194e-07  0.313476
-2.19911  5.65487  3.76991  -6.04522e-07  0.392695
-1.5708  5.65487  3.76991  -1.16874e-06  0.529724
-0.942478  5.65487  3.76991  -3.12126e-06  0.830779
-0.314159  5.65487  3.76991  -2.26702e-05  2.09379
0.314159  5.65487  3.76991  -2.08472e-05  -2.09371
0.942478  5.65487  3.76991  -2.78517e-06  -0.830767
1.5708  5.65487  3.76991  -1.02614e-06  -0.52972
2.19911  5.65487  3.76991  -5.17891e-07  -0.392693
2.82743  5.65487  3.76991  -3.02998e-07  -0.313474
4.08407  5.65487  3.76991  -1.33294e-07  -0.224628
7.22566  5.65487  3.76991  -4.70918e-08  -0.132392
14.7655  5.65487  3.76991  -8.99876e-09  -0.0667222
-16.6504  5.65487  4.39823  0.00349188  0.0591277
-7.22566  5.65487  4.39823  0.0170011  0.130165
-5.34071  5.65487  4.39823  0.0294015  0.170455
-4.08407  5.65487  4.39823  0.0471337  0.21426
-2.82743  5.65487  4.39823  0.0877122  0.286791
-2.19911  5.65487  4.39823  0.131192  0.342987
-1.5708  5.65487  4.39823  0.216419  0.419735
-0.942478  5.65487  4.39823  0.409696  0.505299
-0.314159  5.65487  4.39823  0.847143  0.398424
0.314159  5.65487  4.39823  0.847131  -0.398434
0.942478  5.65487  4.39823  0.409689  -0.505297
1.5708  5.65487  4.39823  0.216416  -0.419733
2.19911  5.65487  4.39823  0.131191  -0.342985
2.82743  5.65487  4.39823  0.0877116  -0.28679
4.08407  5.65487  4.39823  0.0471334  -0.21426
7.22566  5.65487  4.39823  0.0170011  -0.130165
14.7655  5.65487  4.39823  0.00440744  -0.0664294
-16.6504  5.65487  5.02655  0.00770064  0.0583169
-7.22566  5.65487  5.02655  0.0356205  0.121976
-5.34071  5.65487  5.02655  0.0589307  0.152783
-4.08407  5.65487  5.02655  0.0889934  0.180837
-2.82743  5.65487  5.02655  0.146313  0.213573
-2.19911  5.65487  5.02655  0.194617  0.226784
-1.5708  5.65487  5.02655  0.263818  0.227294
-0.942478  5.65487  5.02655  0.355334  0.193086
-0.314159  5.65487  5.02655  0.44227  0.0900452
0.314159  5.65487  5.02655  0.442269  -0.090048
0.942478  5.65487  5.02655  0.355332  -0.193087
1.5708  5.65487  5.02655  0.263817  -0.227294
2.19911  5.65487  5.02655  0.194616  -0.226784
2.82743  5.65487  5.02655  0.146312  -0.213573
4.08407  5.65487  5.02655  0.0889931  -0.180837
7.22566  5.65487  5.02655  0.0356204  -0.121976
14.7655  5.65487  5.02655  0.00968494  -0.0652847
-16.6504  5.65487  5.65487  0.0109389  0.0572432
-7.22566  5.65487  5.65487  0.0474638  0.112314
-5.34071  5.65487  5.65487  0.0746959  0.133806
-4.08407  5.65487  5.65487  0.10616  0.149004
-2.82743  5.65487  5.65487  0.156983  0.158117
-2.19911  5.65487  5.65487  0.192511  0.154607
-1.5708  5.65487  5.65487  0.234674  0.139032
-0.942478  5.65487  5.65487  0.27874  0.103677
-0.314159  5.65487  5.65487  0.311709  0.0422409
0.314159  5.65487  5.65487  0.311708  -0.0422421
0.942478  5.65487  5.65487  0.278739  -0.103678
1.5708  5.65487  5.65487  0.234673  -0.139032
2.19911  5.65487  5.65487  0.19251  -0.154607
2.82743  5.65487  5.65487  0.156983  -0.158117
4.08407  5.65487  5.65487  0.10616  -0.149004
7.22566  5.65487  5.65487  0.0474637  -0.112314
14.7655  5.65487  5.65487  0.0136928  -0.0637816
-16.6504  5.65487  6.28319  0.0121231  0.0567435
-7.22566  5.65487  6.28319  0.0511279  0.108214
-5.34071  5.65487  6.28319  0.0788301  0.1263
-4.08407  5.65487  6.28319  0.109482  0.137421
-2.82743  5.65487  6.28319  0.156163  0.140607
-2.19911  5.65487  6.28319  0.186884  0.134103
-1.5708  5.65487  6.28319  0.221466  0.117114
-0.942478  5.65487  6.28319  0.255558  0.0846424
-0.314159  5.65487  6.28319  0.279541  0.0340499
0.314159  5.65487  6.28319  0.279541  -0.0340507
0.942478  5.65487  6.28319  0.255558  -0.084643
1.5708  5.65487  6.28319  0.221465  -0.117114
2.19911  5.65487  6.28319  0.186884  -0.134103
2.82743  5.65487  6.28319  0.156163  -0.140607
4.08407  5.65487  6.28319  0.109482  -0.137421
7.22566  5.65487  6.28319  0.0511278  -0.108214
14.7655  5.65487  6.28319  0.0151421  -0.0630867
-16.6504  6.28319  0  0.0132739  0.0561982
-7.22566  6.28319  0  0.0543196  0.103995
-5.34071  6.28319  0  0.0820386  0.118888
-4.08407  6.28319  0  0.111429  0.12649
-2.82743  6.28319  0  0.153798  0.12518
-2.19911  6.28319  0  0.180212  0.116844
-1.5708  6.28319  0  0.208632  0.0996146
-0.942478  6.28319  0  0.235337  0.0703121
-0.314159  6.28319  0  0.25345  0.0274288
0.314159  6.28319  0  0.25345  -0.0274294
0.942478  6.28319  0  0.235337  -0.0703126
1.5708  6.28319  0  0.208632  -0.0996149
2.19911  6.28319  0  0.180212  -0.116844
2.82743  6.28319  0  0.153797  -0.12518
4.08407  6.28319  0  0.111429  -0.12649
7.22566  6.28319  0  0.0543195  -0.103995
14.7655  6.28319  0  0.01654  -0.0623321
-16.6504  6.28319  0.628319  0.0121231  0.0567435
-7.22566  6.28319  0.628319  0.0511279  0.108214
-5.34071  6.28319  0.628319  0.0788301  0.1263
-4.08407  6.28319  0.628319  0.109482  0.137421
-2.82743  6.28319  0.628319  0.156163  0.140607
-2.19911  6.28319  0.628319  0.186884  0.134103
-1.5708  6.28319  0.628319  0.221466  0.117114
-0.942478  6.28319  0.628319  0.255558  0.0846424
-0.314159  6.28319  0.628319  0.279541  0.0340499
0.314159  6.28319  0.628319  0.279541  -0.0340507
0.942478  6.28319  0.628319  0.255558  -0.084643
1.5708  6.28319  0.628319  0.221465  -0.117114
2.19911  6.28319  0.628319  0.186884  -0.134103
2.82743  6.28319  0.628319  0.156163  -0.140607
4.08407  6.28319  0.628319  0.109482  -0.137421
7.22566  6.28319  0.628319  0.0511278  -0.108214
14.7655  6.28319  0.628319  0.0151421  -0.0630867
-16.6504  6.28319  1.25664  0.00895914  0.0579486
-7.22566  6.28319  1.25664  0.0405245  0.118521
-5.34071  6.28319  1.25664  0.0658364  0.145778
-4.08407  6.28319  1.25664  0.0971735  0.168635
-2.82743  6.28319  1.25664  0.153178  0.19092
-2.19911  6.28319  1.25664  0.196922  0.195892
-1.5708  6.28319  1.25664  0.254717  0.187253
-0.942478  6.28319  1.25664  0.32346  0.14979
-0.314159  6.28319  1.25664  0.382061  0.064858
0.314159  6.28319  1.25664  0.382061  -0.0648599
0.942478  6.28319  1.25664  0.323459  -0.149791
1.5708  6.28319  1.25664  0.254716  -0.187253
2.19911  6.28319  1.25664  0.196921  -0.195892
2.82743  6.28319  1.25664  0.153178  -0.190919
4.08407  6.28319  1.25664  0.0971732  -0.168634
7.22566  6.28319  1.25664  0.0405244  -0.118521
14.7655  6.28319  1.25664  0.0112495  -0.0647675
-16.6504  6.28319  1.88496  0.0048105  0.0589414
-7.22566  6.28319  1.88496  0.0231425  0.128209
-5.34071  6.28319  1.88496  0.0395917  0.166089
-4.08407  6.28319  1.88496  0.0625086  0.205621
-2.82743  6.28319  1.88496  0.112433  0.266059
-2.19911  6.28319  1.88496  0.162365  0.307256
-1.5708  6.28319  1.88496  0.250978  0.352356
-0.942478  6.28319  1.88496  0.416292  0.371254
-0.314159  6.28319  1.88496  0.670986  0.228045
0.314159  6.28319  1.88496  0.670981  -0.228051
0.942478  6.28319  1.88496  0.416287  -0.371254
1.5708  6.28319  1.88496  0.250976  -0.352355
2.19911  6.28319  1.88496  0.162364  -0.307255
2.82743  6.28319  1.88496  0.112432  -0.266058
4.08407  6.28319  1.88496  0.0625083  -0.20562
7.22566  6.28319  1.88496  0.0231424  -0.128209
14.7655  6.28319  1.88496  0.00606682  -0.0661656
-16.6504  6.28319  2.51327  0.00133783  0.0593041
-7.22566  6.28319  2.51327  0.00658948  0.132066
-5.34071  6.28319  2.51327  0.0115153  0.174784
-4.08407  6.28319  2.51327  0.0187339  0.223056
-2.82743  6.28319  2.51327  0.0360539  0.309218
-2.19911  6.28319  2.51327  0.0559449  0.384358
-1.5708  6.28319  2.51327  0.09958  0.509502
-0.942478  6.28319  2.51327  0.230343  0.756904
-0.314159  6.28319  2.51327  1.01014  1.31629
0.314159  6.28319  2.51327  1.01009  -1.31627
0.942478  6.28319  2.51327  0.230337  -0.756895
1.5708  6.28319  2.51327  0.0995786  -0.509498
2.19911  6.28319  2.51327  0.0559443  -0.384355
2.82743  6.28319  2.51327  0.0360537  -0.309217
4.08407  6.28319  2.51327  0.0187338  -0.223056
7.22566  6.28319  2.51327  0.00658948  -0.132066
14.7655  6.28319  2.51327  0.00168995  -0.0666795
-16.6504  6.28319  3.14159  -9.19945e-09  0.0593344
-7.22566  6.28319  3.14159  -7.23271e-08  0.132398
-5.34071  6.28319  3.14159  -2.45581e-08  0.175549
-4.08407  6.28319  3.14159  -1.32669e-07  0.224635
-2.82743  6.28319  3.14159  -3.68103e-07  0.313384
-2.19911  6.28319  3.14159  -5.98039e-07  0.392343
-1.5708  6.28319  3.14159  -1.15309e-06  0.528348
-0.942478  6.28319  3.14159  -3.06432e-06  0.823713
-0.314159  6.28319  3.14159  -2.13665e-05  1.9974
0.314159  6.28319  3.14159  -1.95971e-05  -1.99732
0.942478  6.28319  3.14159  -2.7257e-06  -0.823701
1.5708  6.28319  3.14159  -1.01043e-06  -0.528343
2.19911  6.28319  3.14159  -5.10715e-07  -0.39234
2.82743  6.28319  3.14159  -2.97907e-07  -0.313382
4.08407  6.28319  3.14159  -1.3316e-07  -0.224635
7.22566  6.28319  3.14159  -4.71243e-08  -0.132398
14.7655  6.28319  3.14159  -8.96878e-09  -0.0667225
-16.6504  6.28319  3.76991  0.00133783  0.0593041
-7.22566  6.28319  3.76991  0.00658948  0.132066
-5.34071  6.28319  3.76991  0.0115153  0.174784
-4.08407  6.28319  3.76991  0.0187339  0.223056
-2.82743  6.28319  3.76991  0.0360539  0.309218
-2.19911  6.28319  3.76991  0.0559449  0.384358
-1.5708  6.28319  3.76991  0.09958  0.509502
-0.942478  6.28319  3.76991  0.230343  0.756904
-0.314159  6.28319  3.76991  1.01014  1.31629
0.314159  6.28319  3.76991  1.01009  -1.31627
0.942478  6.28319  3.76991  0.230337  -0.756895
1.5708  6.28319  3.76991  0.0995786  -0.509498
2.19911  6.28319  3.76991  0.0559443  -0.384355
2.82743  6.28319  3.76991  0.0360537  -0.309217
4.08407  6.28319  3.76991  0.0187338  -0.223056
7.22566  6.28319  3.76991  0.00658948  -0.132066
14.7655  6.28319  3.76991  0.00168995  -0.0666795
-16.6504  6.28319  4.39823  0.0048105  0.0589414
-7.22566  6.28319  4.39823  0.0231425  0.128209
-5.34071  6.28319  4.39823  0.0395917  0.166089
-4.08407  6.28319  4.39823  0.0625086  0.205621
-2.82743  6.28319  4.39823  0.112433  0.266059
-2.19911  6.28319  4.39823  0.162365  0.307256
-1.5708  6.28319  4.39823  0.250978  0.352356
-0.942478  6.28319  4.39823  0.416292  0.371254
-0.314159  6.28319  4.39823  0.670986  0.228045
0.314159  6.28319  4.39823  0.670981  -0.228051
0.942478  6.28319  4.39823  0.416287  -0.371254
1.5708  6.28319  4.39823  0.250976  -0.352355
2.19911  6.28319  4.39823  0.162364  -0.307255
2.82743  6.28319  4.39823  0.112432  -0.266058
4.08407  6.28319  4.39823  0.0625083  -0.20562
7.22566  6.28319  4.39823  0.0231424  -0.128209
14.7655  6.28319  4.39823  0.00606682  -0.0661656
-16.6504  6.28319  5.02655  0.00895914  0.0579486
-7.22566  6.28319  5.02655  0.0405245  0.118521
-5.34071  6.28319  5.02655  0.0658364  0.145778
-4.08407  6.28319  5.02655  0.0971735  0.168635
-2.82743  6.28319  5.02655  0.153178  0.19092
-2.19911  6.28319  5.02655  0.196922  0.195892
-1.5708  6.28319  5.02655  0.254717  0.187253
-0.942478  6.28319  5.02655  0.32346  0.14979
-0.314159  6.28319  5.02655  0.382061  0.064858
0.314159  6.28319  5.02655  0.382061  -0.0648599
0.942478  6.28319  5.02655  0.323459  -0.149791
1.5708  6.28319  5.02655  0.254716  -0.187253
2.19911  6.28319  5.02655  0.196921  -0.195892
2.82743  6.28319  5.02655  0.153178  -0.190919
4.08407  6.28319  5.02655  0.0971732  -0.168634
7.22566  6.28319  5.02655  0.0405244  -0.118521
14.7655  6.28319  5.02655  0.0112495  -0.0647675
-16.6504  6.28319  5.65487  0.0121231  0.0567435
-7.22566  6.28319  5.65487  0.0511279  0.108214
-5.34071  6.28319  5.65487  0.0788301  0.1263
-4.08407  6.28319  5.65487  0.109482  0.137421
-2.82743  6.28319  5.65487  0.156163  0.140607
-2.19911  6.28319  5.65487  0.186884  0.134103
-1.5708  6.28319  5.65487  0.221466  0.117114
-0.942478  6.28319  5.65487  0.255558  0.0846424
-0.314159  6.28319  5.65487  0.279541  0.0340499
0.314159  6.28319  5.65487  0.279541  -0.0340507
0.942478  6.28319  5.65487  0.255558  -0.084643
1.5708  6.28319  5.65487  0.221465  -0.117114
2.19911  6.28319  5.65487  0.186884  -0.134103
2.82743  6.28319  5.65487  0.156163  -0.140607
4.08407  6.28319  5.65487  0.109482  -0.137421
7.22566  6.28319  5.65487  0.0511278  -0.108214
14.7655  6.28319  5.65487  0.0151421  -0.0630867
-16.6504  6.28319  6.28319  0.0132739  0.0561982
-7.22566  6.28319  6.28319  0.0543196  0.103995
-5.34071  6.28319  6.28319  0.0820386  0.118888
-4.08407  6.28319  6.28319  0.111429  0.12649
-2.82743  6.28319  6.28319  0.153798  0.12518
-2.19911  6.28319  6.28319  0.180212  0.116844
-1.5708  6.28319  6.28319  0.208632  0.0996146
-0.942478  6.28319  6.28319  0.235337  0.0703121
-0.314159  6.28319  6.28319  0.25345  0.0274288
0.314159  6.28319  6.28319  0.25345  -0.0274294
0.942478  6.28319  6.28319  0.235337  -0.0703126
1.5708  6.28319  6.28319  0.208632  -0.0996149
2.19911  6.28319  6.28319  0.180212  -0.116844
2.82743  6.28319  6.28319  0.153797  -0.12518
4.08407  6.28319  6.28319  0.111429  -0.12649
7.22566  6.28319  6.28319  0.0543195  -0.103995
14.7655  6.28319  6.28319  0.01654  -0.0623321
